Seed;RMSE History;MMD History;Log-Likelihood History;Max EIG History;Deployment Time
50;[3.5963945388793945, 3.7023613452911377, 3.649083137512207, 3.5739409923553467, 3.420459747314453, 3.3683876991271973];[0.2673826813697815, 0.2762818932533264, 0.2847170829772949, 0.2624170184135437, 0.22735585272312164, 0.2581304609775543];[-2.60251522064209, -2.66148042678833, -2.698845624923706, -2.649975061416626, -2.515347480773926, -2.6340904235839844];[1.4264227151870728, 1.4240007400512695, 1.3838284015655518, 1.3723362684249878, 1.3968204259872437];370.78530502319336
50;[4.426402568817139, 4.617347717285156, 4.5883564949035645, 4.519740581512451, 4.382308006286621, 4.287642955780029];[0.21169903874397278, 0.228629931807518, 0.23903363943099976, 0.22794100642204285, 0.18443569540977478, 0.21453458070755005];[-3.230581521987915, -3.2808480262756348, -3.433457136154175, -3.296947956085205, -3.1657891273498535, -3.3346469402313232];[1.4264227151870728, 1.4104273319244385, 1.3417904376983643, 1.3660269975662231, 1.3587491512298584];371.47479724884033
100;[3.735288619995117, 3.705674409866333, 3.6894421577453613, 3.7659974098205566, 3.7867443561553955, 3.571758985519409];[0.257673442363739, 0.29204005002975464, 0.2942207157611847, 0.3068685233592987, 0.32017603516578674, 0.27662205696105957];[-2.5990281105041504, -2.7622454166412354, -2.7180233001708984, -2.7613823413848877, -2.8309271335601807, -2.6498656272888184];[1.3921425342559814, 1.352184534072876, 1.3540617227554321, 1.4591822624206543, 1.3962894678115845];380.3710460662842
100;[4.835776329040527, 4.678262710571289, 4.631842613220215, 4.686800956726074, 4.7140116691589355, 4.53060245513916];[0.19413888454437256, 0.23901452124118805, 0.2290821522474289, 0.2447904348373413, 0.2594330608844757, 0.21256522834300995];[-3.375126838684082, -3.434427261352539, -3.4595155715942383, -3.4298598766326904, -3.5182974338531494, -3.405600070953369];[1.3921425342559814, 1.3522741794586182, 1.381424069404602, 1.4134188890457153, 1.3993029594421387];368.92379927635193
150;[3.5757877826690674, 3.6209206581115723, 3.636955499649048, 3.4793550968170166, 3.473036766052246, 3.5155465602874756];[0.25986701250076294, 0.2370184063911438, 0.24367161095142365, 0.22882086038589478, 0.2221112996339798, 0.23393245041370392];[-2.5824029445648193, -2.4894587993621826, -2.4927382469177246, -2.450235605239868, -2.440640449523926, -2.4841270446777344];[1.4685475826263428, 1.4702688455581665, 1.4597458839416504, 1.5418254137039185, 1.4100255966186523];365.84431171417236
150;[4.472259998321533, 4.5444231033325195, 4.543121814727783, 4.41327428817749, 4.493167877197266, 4.4812421798706055];[0.20966465771198273, 0.17612528800964355, 0.1894920915365219, 0.1659172624349594, 0.14511381089687347, 0.14797170460224152];[-3.1632049083709717, -3.1087470054626465, -3.071021556854248, -3.1644952297210693, -3.1542201042175293, -3.2049291133880615];[1.4685475826263428, 1.4687515497207642, 1.4767372608184814, 1.4753702878952026, 1.4414966106414795];368.66396927833557
200;[3.6300575733184814, 3.826448678970337, 3.8335378170013428, 3.902862071990967, 3.826934337615967, 3.9801743030548096];[0.26128193736076355, 0.3010563850402832, 0.3062792420387268, 0.33362171053886414, 0.32067736983299255, 0.3706513047218323];[-2.5926427841186523, -2.7039060592651367, -2.8247406482696533, -2.9355690479278564, -2.830089807510376, -3.0958633422851562];[1.4078642129898071, 1.4069575071334839, 1.3709269762039185, 1.4894158840179443, 1.4535654783248901];366.079124212265
200;[4.565479278564453, 4.7404351234436035, 4.730917930603027, 4.792545318603516, 4.658624649047852, 4.879195690155029];[0.20539163053035736, 0.24638116359710693, 0.25561773777008057, 0.28651970624923706, 0.27664318680763245, 0.30657958984375];[-3.2673463821411133, -3.396028995513916, -3.5078837871551514, -3.596172332763672, -3.4405884742736816, -3.698352336883545];[1.4078642129898071, 1.4124927520751953, 1.3753525018692017, 1.4733352661132812, 1.4668657779693604];370.5309166908264
250;[3.6311590671539307, 3.859894275665283, 3.7333996295928955, 3.8810617923736572, 3.9535908699035645, 3.827031135559082];[0.2639690935611725, 0.3262039124965668, 0.3182104229927063, 0.31956011056900024, 0.3560395836830139, 0.3499915897846222];[-2.6001079082489014, -2.805421829223633, -2.8507978916168213, -2.7874414920806885, -2.9811646938323975, -2.955152750015259];[1.4171242713928223, 1.3630245923995972, 1.3685526847839355, 1.3954362869262695, 1.3825486898422241];367.38117480278015
250;[4.5491437911987305, 4.689781188964844, 4.6107988357543945, 4.785458564758301, 4.873080730438232, 4.700177192687988];[0.2102264165878296, 0.2770439386367798, 0.28286752104759216, 0.272455096244812, 0.3044978082180023, 0.30373838543891907];[-3.227867841720581, -3.465531826019287, -3.4449350833892822, -3.4618327617645264, -3.7083327770233154, -3.5685083866119385];[1.4171242713928223, 1.3941717147827148, 1.3763666152954102, 1.393931269645691, 1.4833228588104248];376.74224734306335
300;[3.608785390853882, 3.478445529937744, 3.5493812561035156, 3.5923192501068115, 3.615267515182495, 3.5901103019714355];[0.2620380222797394, 0.24207386374473572, 0.23256877064704895, 0.2604130804538727, 0.2692682445049286, 0.2791077196598053];[-2.5871784687042236, -2.519000291824341, -2.4884650707244873, -2.6121227741241455, -2.688291072845459, -2.731895685195923];[1.416370153427124, 1.4281833171844482, 1.4151161909103394, 1.3733830451965332, 1.3582422733306885];388.6666374206543
300;[4.553678512573242, 4.355306148529053, 4.4479827880859375, 4.431779384613037, 4.568337440490723, 4.453028678894043];[0.20786184072494507, 0.1882130205631256, 0.1653444617986679, 0.2044529765844345, 0.20777004957199097, 0.21946893632411957];[-3.237621545791626, -3.1174604892730713, -3.0875954627990723, -3.1863863468170166, -3.391906261444092, -3.3406121730804443];[1.416370153427124, 1.4318808317184448, 1.458903431892395, 1.3867875337600708, 1.3612066507339478];369.0832018852234
350;[3.5682172775268555, 3.688666820526123, 3.5574355125427246, 3.5931055545806885, 3.721072196960449, 3.4898266792297363];[0.24421259760856628, 0.25583016872406006, 0.26234257221221924, 0.25590378046035767, 0.25488683581352234, 0.2291274219751358];[-2.5504534244537354, -2.5270512104034424, -2.6042211055755615, -2.5384795665740967, -2.53708553314209, -2.4721665382385254];[1.4400101900100708, 1.4597458839416504, 1.3408427238464355, 1.4119197130203247, 1.4263675212860107];368.61384105682373
350;[4.506901741027832, 4.7240400314331055, 4.488333225250244, 4.50333833694458, 4.705572128295898, 4.335175514221191];[0.19590841233730316, 0.18412986397743225, 0.21805569529533386, 0.20041650533676147, 0.18297941982746124, 0.17043296992778778];[-3.2085630893707275, -3.31449556350708, -3.301992654800415, -3.2375221252441406, -3.2024881839752197, -3.0595531463623047];[1.4400101900100708, 1.4583375453948975, 1.4898216724395752, 1.410452961921692, 1.434873104095459];376.36480021476746
400;[3.6232104301452637, 3.6188552379608154, 3.439340353012085, 3.4271769523620605, 3.4702401161193848, 3.0496022701263428];[0.2675291895866394, 0.253603458404541, 0.23852017521858215, 0.2270575314760208, 0.24819669127464294, 0.1924433559179306];[-2.628702402114868, -2.5568687915802, -2.5318191051483154, -2.5346503257751465, -2.6262784004211426, -2.452819585800171];[1.4105747938156128, 1.4405606985092163, 1.3351718187332153, 1.363412857055664, 1.2910553216934204];363.51414585113525
400;[4.562415599822998, 4.552762508392334, 4.391003608703613, 4.41493558883667, 4.459373950958252, 3.967987298965454];[0.21526625752449036, 0.19829286634922028, 0.1797606647014618, 0.16449792683124542, 0.16913644969463348, 0.12852786481380463];[-3.2425050735473633, -3.1713457107543945, -3.1642708778381348, -3.129518985748291, -3.172668695449829, -2.929856061935425];[1.4105747938156128, 1.439505696296692, 1.3705049753189087, 1.3927472829818726, 1.3415323495864868];365.76009607315063
450;[3.7663233280181885, 3.4213643074035645, 3.6298186779022217, 3.8691883087158203, 3.633341073989868, 3.6137359142303467];[0.2668311297893524, 0.2525275647640228, 0.2993529438972473, 0.3792441785335541, 0.32116207480430603, 0.3160775899887085];[-2.5983407497406006, -2.611039876937866, -2.811600923538208, -3.1268937587738037, -2.9288318157196045, -2.85681414604187];[1.562289834022522, 1.3613722324371338, 1.3025306463241577, 1.3083758354187012, 1.294203758239746];367.45185947418213
450;[4.84308385848999, 4.332406044006348, 4.534114837646484, 4.721917629241943, 4.461000442504883, 4.374320030212402];[0.19913171231746674, 0.19956770539283752, 0.24331296980381012, 0.2966320216655731, 0.2508934736251831, 0.2451704442501068];[-3.3539881706237793, -3.2664296627044678, -3.45576548576355, -3.800880193710327, -3.51326847076416, -3.284363031387329];[1.562289834022522, 1.3711923360824585, 1.4757976531982422, 1.342654824256897, 1.2889227867126465];368.2308599948883
500;[3.508882761001587, 3.423140048980713, 3.3712258338928223, 3.3190157413482666, 3.4582724571228027, 3.236145496368408];[0.25678908824920654, 0.22909072041511536, 0.23684561252593994, 0.23003853857517242, 0.2743209898471832, 0.2600623667240143];[-2.552490711212158, -2.5206406116485596, -2.5329184532165527, -2.5093791484832764, -2.748023509979248, -2.713613748550415];[1.525174617767334, 1.333804726600647, 1.3331409692764282, 1.3507053852081299, 1.3161249160766602];375.5213234424591
500;[4.289403438568115, 4.322713375091553, 4.298597812652588, 4.162816524505615, 4.35248327255249, 4.05142879486084];[0.21325765550136566, 0.17020882666110992, 0.16363032162189484, 0.1491498202085495, 0.18984128534793854, 0.17624597251415253];[-3.0696234703063965, -3.077502965927124, -3.1949033737182617, -3.08414888381958, -3.3175485134124756, -3.336148500442505];[1.525174617767334, 1.3473258018493652, 1.3615686893463135, 1.383859634399414, 1.3572978973388672];375.80789828300476
550;[3.5074756145477295, 3.6863880157470703, 3.748769998550415, 3.711097002029419, 3.632917881011963, 3.595079183578491];[0.2489609271287918, 0.29088300466537476, 0.299456387758255, 0.27668875455856323, 0.24549639225006104, 0.23284725844860077];[-2.563462018966675, -2.6802000999450684, -2.746027946472168, -2.660944938659668, -2.5545551776885986, -2.48997163772583];[1.3570165634155273, 1.4422146081924438, 1.3630493879318237, 1.3794918060302734, 1.485113501548767];378.52872252464294
550;[4.351565837860107, 4.579998016357422, 4.686180591583252, 4.6532158851623535, 4.602090835571289, 4.462963104248047];[0.20682527124881744, 0.24005863070487976, 0.2430742383003235, 0.23321180045604706, 0.19977493584156036, 0.19157537817955017];[-3.1306111812591553, -3.3131821155548096, -3.4317660331726074, -3.2857768535614014, -3.2406563758850098, -3.0802857875823975];[1.3570165634155273, 1.4589976072311401, 1.3770314455032349, 1.3441758155822754, 1.4817421436309814];425.8690736293793
600;[3.617435932159424, 3.773266077041626, 3.752368688583374, 3.8736517429351807, 3.736161231994629, 3.548053741455078];[0.2547748386859894, 0.27128520607948303, 0.2837120294570923, 0.29890942573547363, 0.29214513301849365, 0.266274094581604];[-2.543565273284912, -2.616684675216675, -2.6669108867645264, -2.6799848079681396, -2.6685094833374023, -2.5894112586975098];[1.4240550994873047, 1.3908506631851196, 1.517202377319336, 1.5758917331695557, 1.4435011148452759];372.07219529151917
600;[4.563321113586426, 4.819655418395996, 4.661140441894531, 4.877104759216309, 4.689229965209961, 4.405070781707764];[0.19733910262584686, 0.20255519449710846, 0.23160873353481293, 0.24017955362796783, 0.23597413301467896, 0.22373703122138977];[-3.2397382259368896, -3.335757255554199, -3.280379295349121, -3.4179086685180664, -3.4339759349823, -3.251817464828491];[1.4240550994873047, 1.4228589534759521, 1.503278374671936, 1.5763276815414429, 1.4266630411148071];370.87694549560547
650;[3.680776834487915, 3.5250232219696045, 3.502634048461914, 3.532569646835327, 3.375645160675049, 3.3777270317077637];[0.2660680115222931, 0.2548729181289673, 0.2257988303899765, 0.233345165848732, 0.2292688637971878, 0.23265494406223297];[-2.624011516571045, -2.581055164337158, -2.4668920040130615, -2.498140335083008, -2.518221616744995, -2.5061028003692627];[1.4594218730926514, 1.4373047351837158, 1.3810687065124512, 1.3359872102737427, 1.3251796960830688];368.3232741355896
650;[4.647861480712891, 4.420652389526367, 4.47661018371582, 4.502608776092529, 4.330052852630615, 4.400193691253662];[0.20702391862869263, 0.2042321115732193, 0.16282899677753448, 0.16769985854625702, 0.18310655653476715, 0.1695256233215332];[-3.303933620452881, -3.212214708328247, -3.1130263805389404, -3.212445020675659, -3.2049238681793213, -3.339461326599121];[1.4594218730926514, 1.431904673576355, 1.3685849905014038, 1.3427103757858276, 1.3310158252716064];376.7309567928314
700;[3.6097609996795654, 3.6927781105041504, 3.6257784366607666, 3.637298822402954, 3.4795422554016113, 3.441984176635742];[0.26129427552223206, 0.2700861096382141, 0.24392147362232208, 0.2694920301437378, 0.23912829160690308, 0.20414312183856964];[-2.6213600635528564, -2.628807306289673, -2.5281167030334473, -2.6205999851226807, -2.5061745643615723, -2.3997647762298584];[1.3925169706344604, 1.4003163576126099, 1.4964971542358398, 1.4502650499343872, 1.4318593740463257];371.85264682769775
700;[4.549201965332031, 4.632160663604736, 4.601773738861084, 4.533771514892578, 4.310339450836182, 4.379288196563721];[0.20686805248260498, 0.22326886653900146, 0.17940472066402435, 0.2239617556333542, 0.20576739311218262, 0.15311752259731293];[-3.2490110397338867, -3.246699333190918, -3.1841633319854736, -3.223949432373047, -3.016328811645508, -2.9716544151306152];[1.3925169706344604, 1.4001505374908447, 1.4620052576065063, 1.4075884819030762, 1.517761468887329];369.15447068214417
750;[3.6174590587615967, 3.7645580768585205, 3.747976064682007, 3.541881799697876, 3.789452314376831, 3.9042153358459473];[0.27185893058776855, 0.2805615961551666, 0.28049615025520325, 0.2690035402774811, 0.3035970628261566, 0.314965158700943];[-2.628617763519287, -2.645697593688965, -2.647002935409546, -2.6658546924591064, -2.722984790802002, -2.7481255531311035];[1.4034637212753296, 1.4577945470809937, 1.419002890586853, 1.369655966758728, 1.442198634147644];371.41369700431824
750;[4.464746475219727, 4.737778663635254, 4.69130277633667, 4.456127643585205, 4.639468669891357, 4.803224086761475];[0.2118217796087265, 0.21847394108772278, 0.21362262964248657, 0.21053482592105865, 0.24598999321460724, 0.2549501657485962];[-3.257805109024048, -3.319936513900757, -3.3411812782287598, -3.3416173458099365, -3.309638261795044, -3.3782401084899902];[1.4034637212753296, 1.4578502178192139, 1.4026225805282593, 1.3688089847564697, 1.4475531578063965];380.1573944091797
800;[3.689725637435913, 3.4907476902008057, 3.556004047393799, 3.6448235511779785, 3.608398914337158, 3.480773448944092];[0.26083558797836304, 0.2509321868419647, 0.2867213189601898, 0.304528146982193, 0.3214580714702606, 0.2852849066257477];[-2.595075845718384, -2.5047860145568848, -2.7203991413116455, -2.827683687210083, -2.8855042457580566, -2.7777035236358643];[1.4197908639907837, 1.3998832702636719, 1.377537727355957, 1.3340460062026978, 1.2627809047698975];370.26269268989563
800;[4.729539394378662, 4.3408989906311035, 4.431115627288818, 4.607192516326904, 4.394761562347412, 4.273190498352051];[0.19635504484176636, 0.19744369387626648, 0.21467307209968567, 0.22050723433494568, 0.23263707756996155, 0.19133615493774414];[-3.3301219940185547, -3.13057804107666, -3.3411784172058105, -3.524353504180908, -3.399531602859497, -3.2760415077209473];[1.4197908639907837, 1.4712246656417847, 1.3769268989562988, 1.3715944290161133, 1.32716703414917];366.2945144176483
850;[3.485654354095459, 3.6380534172058105, 3.7204620838165283, 3.6251559257507324, 3.506521463394165, 3.2229723930358887];[0.2553580105304718, 0.2766861617565155, 0.3021557629108429, 0.30678191781044006, 0.26504066586494446, 0.23956316709518433];[-2.545236825942993, -2.652276039123535, -2.8515331745147705, -2.873434543609619, -2.71164608001709, -2.6412100791931152];[1.4117730855941772, 1.3908418416976929, 1.3426177501678467, 1.262665033340454, 1.2490748167037964];368.2236144542694
850;[4.289032459259033, 4.482996940612793, 4.628805637359619, 4.4944047927856445, 4.412260055541992, 4.019407272338867];[0.20825296640396118, 0.22319364547729492, 0.25097382068634033, 0.24193625152111053, 0.1989908069372177, 0.18481320142745972];[-3.125176429748535, -3.2962429523468018, -3.4649953842163086, -3.4909236431121826, -3.3283603191375732, -3.1836977005004883];[1.4117730855941772, 1.3958866596221924, 1.30222487449646, 1.2728935480117798, 1.2197734117507935];378.1918671131134
900;[3.6521084308624268, 3.5416953563690186, 3.704604387283325, 3.6495907306671143, 3.605004072189331, 3.488335371017456];[0.26608631014823914, 0.2748105525970459, 0.27023953199386597, 0.2830520272254944, 0.27741798758506775, 0.28028982877731323];[-2.5824172496795654, -2.715963363647461, -2.636019229888916, -2.7393295764923096, -2.678863763809204, -2.735771656036377];[1.4822183847427368, 1.3692245483398438, 1.3995126485824585, 1.3500242233276367, 1.3125494718551636];370.37494349479675
900;[4.568271636962891, 4.324408531188965, 4.701540946960449, 4.5883612632751465, 4.556589126586914, 4.360692501068115];[0.2045658826828003, 0.24319082498550415, 0.2031865417957306, 0.2284919172525406, 0.2119501680135727, 0.23413357138633728];[-3.25089693069458, -3.207115888595581, -3.3459415435791016, -3.3874056339263916, -3.415736675262451, -3.435802698135376];[1.4822183847427368, 1.3710280656814575, 1.4757163524627686, 1.350325584411621, 1.3206980228424072];368.83080554008484
950;[3.6300199031829834, 3.6903796195983887, 3.6211462020874023, 3.889672040939331, 3.8189146518707275, 3.79540753364563];[0.2616720199584961, 0.27442502975463867, 0.2779991328716278, 0.2911423146724701, 0.26323094964027405, 0.2774408161640167];[-2.5981719493865967, -2.648456573486328, -2.645338535308838, -2.6636760234832764, -2.592557191848755, -2.678670883178711];[1.3763808012008667, 1.4145753383636475, 1.465525507926941, 1.5090407133102417, 1.5267752408981323];371.05657052993774
950;[4.594725608825684, 4.56845235824585, 4.458644866943359, 4.827946186065674, 4.794611930847168, 4.819655418395996];[0.20112431049346924, 0.22569333016872406, 0.22299924492835999, 0.22089648246765137, 0.19110333919525146, 0.21157002449035645];[-3.283466339111328, -3.2162718772888184, -3.268498182296753, -3.390779495239258, -3.2877135276794434, -3.4461586475372314];[1.3763808012008667, 1.4466921091079712, 1.462761640548706, 1.5085545778274536, 1.550352692604065];366.8769061565399
1000;[3.622077465057373, 3.9415321350097656, 3.7749478816986084, 3.5075137615203857, 3.3319106101989746, 3.374330997467041];[0.2682129442691803, 0.2911510169506073, 0.2740829586982727, 0.22266656160354614, 0.19762733578681946, 0.22481006383895874];[-2.6014387607574463, -2.70727801322937, -2.5997159481048584, -2.4329771995544434, -2.35646915435791, -2.475015640258789];[1.4298933744430542, 1.4445841312408447, 1.428145408630371, 1.6545517444610596, 1.4362387657165527];369.55960035324097
1000;[4.494184494018555, 4.952816963195801, 4.646347522735596, 4.320102214813232, 4.119963645935059, 4.242012977600098];[0.2082267701625824, 0.2248576581478119, 0.21140120923519135, 0.16302399337291718, 0.14247757196426392, 0.15283501148223877];[-3.245577573776245, -3.447662115097046, -3.203911542892456, -2.9750421047210693, -2.895235061645508, -3.1361916065216064];[1.4298933744430542, 1.409863829612732, 1.4260610342025757, 1.6519273519515991, 1.4553275108337402];372.7010977268219
1050;[3.576441764831543, 3.644735813140869, 3.866891622543335, 3.8520936965942383, 3.8839378356933594, 3.739783763885498];[0.25606638193130493, 0.28735196590423584, 0.33813726902008057, 0.3393929600715637, 0.3247949481010437, 0.3032337725162506];[-2.5687875747680664, -2.7086918354034424, -2.8918111324310303, -2.8893775939941406, -2.8052265644073486, -2.7392539978027344];[1.3702319860458374, 1.3656387329101562, 1.3999814987182617, 1.3926678895950317, 1.4169847965240479];398.049604177475
1050;[4.451945781707764, 4.519864082336426, 4.672891616821289, 4.742060661315918, 4.771756649017334, 4.555682182312012];[0.2002708464860916, 0.23888464272022247, 0.28931915760040283, 0.2794490456581116, 0.2448667585849762, 0.23310299217700958];[-3.2074716091156006, -3.3424108028411865, -3.4696192741394043, -3.5394768714904785, -3.475271463394165, -3.2978949546813965];[1.3702319860458374, 1.3287839889526367, 1.3745962381362915, 1.3628385066986084, 1.429171085357666];372.63631296157837
1100;[3.7101995944976807, 3.4687256813049316, 3.3878705501556396, 3.651211738586426, 3.52215576171875, 3.7747042179107666];[0.26536527276039124, 0.24222369492053986, 0.22039474546909332, 0.2586287558078766, 0.25087445974349976, 0.28695398569107056];[-2.661566972732544, -2.531203508377075, -2.4544003009796143, -2.5688834190368652, -2.537893295288086, -2.660992383956909];[1.4891663789749146, 1.5393528938293457, 1.4519850015640259, 1.4255573749542236, 1.4500222206115723];369.18315148353577
1100;[4.738216400146484, 4.319769382476807, 4.279636859893799, 4.695551872253418, 4.380520343780518, 4.82037353515625];[0.20669153332710266, 0.20131222903728485, 0.1727192997932434, 0.19466720521450043, 0.19527648389339447, 0.22437620162963867];[-3.3664164543151855, -3.071317195892334, -3.0292210578918457, -3.304885149002075, -3.178576707839966, -3.419431686401367];[1.4891663789749146, 1.5391860008239746, 1.453859806060791, 1.431296706199646, 1.4797340631484985];413.5406069755554
1150;[3.6267149448394775, 3.5475680828094482, 3.5544793605804443, 3.7018649578094482, 3.7581663131713867, 3.693718910217285];[0.2643422782421112, 0.26500412821769714, 0.2410767823457718, 0.25147363543510437, 0.27508243918418884, 0.2622523903846741];[-2.577927827835083, -2.58551287651062, -2.491607189178467, -2.5538339614868164, -2.6331734657287598, -2.5929057598114014];[1.4211032390594482, 1.439719557762146, 1.5896897315979004, 1.457681655883789, 1.5242140293121338];398.0207395553589
1150;[4.508154392242432, 4.391524791717529, 4.484974384307861, 4.662972927093506, 4.626708984375, 4.602823257446289];[0.2066076397895813, 0.21000432968139648, 0.18213239312171936, 0.20576663315296173, 0.23479397594928741, 0.22615307569503784];[-3.20666766166687, -3.2078306674957275, -3.1327717304229736, -3.1682729721069336, -3.2591378688812256, -3.228468894958496];[1.4211032390594482, 1.4613646268844604, 1.608363151550293, 1.4437587261199951, 1.4946799278259277];369.11419320106506
1200;[3.5793163776397705, 3.5743536949157715, 3.564642906188965, 3.896603584289551, 3.8694567680358887, 3.7852890491485596];[0.25035664439201355, 0.26688721776008606, 0.2666230797767639, 0.30603325366973877, 0.3045237064361572, 0.2943692207336426];[-2.554374933242798, -2.650846004486084, -2.70406436920166, -2.8423750400543213, -2.756524085998535, -2.7612998485565186];[1.4090831279754639, 1.4543306827545166, 1.4696578979492188, 1.3966999053955078, 1.4437109231948853];372.6720595359802
1200;[4.489647388458252, 4.4896135330200195, 4.3990702629089355, 4.806248664855957, 4.715457439422607, 4.6912007331848145];[0.1981641948223114, 0.21395060420036316, 0.22797439992427826, 0.25960615277290344, 0.24002739787101746, 0.24704883992671967];[-3.213181257247925, -3.286754846572876, -3.218008518218994, -3.454695701599121, -3.3750555515289307, -3.430631399154663];[1.4090831279754639, 1.4518991708755493, 1.4640787839889526, 1.4255712032318115, 1.408966302871704];370.70753383636475
1250;[3.566922903060913, 3.721019744873047, 3.6784613132476807, 3.4572126865386963, 3.388312578201294, 3.438647747039795];[0.2553302049636841, 0.27043721079826355, 0.25164085626602173, 0.23788082599639893, 0.21995940804481506, 0.2269970029592514];[-2.591588020324707, -2.614889621734619, -2.58474063873291, -2.487781286239624, -2.444100856781006, -2.4599063396453857];[1.4425804615020752, 1.4849696159362793, 1.446967601776123, 1.4135198593139648, 1.482539415359497];368.8137323856354
1250;[4.458588600158691, 4.7163848876953125, 4.756406784057617, 4.334980010986328, 4.270443439483643, 4.286306858062744];[0.2068166434764862, 0.2160547971725464, 0.19059878587722778, 0.1776898056268692, 0.16658276319503784, 0.14735397696495056];[-3.1899917125701904, -3.3048019409179688, -3.3375821113586426, -3.0790317058563232, -3.013303756713867, -3.003592014312744];[1.4425804615020752, 1.4849661588668823, 1.4542518854141235, 1.3789159059524536, 1.4125458002090454];366.2592866420746
1300;[3.6118323802948, 3.6717820167541504, 3.463167428970337, 3.5451881885528564, 3.4273200035095215, 3.4134466648101807];[0.24983172118663788, 0.2679492235183716, 0.26050278544425964, 0.26034820079803467, 0.23358626663684845, 0.2550869882106781];[-2.5422728061676025, -2.607938289642334, -2.6067230701446533, -2.5943429470062256, -2.5259549617767334, -2.6280505657196045];[1.4331846237182617, 1.5122737884521484, 1.3845000267028809, 1.382125735282898, 1.4493138790130615];372.49866676330566
1300;[4.544381618499756, 4.561953067779541, 4.276223182678223, 4.398468971252441, 4.286413192749023, 4.29673957824707];[0.1943472921848297, 0.21610692143440247, 0.21002323925495148, 0.19026972353458405, 0.16447614133358002, 0.16764689981937408];[-3.2010395526885986, -3.2667927742004395, -3.1861228942871094, -3.250535249710083, -3.0855894088745117, -3.276167154312134];[1.4331846237182617, 1.5232532024383545, 1.448510766029358, 1.3977924585342407, 1.446271538734436];372.51123118400574
1350;[3.6039624214172363, 3.377920389175415, 3.3582959175109863, 3.474005937576294, 3.310879707336426, 3.3626487255096436];[0.26403504610061646, 0.2387714833021164, 0.23642507195472717, 0.24876819550991058, 0.22784174978733063, 0.2258957326412201];[-2.616603374481201, -2.5325703620910645, -2.527810573577881, -2.5458688735961914, -2.5048234462738037, -2.4555599689483643];[1.4399313926696777, 1.3564893007278442, 1.3538719415664673, 1.4421467781066895, 1.29227876663208];370.5287411212921
1350;[4.511346340179443, 4.24812126159668, 4.258690357208252, 4.3189802169799805, 4.224635124206543, 4.271770000457764];[0.2119612991809845, 0.20098000764846802, 0.1826351284980774, 0.18467465043067932, 0.15850600600242615, 0.13589629530906677];[-3.2257184982299805, -3.088604211807251, -3.197258234024048, -3.1766040325164795, -3.1148340702056885, -3.1700809001922607];[1.4399313926696777, 1.3609174489974976, 1.3679877519607544, 1.4434444904327393, 1.3006342649459839];364.29191398620605
1400;[3.650102138519287, 3.523418664932251, 3.446774959564209, 3.473722219467163, 3.5316390991210938, 3.5381219387054443];[0.27073660492897034, 0.23863846063613892, 0.23081286251544952, 0.24534086883068085, 0.22666926681995392, 0.25657686591148376];[-2.6019928455352783, -2.486042022705078, -2.48026180267334, -2.5280184745788574, -2.430905818939209, -2.5568490028381348];[1.5062978267669678, 1.723866581916809, 1.4808958768844604, 1.5101054906845093, 1.4382144212722778];370.4234802722931
1400;[4.560184955596924, 4.459590911865234, 4.3341965675354, 4.306037902832031, 4.479293346405029, 4.399166107177734];[0.21379640698432922, 0.1752549111843109, 0.1686645746231079, 0.1919851154088974, 0.16248860955238342, 0.19973380863666534];[-3.2434680461883545, -3.1583356857299805, -3.093383550643921, -3.160506248474121, -3.1339104175567627, -3.1983730792999268];[1.5062978267669678, 1.672685980796814, 1.48322594165802, 1.5348151922225952, 1.4203170537948608];369.7518718242645
1450;[3.5402982234954834, 3.4986751079559326, 3.609564781188965, 3.4291651248931885, 3.464087963104248, 3.316251516342163];[0.25257691740989685, 0.2596448063850403, 0.2652815878391266, 0.25872528553009033, 0.2415420264005661, 0.22276544570922852];[-2.541140556335449, -2.5832531452178955, -2.6011011600494385, -2.577410936355591, -2.505249261856079, -2.454538106918335];[1.4827321767807007, 1.3993568420410156, 1.3859761953353882, 1.4077281951904297, 1.3942735195159912];367.0013461112976
1450;[4.4011030197143555, 4.35049295425415, 4.598402976989746, 4.251394748687744, 4.466458320617676, 4.325265407562256];[0.19939535856246948, 0.21378371119499207, 0.2021149843931198, 0.19671127200126648, 0.16551946103572845, 0.13946937024593353];[-3.1752822399139404, -3.1861019134521484, -3.3132925033569336, -3.2495150566101074, -3.2819576263427734, -3.2892096042633057];[1.4827321767807007, 1.404260516166687, 1.3870433568954468, 1.3305331468582153, 1.3536040782928467];367.45782256126404
1500;[3.5438339710235596, 3.491974115371704, 3.5861141681671143, 3.662170171737671, 3.6065609455108643, 3.6061508655548096];[0.25220444798469543, 0.25005143880844116, 0.2529142200946808, 0.2660481035709381, 0.24829716980457306, 0.2713194787502289];[-2.569445848464966, -2.547163963317871, -2.5374510288238525, -2.587822198867798, -2.5542895793914795, -2.6377077102661133];[1.4814077615737915, 1.3922760486602783, 1.4768074750900269, 1.539367437362671, 1.408342719078064];370.2475357055664
1500;[4.41405725479126, 4.3439178466796875, 4.4972991943359375, 4.49989652633667, 4.520018100738525, 4.394493579864502];[0.2037876546382904, 0.20415890216827393, 0.19317224621772766, 0.20038430392742157, 0.1742667257785797, 0.19495819509029388];[-3.1789028644561768, -3.1408891677856445, -3.201626777648926, -3.1842854022979736, -3.1728010177612305, -3.2162952423095703];[1.4814077615737915, 1.4637354612350464, 1.481537103652954, 1.5411232709884644, 1.4168486595153809];364.22647166252136
1550;[3.578303575515747, 3.6290295124053955, 3.585451602935791, 3.537433624267578, 3.581608295440674, 3.597426414489746];[0.25237199664115906, 0.256585031747818, 0.25128206610679626, 0.2426559329032898, 0.25580692291259766, 0.2878006100654602];[-2.563507318496704, -2.562814950942993, -2.557213544845581, -2.501298189163208, -2.576538324356079, -2.735787868499756];[1.4545917510986328, 1.4071733951568604, 1.4865007400512695, 1.526115894317627, 1.4134825468063354];364.10582876205444
1550;[4.497660160064697, 4.551505088806152, 4.481828689575195, 4.4454498291015625, 4.550332069396973, 4.460524559020996];[0.20278304815292358, 0.1958267241716385, 0.20106740295886993, 0.1854126751422882, 0.19263781607151031, 0.21415969729423523];[-3.2107324600219727, -3.1607766151428223, -3.1244330406188965, -3.1406188011169434, -3.2067201137542725, -3.3331291675567627];[1.4545917510986328, 1.4148831367492676, 1.432989239692688, 1.534053087234497, 1.404172658920288];366.6324908733368
1600;[3.6749260425567627, 3.645495891571045, 3.5667340755462646, 3.4278008937835693, 3.4220948219299316, 3.3697378635406494];[0.2660389244556427, 0.268900603055954, 0.2594694495201111, 0.23566177487373352, 0.23160609602928162, 0.2058352380990982];[-2.6191234588623047, -2.6188266277313232, -2.592561960220337, -2.530118227005005, -2.5253238677978516, -2.43658447265625];[1.3467326164245605, 1.4835104942321777, 1.4482094049453735, 1.3465501070022583, 1.3849996328353882];370.07571625709534
1600;[4.629818916320801, 4.513538837432861, 4.435008525848389, 4.285318374633789, 4.297259330749512, 4.328141212463379];[0.209043487906456, 0.21694375574588776, 0.20230728387832642, 0.19813647866249084, 0.19326619803905487, 0.1543310284614563];[-3.254244089126587, -3.1699182987213135, -3.179551362991333, -3.0789661407470703, -3.117452383041382, -3.073549747467041];[1.3467326164245605, 1.4866019487380981, 1.442989706993103, 1.3295156955718994, 1.3139748573303223];366.9792366027832
1650;[3.514031171798706, 3.826871871948242, 3.8324954509735107, 3.8560104370117188, 3.6385815143585205, 3.4439499378204346];[0.24914565682411194, 0.27984684705734253, 0.2704491913318634, 0.27589941024780273, 0.25313761830329895, 0.24009481072425842];[-2.547884702682495, -2.6602745056152344, -2.6065893173217773, -2.6436758041381836, -2.6257429122924805, -2.59216046333313];[1.4399919509887695, 1.4145927429199219, 1.3952610492706299, 1.477342128753662, 1.3845808506011963];366.31018447875977
1650;[4.363096237182617, 4.793447494506836, 4.814723014831543, 4.79678201675415, 4.554317951202393, 4.382696628570557];[0.2015141248703003, 0.21950966119766235, 0.2023671418428421, 0.20410944521427155, 0.19087548553943634, 0.1749815046787262];[-3.160426139831543, -3.3441007137298584, -3.2650418281555176, -3.2447011470794678, -3.133249521255493, -3.113424777984619];[1.4399919509887695, 1.4187194108963013, 1.4874038696289062, 1.4606597423553467, 1.4116822481155396];366.5376994609833
1700;[3.5350751876831055, 3.5040011405944824, 3.6930482387542725, 3.5571165084838867, 3.6557817459106445, 3.4434711933135986];[0.24358528852462769, 0.25573378801345825, 0.2702619135379791, 0.2617174983024597, 0.27821028232574463, 0.2695149779319763];[-2.5522022247314453, -2.5706582069396973, -2.607663154602051, -2.6204168796539307, -2.680946111679077, -2.6894848346710205];[1.4486035108566284, 1.3490186929702759, 1.4752135276794434, 1.4269380569458008, 1.3135862350463867];366.3198790550232
1700;[4.444063663482666, 4.334567070007324, 4.558796405792236, 4.466053009033203, 4.643759250640869, 4.3275465965271];[0.20169690251350403, 0.20297299325466156, 0.20622658729553223, 0.2024679332971573, 0.20122107863426208, 0.18725860118865967];[-3.136622428894043, -3.1281042098999023, -3.2043445110321045, -3.224320888519287, -3.298837423324585, -3.254481315612793];[1.4486035108566284, 1.3934526443481445, 1.482665777206421, 1.4334598779678345, 1.3801156282424927];369.8282709121704
1750;[3.6268913745880127, 3.5908589363098145, 3.591932535171509, 3.549121141433716, 3.8751189708709717, 3.724663496017456];[0.2613126337528229, 0.28262048959732056, 0.2945830225944519, 0.3231513202190399, 0.4012269377708435, 0.3821428120136261];[-2.6004369258880615, -2.7390265464782715, -2.7771856784820557, -2.9827046394348145, -3.3998568058013916, -3.343752861022949];[1.478678584098816, 1.4001797437667847, 1.3627967834472656, 1.1793837547302246, 1.2190332412719727];368.93680119514465
1750;[4.570635795593262, 4.511537551879883, 4.499630928039551, 4.439279556274414, 4.717942714691162, 4.601249694824219];[0.2091721147298813, 0.239487886428833, 0.2491724044084549, 0.26702192425727844, 0.32955193519592285, 0.31880804896354675];[-3.2433409690856934, -3.35078763961792, -3.4181344509124756, -3.6078689098358154, -3.9181783199310303, -3.8264896869659424];[1.478678584098816, 1.40516197681427, 1.3661696910858154, 1.184250831604004, 1.2526553869247437];368.8651030063629
1800;[3.681302070617676, 3.634211540222168, 3.5762124061584473, 3.492898464202881, 3.6233460903167725, 3.6726953983306885];[0.2662461996078491, 0.2669083774089813, 0.24626648426055908, 0.25842908024787903, 0.2781680226325989, 0.30830466747283936];[-2.5967931747436523, -2.5871360301971436, -2.519219398498535, -2.5901546478271484, -2.677225112915039, -2.821280002593994];[1.3986296653747559, 1.450679063796997, 1.4085808992385864, 1.4180337190628052, 1.338919997215271];364.39197516441345
1800;[4.664119720458984, 4.527959823608398, 4.50050687789917, 4.316567897796631, 4.433326721191406, 4.36987829208374];[0.20342330634593964, 0.2012416124343872, 0.15608665347099304, 0.1686890423297882, 0.1802782565355301, 0.19861745834350586];[-3.3032634258270264, -3.2071197032928467, -3.0874273777008057, -3.1498019695281982, -3.2083468437194824, -3.229011297225952];[1.3986296653747559, 1.450530767440796, 1.428929328918457, 1.4074901342391968, 1.3452402353286743];369.2916750907898
1850;[3.662456750869751, 3.5502841472625732, 3.4841196537017822, 3.427395820617676, 3.2247488498687744, 3.2981088161468506];[0.2643778324127197, 0.26787883043289185, 0.23868149518966675, 0.22925995290279388, 0.2289850115776062, 0.2348756194114685];[-2.6045451164245605, -2.611530065536499, -2.4947688579559326, -2.4721624851226807, -2.4954919815063477, -2.524547815322876];[1.4456795454025269, 1.7021232843399048, 1.4988384246826172, 1.4826945066452026, 1.3536075353622437];229777.9113097191
1850;[4.6438703536987305, 4.3894124031066895, 4.3190460205078125, 4.3488264083862305, 4.158727169036865, 4.216039180755615];[0.2037002295255661, 0.21986669301986694, 0.19164808094501495, 0.17364731431007385, 0.16466014087200165, 0.18166032433509827];[-3.3178138732910156, -3.1638545989990234, -3.0479607582092285, -3.136716365814209, -3.2473807334899902, -3.2839927673339844];[1.4456795454025269, 1.419903039932251, 1.5024514198303223, 1.4742358922958374, 1.348743200302124];365.33509731292725
1900;[3.6580874919891357, 3.8077356815338135, 3.5848803520202637, 3.5350444316864014, 3.3888051509857178, 3.393632173538208];[0.27029120922088623, 0.28565236926078796, 0.2754014730453491, 0.2645025849342346, 0.270637184381485, 0.27232280373573303];[-2.6112778186798096, -2.6845784187316895, -2.640547275543213, -2.612382650375366, -2.6913540363311768, -2.707639694213867];[1.3942899703979492, 1.4775673151016235, 1.4549919366836548, 1.4826693534851074, 1.3228390216827393];367.0280396938324
1900;[4.598054885864258, 4.812493324279785, 4.517533302307129, 4.572484016418457, 4.286703109741211, 4.27187967300415];[0.21076777577400208, 0.2306230217218399, 0.2210826724767685, 0.20420601963996887, 0.21858926117420197, 0.22060653567314148];[-3.281412363052368, -3.432115077972412, -3.3385260105133057, -3.4809889793395996, -3.341193437576294, -3.3396482467651367];[1.3942899703979492, 1.3803355693817139, 1.4240587949752808, 1.4987584352493286, 1.2571104764938354];363.0770869255066
1950;[3.5931787490844727, 3.245537519454956, 3.323369026184082, 3.3633038997650146, 3.40478253364563, 3.4069020748138428];[0.26527151465415955, 0.2101699411869049, 0.2097361534833908, 0.20821493864059448, 0.22322964668273926, 0.2453220784664154];[-2.6334261894226074, -2.438873529434204, -2.4100515842437744, -2.4220387935638428, -2.511852502822876, -2.6410396099090576];[1.430879831314087, 1.3660246133804321, 1.6690000295639038, 1.4087237119674683, 1.270682692527771];367.7868595123291
1950;[4.485859394073486, 4.117000579833984, 4.256753444671631, 4.30130672454834, 4.3889055252075195, 4.39036226272583];[0.21618449687957764, 0.16628775000572205, 0.15458491444587708, 0.15694881975650787, 0.17759844660758972, 0.21334496140480042];[-3.201754093170166, -3.0484495162963867, -3.0766806602478027, -3.063528299331665, -3.247701644897461, -3.3434479236602783];[1.430879831314087, 1.358655571937561, 1.4543572664260864, 1.391989827156067, 1.3112759590148926];367.9136612415314
2000;[3.6531195640563965, 3.4599618911743164, 3.345661163330078, 3.2149462699890137, 3.2857232093811035, 3.2957370281219482];[0.2606130540370941, 0.2338763177394867, 0.23160819709300995, 0.21021917462348938, 0.2099558711051941, 0.24143819510936737];[-2.5878100395202637, -2.5281224250793457, -2.511725664138794, -2.500566244125366, -2.5054430961608887, -2.6482760906219482];[1.4451537132263184, 1.3089425563812256, 1.4421606063842773, 1.2221879959106445, 1.236661672592163];366.3292462825775
2000;[4.6075921058654785, 4.378321170806885, 4.2207207679748535, 4.062373638153076, 4.178926944732666, 4.039422988891602];[0.20711781084537506, 0.17256221175193787, 0.15881256759166718, 0.13800698518753052, 0.13007448613643646, 0.16845259070396423];[-3.2195446491241455, -3.1322712898254395, -3.0856728553771973, -2.966618537902832, -3.0306379795074463, -3.019388437271118];[1.4451537132263184, 1.327226161956787, 1.474795937538147, 1.2948988676071167, 1.267027497291565];362.351943731308
2050;[3.612387180328369, 3.692575216293335, 3.7442476749420166, 3.356351613998413, 3.7559306621551514, 3.5481154918670654];[0.26149284839630127, 0.2694000005722046, 0.29155227541923523, 0.24679531157016754, 0.3025873005390167, 0.27430248260498047];[-2.5646402835845947, -2.6402618885040283, -2.7051432132720947, -2.608271837234497, -2.7538042068481445, -2.6928718090057373];[1.3899706602096558, 1.5066725015640259, 1.3447458744049072, 1.360766053199768, 1.3620622158050537];363.4955270290375
2050;[4.5103302001953125, 4.654025554656982, 4.693609237670898, 4.135643005371094, 4.6716413497924805, 4.461379051208496];[0.20371133089065552, 0.21879155933856964, 0.2271530032157898, 0.2085873782634735, 0.23186619579792023, 0.2141633778810501];[-3.2491159439086914, -3.3215413093566895, -3.401409149169922, -3.0792324542999268, -3.3638041019439697, -3.2846529483795166];[1.3899706602096558, 1.4775267839431763, 1.322845458984375, 1.3948891162872314, 1.3572558164596558];367.2620198726654
2100;[3.599548101425171, 3.5872461795806885, 3.8026649951934814, 4.096436500549316, 4.046085834503174, 4.229861259460449];[0.25677576661109924, 0.2711537480354309, 0.32896915078163147, 0.42199328541755676, 0.4155220687389374, 0.4658637046813965];[-2.5908877849578857, -2.681490182876587, -2.898408889770508, -3.4150187969207764, -3.4325010776519775, -3.6937992572784424];[1.4028916358947754, 1.446772813796997, 1.3496928215026855, 1.2852097749710083, 1.2321548461914062];365.34279227256775
2100;[4.491759777069092, 4.439774990081787, 4.73162841796875, 4.910833835601807, 4.943835735321045, 5.0905938148498535];[0.20470908284187317, 0.24111658334732056, 0.2783440053462982, 0.38375064730644226, 0.35633203387260437, 0.37833547592163086];[-3.2196011543273926, -3.2306017875671387, -3.6896581649780273, -4.068333148956299, -4.1065473556518555, -4.378297328948975];[1.4028916358947754, 1.42679762840271, 1.3300108909606934, 1.2707587480545044, 1.2455695867538452];362.79294896125793
2150;[3.6637442111968994, 3.6006405353546143, 3.7791342735290527, 3.815617322921753, 3.9048967361450195, 3.9474008083343506];[0.26037028431892395, 0.2598314881324768, 0.2809409499168396, 0.32198694348335266, 0.3730311095714569, 0.384197473526001];[-2.593810558319092, -2.623735189437866, -2.6805782318115234, -2.892057418823242, -3.12766432762146, -3.115440845489502];[1.469148874282837, 1.5200536251068115, 1.425931692123413, 1.378218173980713, 1.3095248937606812];366.1192002296448
2150;[4.654428482055664, 4.480931758880615, 4.654195308685303, 4.714692115783691, 4.748267650604248, 4.758932113647461];[0.2018919289112091, 0.2188597023487091, 0.23015786707401276, 0.2517135739326477, 0.2917654812335968, 0.2915007770061493];[-3.294337511062622, -3.193826675415039, -3.2868919372558594, -3.4983043670654297, -3.6428792476654053, -3.6525285243988037];[1.469148874282837, 1.522031307220459, 1.4218480587005615, 1.4005531072616577, 1.351455807685852];370.67320823669434
2200;[3.6172220706939697, 3.6556172370910645, 3.677008867263794, 3.6761744022369385, 3.5465073585510254, 3.6561849117279053];[0.25883081555366516, 0.2675284445285797, 0.256107896566391, 0.2776678800582886, 0.2640422284603119, 0.30605053901672363];[-2.5696094036102295, -2.6284375190734863, -2.5847525596618652, -2.7001163959503174, -2.647655487060547, -2.861656427383423];[1.5389820337295532, 1.403943419456482, 1.4326077699661255, 1.392366647720337, 1.4311039447784424];368.41953706741333
2200;[4.5291242599487305, 4.5067596435546875, 4.593279838562012, 4.518955230712891, 4.371163845062256, 4.531851768493652];[0.20606039464473724, 0.21800345182418823, 0.1990559995174408, 0.23248213529586792, 0.22286877036094666, 0.2647205889225006];[-3.183070659637451, -3.1566555500030518, -3.210599899291992, -3.2239513397216797, -3.164916515350342, -3.4984538555145264];[1.5389820337295532, 1.449439287185669, 1.4390949010849, 1.389448881149292, 1.457978367805481];369.169029712677
2250;[3.588677167892456, 3.3622684478759766, 3.427030563354492, 3.311876058578491, 3.1959338188171387, 3.2576818466186523];[0.25480684638023376, 0.22524213790893555, 0.2235787957906723, 0.2122345268726349, 0.1924484372138977, 0.22180168330669403];[-2.562932014465332, -2.4489378929138184, -2.46885085105896, -2.4251084327697754, -2.3782360553741455, -2.4793612957000732];[1.4969102144241333, 1.4230103492736816, 1.3551775217056274, 1.414341688156128, 1.4537012577056885];366.62483835220337
2250;[4.480414867401123, 4.216879844665527, 4.316500186920166, 4.183011054992676, 3.9774680137634277, 4.121479034423828];[0.2013235241174698, 0.17401443421840668, 0.15794049203395844, 0.149860680103302, 0.13776537775993347, 0.1603306531906128];[-3.2379093170166016, -3.0483741760253906, -3.0556821823120117, -3.007812976837158, -2.84749698638916, -3.128551483154297];[1.4969102144241333, 1.422188639640808, 1.3604837656021118, 1.406874179840088, 1.4482409954071045];365.6874749660492
2300;[3.5687663555145264, 3.5555672645568848, 3.6833810806274414, 3.576040744781494, 3.716033697128296, 3.7616958618164062];[0.2603127062320709, 0.24787768721580505, 0.2683684825897217, 0.23990151286125183, 0.2598484456539154, 0.292388916015625];[-2.585052251815796, -2.5641872882843018, -2.6493425369262695, -2.5404257774353027, -2.5884475708007812, -2.7243540287017822];[1.3730943202972412, 1.4325484037399292, 1.4121525287628174, 1.4185216426849365, 1.4396586418151855];366.53611946105957
2300;[4.4274187088012695, 4.477056503295898, 4.707136154174805, 4.454044818878174, 4.618305206298828, 4.681114673614502];[0.21348518133163452, 0.2044510543346405, 0.20746569335460663, 0.18439973890781403, 0.19518117606639862, 0.22487618029117584];[-3.163858652114868, -3.200362205505371, -3.2937021255493164, -3.036867618560791, -3.11322021484375, -3.3090319633483887];[1.3730943202972412, 1.430528163909912, 1.409753441810608, 1.4185454845428467, 1.4537159204483032];366.5184633731842
2350;[3.6215760707855225, 3.5156829357147217, 3.7305808067321777, 3.7899632453918457, 3.675075054168701, 3.822061777114868];[0.2589963376522064, 0.25336340069770813, 0.28230178356170654, 0.29800206422805786, 0.3018158972263336, 0.30071163177490234];[-2.5926408767700195, -2.5759308338165283, -2.6777217388153076, -2.782449245452881, -2.7734787464141846, -2.7209200859069824];[1.4287128448486328, 1.437593698501587, 1.4229894876480103, 1.393921971321106, 1.3850393295288086];362.9976406097412
2350;[4.5949883460998535, 4.3950605392456055, 4.6837663650512695, 4.771636009216309, 4.517126560211182, 4.763424873352051];[0.20288735628128052, 0.2129642814397812, 0.22716769576072693, 0.2416851818561554, 0.2362791746854782, 0.21721774339675903];[-3.253073215484619, -3.1965746879577637, -3.3084306716918945, -3.426806926727295, -3.3733067512512207, -3.367851972579956];[1.4287128448486328, 1.4153941869735718, 1.4259612560272217, 1.4127593040466309, 1.4011015892028809];365.4019784927368
2400;[3.5978002548217773, 3.460789442062378, 3.305232286453247, 3.4064364433288574, 3.3935656547546387, 3.515186071395874];[0.25451192259788513, 0.2527216672897339, 0.24121487140655518, 0.26142191886901855, 0.24901388585567474, 0.2679191529750824];[-2.579883337020874, -2.588771104812622, -2.5432517528533936, -2.6221907138824463, -2.6193337440490723, -2.6706132888793945];[1.4247595071792603, 1.3241314888000488, 1.3700873851776123, 1.3887042999267578, 1.3078408241271973];367.60512709617615
2400;[4.541221618652344, 4.335753440856934, 4.096026420593262, 4.225468158721924, 4.220903396606445, 4.457404613494873];[0.20090338587760925, 0.20594801008701324, 0.19040246307849884, 0.1943984180688858, 0.18265026807785034, 0.1786574274301529];[-3.220750570297241, -3.169039487838745, -3.105506181716919, -3.207441806793213, -3.1874680519104004, -3.375196933746338];[1.4247595071792603, 1.3588505983352661, 1.4085079431533813, 1.3647794723510742, 1.3261587619781494];361.7112281322479
2450;[3.5860595703125, 3.670017957687378, 3.635969877243042, 3.710024356842041, 3.590040445327759, 3.6392667293548584];[0.2523287236690521, 0.27039775252342224, 0.27945902943611145, 0.3242029845714569, 0.29366764426231384, 0.29312199354171753];[-2.588787078857422, -2.6785483360290527, -2.682016134262085, -2.871065855026245, -2.788767099380493, -2.819523334503174];[1.5208905935287476, 1.3891621828079224, 1.5265662670135498, 1.4479694366455078, 1.3932896852493286];364.8675615787506
2450;[4.512325286865234, 4.604222297668457, 4.492013931274414, 4.552538871765137, 4.477409362792969, 4.5551629066467285];[0.2040064036846161, 0.22444190084934235, 0.22641217708587646, 0.27768054604530334, 0.23923003673553467, 0.246525377035141];[-3.2193567752838135, -3.250492811203003, -3.295924663543701, -3.477750539779663, -3.458625555038452, -3.363121271133423];[1.5208905935287476, 1.407938838005066, 1.5340193510055542, 1.4502925872802734, 1.4063811302185059];364.84975266456604
2500;[3.6408989429473877, 3.6941328048706055, 3.7010433673858643, 3.7085506916046143, 3.6264898777008057, 3.534484624862671];[0.2526012361049652, 0.2687830328941345, 0.2576674818992615, 0.2872264087200165, 0.27609118819236755, 0.2695176601409912];[-2.5476982593536377, -2.626383066177368, -2.586560010910034, -2.708704948425293, -2.669963836669922, -2.658092737197876];[1.3893779516220093, 1.464113712310791, 1.3848063945770264, 1.4706008434295654, 1.4141508340835571];382.52980184555054
2500;[4.603919506072998, 4.57455587387085, 4.6448588371276855, 4.614710807800293, 4.487344741821289, 4.330349922180176];[0.19755636155605316, 0.22780729830265045, 0.20120471715927124, 0.2297838181257248, 0.22468991577625275, 0.2188926637172699];[-3.1826441287994385, -3.1963999271392822, -3.1955063343048096, -3.3357272148132324, -3.238729953765869, -3.175513744354248];[1.3893779516220093, 1.4669209718704224, 1.4072668552398682, 1.465848445892334, 1.4300156831741333];378.2419180870056
