Seed;RMSE History;MMD History;Log-Likelihood History;Max EIG History;Deployment Time
50;[3.518050193786621, 2.868587017059326, 2.8138535022735596, 2.82381010055542, 3.1754984855651855, 3.3830442428588867];[0.3292688727378845, 0.3032341003417969, 0.3443771004676819, 0.4236184358596802, 0.549937903881073, 0.6478126049041748];[-2.347703695297241, -2.417198657989502, -2.6212399005889893, -3.0710840225219727, -3.85615611076355, -4.507980823516846];[1.4264227151870728, 1.0083775520324707, 0.9483339786529541, 0.908725380897522, 0.8888038992881775];689.2698230743408
50;[3.7702865600585938, 3.1611545085906982, 3.101349115371704, 3.1231870651245117, 3.540515661239624, 3.776679039001465];[0.289466917514801, 0.25066134333610535, 0.3032000660896301, 0.4075706899166107, 0.5406941175460815, 0.6380507349967957];[-2.377535104751587, -2.357189416885376, -2.5269405841827393, -2.95894455909729, -3.789421319961548, -4.583925247192383];[1.4264227151870728, 1.0212502479553223, 0.9627097845077515, 0.9221338033676147, 0.9219291806221008];386.0654652118683
100;[3.659580945968628, 4.090775012969971, 3.5865204334259033, 3.094522476196289, 2.789853811264038, 2.8565311431884766];[0.31416648626327515, 0.355270117521286, 0.29558074474334717, 0.26340973377227783, 0.2676455080509186, 0.30020400881767273];[-2.374498128890991, -2.4252028465270996, -2.2738749980926514, -2.219055414199829, -2.2640717029571533, -2.4760117530822754];[1.3921425342559814, 1.6470201015472412, 1.4960237741470337, 1.2556023597717285, 0.9817936420440674];348.5045335292816
100;[4.006771564483643, 3.5935144424438477, 3.7767491340637207, 3.537332773208618, 3.3467953205108643, 3.4987924098968506];[0.258314311504364, 0.1930387169122696, 0.39544913172721863, 0.43767037987709045, 0.44918501377105713, 0.46434012055397034];[-2.436501979827881, -2.224426031112671, -2.975066661834717, -3.2362728118896484, -3.2787630558013916, -3.5798773765563965];[1.3921425342559814, 1.5027928352355957, 1.0486356019973755, 0.9043284058570862, 0.8948246836662292];683.9950475692749
150;[3.497097969055176, 2.8987185955047607, 2.838547706604004, 2.4289023876190186, 2.603905439376831, 2.5357232093811035];[0.32012543082237244, 0.2189994752407074, 0.2694767117500305, 0.22749324142932892, 0.2621675133705139, 0.24649249017238617];[-2.320436954498291, -2.0916364192962646, -2.255297899246216, -2.130357503890991, -2.3551888465881348, -2.300598621368408];[1.4685475826263428, 1.1757415533065796, 1.0054218769073486, 0.8676710724830627, 0.8101508617401123];477.27553129196167
150;[3.7729921340942383, 3.1788547039031982, 3.1056361198425293, 2.6664600372314453, 2.841148853302002, 2.8008675575256348];[0.28246140480041504, 0.15719006955623627, 0.16286905109882355, 0.1304243952035904, 0.156143918633461, 0.15110518038272858];[-2.3357129096984863, -2.1310830116271973, -2.3215219974517822, -2.129760980606079, -2.323930025100708, -2.3070101737976074];[1.4685475826263428, 1.1734864711761475, 1.0327060222625732, 0.868243932723999, 0.8320122361183167];569.9726252555847
200;[3.5523300170898438, 2.91603422164917, 2.6025986671447754, 2.7468395233154297, 2.8058502674102783, 2.9166483879089355];[0.32133498787879944, 0.23195984959602356, 0.2633170783519745, 0.36760497093200684, 0.4279540479183197, 0.4738902747631073];[-2.3463809490203857, -2.116669178009033, -2.3403115272521973, -2.8373255729675293, -3.174720048904419, -3.433590888977051];[1.4078642129898071, 1.2395637035369873, 0.8929665088653564, 0.8630392551422119, 0.8514267802238464];371.34279322624207
200;[3.841989278793335, 3.1926894187927246, 2.91111159324646, 3.067657709121704, 3.122570514678955, 3.2557764053344727];[0.2777068316936493, 0.17777815461158752, 0.23851825296878815, 0.34962165355682373, 0.4173585772514343, 0.4658074676990509];[-2.3814196586608887, -2.1735846996307373, -2.4333739280700684, -2.973552942276001, -3.2935030460357666, -3.556194305419922];[1.4078642129898071, 1.1639763116836548, 0.889121949672699, 0.8597545027732849, 0.8736419677734375];350.63684725761414
250;[3.553293466567993, 2.9445595741271973, 3.007110834121704, 3.250060558319092, 3.3709421157836914, 3.6828372478485107];[0.32453498244285583, 0.401000052690506, 0.475735068321228, 0.5600987672805786, 0.6380527019500732, 0.7335038185119629];[-2.351017951965332, -2.8291072845458984, -3.2317285537719727, -3.825453042984009, -4.44767427444458, -4.978357791900635];[1.4171242713928223, 0.9035319089889526, 0.882919430732727, 0.878439724445343, 0.8791620135307312];349.11632776260376
250;[3.8362362384796143, 3.1787798404693604, 3.2553813457489014, 3.54447603225708, 3.7041022777557373, 4.008268356323242];[0.2837018370628357, 0.34571871161460876, 0.42866379022598267, 0.521594226360321, 0.615557074546814, 0.6995118856430054];[-2.3730008602142334, -2.7062880992889404, -3.080127716064453, -3.697913408279419, -4.368269920349121, -5.049957752227783];[1.4171242713928223, 0.9362450242042542, 0.9255735278129578, 0.8891968727111816, 0.8883771300315857];539.7556390762329
300;[3.531836748123169, 2.8350284099578857, 2.7061421871185303, 2.754054069519043, 2.9782657623291016, 2.914358139038086];[0.32167282700538635, 0.22972925007343292, 0.2800467908382416, 0.35092440247535706, 0.4550599455833435, 0.4776640832424164];[-2.3390114307403564, -2.1055140495300293, -2.389707565307617, -2.7314937114715576, -3.2847535610198975, -3.461178779602051];[1.416370153427124, 1.192216396331787, 0.9066755771636963, 0.8251789212226868, 0.7968936562538147];503.296648979187
300;[3.8254170417785645, 3.0911452770233154, 2.998908281326294, 3.0737640857696533, 3.316416025161743, 3.2386956214904785];[0.2792637348175049, 0.1680157482624054, 0.25174257159233093, 0.3352265954017639, 0.4290812313556671, 0.4611746072769165];[-2.3687820434570312, -2.1450247764587402, -2.49619460105896, -2.8301360607147217, -3.4598333835601807, -3.5757505893707275];[1.416370153427124, 1.1858091354370117, 0.895455002784729, 0.8109734654426575, 0.7949649691581726];357.9413278102875
350;[3.4902820587158203, 3.0146844387054443, 2.3558340072631836, 2.2564609050750732, 2.4963066577911377, 2.1949503421783447];[0.3032425343990326, 0.24594983458518982, 0.20443549752235413, 0.20048315823078156, 0.2507154643535614, 0.21491116285324097];[-2.3089499473571777, -2.1826865673065186, -2.130462884902954, -2.160874605178833, -2.381962537765503, -2.2842795848846436];[1.4400101900100708, 1.1659337282180786, 0.8501180410385132, 0.8291878700256348, 0.7774466872215271];398.19061732292175
350;[3.7810158729553223, 3.334787368774414, 2.655561923980713, 2.568368673324585, 2.8334295749664307, 2.527588367462158];[0.2617441713809967, 0.17215922474861145, 0.17069582641124725, 0.17169490456581116, 0.1902197152376175, 0.2018289864063263];[-2.341439723968506, -2.2799787521362305, -2.2280194759368896, -2.3163700103759766, -2.6092116832733154, -2.4985342025756836];[1.4400101900100708, 1.1581275463104248, 0.8498870134353638, 0.8114028573036194, 0.7810357213020325];351.2143244743347
400;[3.5450050830841064, 2.6652774810791016, 2.5124635696411133, 2.4624738693237305, 2.5521841049194336, 2.466742753982544];[0.3272956609725952, 0.2461949735879898, 0.2566019296646118, 0.26128101348876953, 0.29313206672668457, 0.29701128602027893];[-2.3653807640075684, -2.239048957824707, -2.3339667320251465, -2.381883144378662, -2.5466480255126953, -2.6154403686523438];[1.4105747938156128, 0.9555301070213318, 0.9358968734741211, 0.9238019585609436, 0.8760544061660767];467.3763236999512
400;[3.8365018367767334, 2.947984457015991, 2.767666816711426, 2.7337851524353027, 2.81642746925354, 2.714273452758789];[0.28688350319862366, 0.14330598711967468, 0.1399179995059967, 0.1447911411523819, 0.15806713700294495, 0.16146868467330933];[-2.384373426437378, -2.0837104320526123, -2.072481870651245, -2.1463658809661865, -2.2869298458099365, -2.2663791179656982];[1.4105747938156128, 0.9908320307731628, 0.9722757935523987, 0.95237135887146, 0.9074771404266357];461.24012064933777
450;[3.6915128231048584, 2.7890748977661133, 2.7168564796447754, 2.809634208679199, 2.707373857498169, 2.743206262588501];[0.32362547516822815, 0.3562081456184387, 0.40413209795951843, 0.44579821825027466, 0.4637489318847656, 0.49419063329696655];[-2.373487710952759, -2.7542686462402344, -3.0908989906311035, -3.3391036987304688, -3.455857992172241, -3.655914545059204];[1.562289834022522, 0.8395954370498657, 0.7836483120918274, 0.8191185593605042, 0.8143598437309265];356.8705439567566
450;[4.029263496398926, 3.0249688625335693, 2.9673380851745605, 3.0813651084899902, 2.9199037551879883, 2.9599180221557617];[0.267217755317688, 0.27140316367149353, 0.32122182846069336, 0.35745587944984436, 0.38047024607658386, 0.4175480902194977];[-2.4298970699310303, -2.564795970916748, -2.881464958190918, -3.1571245193481445, -3.17246675491333, -3.370729684829712];[1.562289834022522, 0.8573212027549744, 0.8067193627357483, 0.8231826424598694, 0.8203591704368591];465.632527589798
500;[3.429854393005371, 2.7719433307647705, 2.8048219680786133, 2.942861557006836, 3.024608850479126, 3.1917998790740967];[0.3201182782649994, 0.34949925541877747, 0.4398356080055237, 0.5075953602790833, 0.5935459733009338, 0.6494958400726318];[-2.289767026901245, -2.715932607650757, -3.265517473220825, -3.616980791091919, -4.222011566162109, -4.557997226715088];[1.525174617767334, 0.9135397672653198, 0.8962286114692688, 0.8554819226264954, 0.8421670794487];364.78563237190247
500;[3.66644024848938, 2.948486804962158, 2.9494993686676025, 3.04070782661438, 3.0311357975006104, 3.175412893295288];[0.29034972190856934, 0.21854937076568604, 0.3004346191883087, 0.35289543867111206, 0.42957696318626404, 0.4776340425014496];[-2.2939422130584717, -2.3407466411590576, -2.712162494659424, -2.926823139190674, -3.3100600242614746, -3.5786807537078857];[1.525174617767334, 0.9388063549995422, 0.9271679520606995, 0.8708683848381042, 0.8648996353149414];340.9679081439972
550;[3.4279885292053223, 3.1596882343292236, 2.708803653717041, 2.5534579753875732, 2.530033826828003, 2.415170192718506];[0.31024667620658875, 0.24561633169651031, 0.24424214661121368, 0.262553870677948, 0.29229113459587097, 0.284584105014801];[-2.2929978370666504, -2.12253475189209, -2.2151646614074707, -2.393165349960327, -2.639380931854248, -2.64628005027771];[1.3570165634155273, 1.598158836364746, 0.9298009872436523, 0.8383365273475647, 0.8115341663360596];514.965213060379
550;[3.6865522861480713, 3.325200080871582, 3.0194358825683594, 2.885486364364624, 2.891796350479126, 2.7037692070007324];[0.27847549319267273, 0.1829540729522705, 0.1718006432056427, 0.17890678346157074, 0.18692219257354736, 0.16912513971328735];[-2.3015549182891846, -2.1357126235961914, -2.292315721511841, -2.4547574520111084, -2.677945852279663, -2.5741665363311768];[1.3570165634155273, 1.4699691534042358, 1.004077434539795, 0.8587639927864075, 0.8357640504837036];450.33912467956543
600;[3.540910005569458, 3.106748342514038, 2.6644434928894043, 2.844672441482544, 3.070880174636841, 3.2039525508880615];[0.31453534960746765, 0.2588081359863281, 0.2475367784500122, 0.41079244017601013, 0.55796217918396, 0.6311067938804626];[-2.319356679916382, -2.223254442214966, -2.2533957958221436, -3.012204170227051, -3.9100341796875, -4.564419746398926];[1.4240550994873047, 1.1568337678909302, 0.9055888652801514, 0.8379191160202026, 0.8179377913475037];560.0771939754486
600;[3.8338539600372314, 3.4123446941375732, 2.817624568939209, 2.7354960441589355, 2.7556073665618896, 2.869270086288452];[0.2677205502986908, 0.17911012470722198, 0.1778511255979538, 0.235467329621315, 0.2572683095932007, 0.2908615469932556];[-2.3706183433532715, -2.297837018966675, -2.3830313682556152, -2.6209003925323486, -2.733391046524048, -2.945434331893921];[1.4240550994873047, 1.151060700416565, 0.8238723874092102, 0.7804985642433167, 0.7726874947547913];407.018967628479
650;[3.604032278060913, 2.888240337371826, 2.7376177310943604, 3.0365920066833496, 3.5929677486419678, 3.8237712383270264];[0.32569724321365356, 0.23606787621974945, 0.228338360786438, 0.4106401205062866, 0.6486732363700867, 0.7605053186416626];[-2.375779390335083, -2.1230955123901367, -2.1247823238372803, -2.913828134536743, -4.527888298034668, -5.661695957183838];[1.4594218730926514, 1.2379910945892334, 1.084348201751709, 0.9678177833557129, 0.9194947481155396];352.6440830230713
650;[3.9040536880493164, 3.0899569988250732, 2.920167922973633, 2.9883291721343994, 3.4590721130371094, 3.9115283489227295];[0.2791663408279419, 0.1607813686132431, 0.15624098479747772, 0.22467412054538727, 0.4090750813484192, 0.5855973958969116];[-2.4164435863494873, -2.1685543060302734, -2.084458351135254, -2.3100171089172363, -3.0262508392333984, -4.189459800720215];[1.4594218730926514, 1.1644809246063232, 1.0641545057296753, 0.9983105659484863, 0.9694773554801941];354.25268149375916
700;[3.5309722423553467, 3.0881083011627197, 2.6990859508514404, 2.5864760875701904, 2.5782806873321533, 2.5453271865844727];[0.3201204836368561, 0.23240281641483307, 0.24963557720184326, 0.2790050804615021, 0.30077698826789856, 0.327970027923584];[-2.3599231243133545, -2.097938299179077, -2.262402296066284, -2.473006248474121, -2.56499981880188, -2.7163403034210205];[1.3925169706344604, 1.2991394996643066, 0.9738902449607849, 0.8743835687637329, 0.8343102335929871];459.42096161842346
700;[3.8213300704956055, 3.3515865802764893, 3.2068276405334473, 2.9480504989624023, 2.9725565910339355, 2.8458023071289062];[0.2770443856716156, 0.17720447480678558, 0.19378051161766052, 0.18160361051559448, 0.18465948104858398, 0.18601083755493164];[-2.3834190368652344, -2.1222217082977295, -2.3457858562469482, -2.523587703704834, -2.5348806381225586, -2.5855302810668945];[1.3925169706344604, 1.3116534948349, 1.1150168180465698, 0.9088407158851624, 0.8496890664100647];424.95514726638794
750;[3.5392649173736572, 2.989631175994873, 2.590393543243408, 2.58760142326355, 2.5382790565490723, 2.397495985031128];[0.3328361511230469, 0.2640400528907776, 0.256929486989975, 0.28610727190971375, 0.2879382371902466, 0.27116814255714417];[-2.3656411170959473, -2.2536778450012207, -2.357288122177124, -2.5880255699157715, -2.67006778717041, -2.608686923980713];[1.4034637212753296, 1.1031818389892578, 0.8292927742004395, 0.7745785117149353, 0.7369065284729004];526.6191272735596
750;[3.797492265701294, 3.298114538192749, 2.836655378341675, 2.8776514530181885, 2.861957550048828, 2.741840362548828];[0.289719820022583, 0.2023853212594986, 0.23451098799705505, 0.3007676601409912, 0.3313676714897156, 0.3334939181804657];[-2.391772985458374, -2.3120272159576416, -2.5796866416931152, -2.9147093296051025, -3.099996566772461, -3.089310646057129];[1.4034637212753296, 1.0873143672943115, 0.8108848333358765, 0.7694421410560608, 0.7571085691452026];499.6287422180176
800;[3.612802028656006, 2.7359352111816406, 2.747466564178467, 2.9323599338531494, 2.9814541339874268, 3.2673356533050537];[0.31813952326774597, 0.23369842767715454, 0.33146992325782776, 0.44975829124450684, 0.5815786719322205, 0.7047944664955139];[-2.3637871742248535, -2.130627393722534, -2.6160337924957275, -3.2406821250915527, -4.1903977394104, -5.167649745941162];[1.4197908639907837, 1.083174467086792, 0.8810107707977295, 0.85302734375, 0.7776710391044617];378.2931272983551
800;[3.937373638153076, 2.99824857711792, 2.8935186862945557, 2.9701154232025146, 2.8018383979797363, 2.915512800216675];[0.2629055678844452, 0.18067550659179688, 0.29263418912887573, 0.3064609467983246, 0.37647974491119385, 0.44532933831214905];[-2.410005569458008, -2.190354108810425, -2.6305723190307617, -2.8976457118988037, -3.0869555473327637, -3.423558235168457];[1.4197908639907837, 1.082324504852295, 0.8026883006095886, 0.8208624720573425, 0.7485570907592773];346.1451358795166
850;[3.40629506111145, 3.157616376876831, 3.232720136642456, 3.2533750534057617, 3.376188278198242, 3.513012647628784];[0.31851717829704285, 0.5057016611099243, 0.5828112363815308, 0.6193273067474365, 0.6883849501609802, 0.7170481085777283];[-2.2892351150512695, -3.39919376373291, -4.003298282623291, -4.32416296005249, -5.036749839782715, -5.354571342468262];[1.4117730855941772, 0.9356263875961304, 0.8877493143081665, 0.8423142433166504, 0.8583648204803467];567.2247910499573
850;[3.6515612602233887, 3.1748197078704834, 3.2647769451141357, 3.263012647628784, 3.40148663520813, 3.622620105743408];[0.2851385772228241, 0.3674828112125397, 0.4366484582424164, 0.48934027552604675, 0.5919864773750305, 0.6224576234817505];[-2.3090617656707764, -2.854010820388794, -3.349475860595703, -3.6183743476867676, -4.253357887268066, -4.713921070098877];[1.4117730855941772, 0.9437786936759949, 0.8652417063713074, 0.8448718786239624, 0.8435817360877991];332.743510723114
900;[3.5753185749053955, 2.772848129272461, 2.638495445251465, 2.781057119369507, 2.6194283962249756, 2.695302724838257];[0.3263450264930725, 0.22507701814174652, 0.2906281650066376, 0.3531559705734253, 0.37916404008865356, 0.424621045589447];[-2.3481249809265137, -2.1084346771240234, -2.4257102012634277, -2.7743918895721436, -2.938978672027588, -3.2229743003845215];[1.4822183847427368, 1.1773053407669067, 0.8743731379508972, 0.8688871264457703, 0.8472797870635986];422.86435198783875
900;[3.856558322906494, 3.004619836807251, 2.809248685836792, 2.9724769592285156, 2.6777451038360596, 2.79844331741333];[0.2791967988014221, 0.19091938436031342, 0.17479340732097626, 0.20436370372772217, 0.20714886486530304, 0.2413676381111145];[-2.386396646499634, -2.100813388824463, -2.2005183696746826, -2.5912058353424072, -2.509366273880005, -2.787686347961426];[1.4822183847427368, 1.162773847579956, 0.8806498050689697, 0.8590256571769714, 0.8354796171188354];578.0640559196472
950;[3.552725076675415, 2.845398426055908, 2.6438639163970947, 2.5952343940734863, 2.6471147537231445, 2.4680583477020264];[0.3211316168308258, 0.22673635184764862, 0.2338424175977707, 0.28298047184944153, 0.31179141998291016, 0.3237755000591278];[-2.3535826206207275, -2.056178569793701, -2.244363784790039, -2.46813702583313, -2.6822547912597656, -2.7153334617614746];[1.3763808012008667, 1.2040590047836304, 0.8895578980445862, 0.8377812504768372, 0.7649788856506348];370.76851630210876
950;[3.852540969848633, 3.0471293926239014, 2.993238687515259, 2.9929556846618652, 3.132723093032837, 2.9947216510772705];[0.2726131081581116, 0.148142471909523, 0.2007734626531601, 0.3127216100692749, 0.37839335203170776, 0.428764671087265];[-2.3935117721557617, -2.075562000274658, -2.368025064468384, -2.715118169784546, -3.136369228363037, -3.321439266204834];[1.3763808012008667, 1.190028190612793, 0.8923853635787964, 0.8404325246810913, 0.7674081325531006];398.7223174571991
1000;[3.5437560081481934, 3.067857265472412, 2.7396440505981445, 2.521022081375122, 2.523942708969116, 2.7200543880462646];[0.3287908434867859, 0.28866925835609436, 0.25661301612854004, 0.25639960169792175, 0.2681889832019806, 0.30568933486938477];[-2.3553853034973145, -2.3746578693389893, -2.2737724781036377, -2.3136935234069824, -2.4047963619232178, -2.599526882171631];[1.4298933744430542, 1.0339566469192505, 0.9120966792106628, 0.8385886549949646, 0.8178064227104187];517.7657792568207
1000;[3.809922695159912, 3.4094643592834473, 3.0492446422576904, 2.82212495803833, 2.833460807800293, 3.088620185852051];[0.2840760350227356, 0.23619376122951508, 0.20236724615097046, 0.2215152084827423, 0.23176982998847961, 0.2529401183128357];[-2.3852202892303467, -2.4545090198516846, -2.350301504135132, -2.386995792388916, -2.494582176208496, -2.801107168197632];[1.4298933744430542, 1.0398892164230347, 0.8973734378814697, 0.840125560760498, 0.8171777129173279];660.7736203670502
1050;[3.498385190963745, 3.1044230461120605, 3.2257792949676514, 3.003021001815796, 2.9456288814544678, 2.986987352371216];[0.316914439201355, 0.2448822259902954, 0.3468611538410187, 0.44131726026535034, 0.48086243867874146, 0.4907529950141907];[-2.322052240371704, -2.141873598098755, -2.5585155487060547, -3.130941390991211, -3.3403096199035645, -3.5009872913360596];[1.3702319860458374, 1.379838228225708, 1.0122555494308472, 0.9191010594367981, 0.8881600499153137];574.4710266590118
1050;[3.7667996883392334, 3.238523006439209, 3.466826915740967, 3.398210048675537, 3.451465129852295, 3.626843214035034];[0.2739606201648712, 0.17748618125915527, 0.2627703547477722, 0.44764599204063416, 0.5468664765357971, 0.5718746185302734];[-2.3533079624176025, -2.174495220184326, -2.5554654598236084, -3.2101309299468994, -3.7133631706237793, -4.196117401123047];[1.3702319860458374, 1.291959285736084, 1.03141188621521, 0.9360556602478027, 0.8989499807357788];371.4633891582489
1100;[3.633084297180176, 2.9499566555023193, 3.1326494216918945, 3.0247514247894287, 3.0884852409362793, 3.256030559539795];[0.3227347433567047, 0.22827333211898804, 0.3438270092010498, 0.414343923330307, 0.48888063430786133, 0.6001639366149902];[-2.406907081604004, -2.049758195877075, -2.5006935596466064, -2.924023389816284, -3.379549980163574, -4.130638599395752];[1.4891663789749146, 1.460415005683899, 1.1109727621078491, 0.9131273627281189, 0.8686829805374146];564.7268497943878
1100;[3.953230857849121, 3.1105575561523438, 3.4114906787872314, 3.4909236431121826, 3.524075984954834, 3.7657158374786377];[0.27360281348228455, 0.16021345555782318, 0.2799021601676941, 0.37191376090049744, 0.4295711815357208, 0.5723548531532288];[-2.441704750061035, -2.0548362731933594, -2.370117425918579, -2.790013313293457, -3.0939905643463135, -3.9073824882507324];[1.4891663789749146, 1.3681946992874146, 1.1727657318115234, 0.9880565404891968, 0.9391805529594421];416.6942970752716
1150;[3.549370527267456, 2.9777963161468506, 3.243157148361206, 3.5347020626068115, 3.75246000289917, 3.729492664337158];[0.32456448674201965, 0.2524245083332062, 0.30357569456100464, 0.45620614290237427, 0.6488265991210938, 0.6677118539810181];[-2.3321547508239746, -2.126563549041748, -2.3106558322906494, -3.021071434020996, -4.340328693389893, -4.664870738983154];[1.4211032390594482, 1.4634591341018677, 1.334776520729065, 1.0978471040725708, 1.0158450603485107];566.817079782486
1150;[3.819810152053833, 3.0645008087158203, 2.893695831298828, 2.9799585342407227, 3.0966172218322754, 3.27698016166687];[0.2810384929180145, 0.17745527625083923, 0.15595576167106628, 0.1882135272026062, 0.31183838844299316, 0.35123154520988464];[-2.362546920776367, -2.18953275680542, -2.155538320541382, -2.2137558460235596, -2.628619432449341, -2.912177801132202];[1.4211032390594482, 1.272755742073059, 1.039425015449524, 0.9833282232284546, 1.0326378345489502];478.36176586151123
1200;[3.5017285346984863, 2.9786555767059326, 2.947993278503418, 2.831418514251709, 2.6972575187683105, 2.8199756145477295];[0.3102601170539856, 0.3660428524017334, 0.3639502227306366, 0.3957730531692505, 0.408003032207489, 0.447965532541275];[-2.3085689544677734, -2.711287260055542, -2.758521556854248, -2.92006516456604, -3.076887845993042, -3.3578553199768066];[1.4090831279754639, 0.9159021377563477, 0.8923033475875854, 0.8519068360328674, 0.8111681342124939];410.16442251205444
1200;[3.7827274799346924, 3.2605268955230713, 3.2572319507598877, 3.057187080383301, 2.8779444694519043, 3.0133891105651855];[0.268138587474823, 0.3227757215499878, 0.3938837945461273, 0.42327287793159485, 0.42038702964782715, 0.44935256242752075];[-2.3427767753601074, -2.693575382232666, -3.2302253246307373, -3.378722906112671, -3.498352527618408, -3.789285182952881];[1.4090831279754639, 0.9476420879364014, 0.8490306735038757, 0.79463791847229, 0.7523907423019409];389.77302169799805
1250;[3.4876513481140137, 2.966836929321289, 2.663440465927124, 2.614319324493408, 2.700803279876709, 2.469088554382324];[0.3158087134361267, 0.2484600841999054, 0.2667528986930847, 0.3056354820728302, 0.33400195837020874, 0.3324372172355652];[-2.328146457672119, -2.184401750564575, -2.38578200340271, -2.62910795211792, -2.7745769023895264, -2.8037145137786865];[1.4425804615020752, 1.1555113792419434, 0.8714579939842224, 0.8096482157707214, 0.7915015816688538];589.1532244682312
1250;[3.762364149093628, 3.2730143070220947, 2.99368953704834, 2.915364980697632, 2.9964940547943115, 2.7108893394470215];[0.2784407436847687, 0.18660292029380798, 0.2021210789680481, 0.2304926961660385, 0.25083228945732117, 0.25347015261650085];[-2.34122371673584, -2.240846872329712, -2.496065139770508, -2.7273707389831543, -2.8590877056121826, -2.748840093612671];[1.4425804615020752, 1.1598721742630005, 0.8793476819992065, 0.8045860528945923, 0.7857289910316467];343.68615651130676
1300;[3.5354790687561035, 2.792628288269043, 2.7764694690704346, 2.9365928173065186, 2.5590944290161133, 2.5647928714752197];[0.3090335726737976, 0.21763385832309723, 0.257798969745636, 0.34243762493133545, 0.3341446816921234, 0.3497391939163208];[-2.30558705329895, -2.104848861694336, -2.3090107440948486, -2.706137180328369, -2.7486987113952637, -2.8381009101867676];[1.4331846237182617, 1.1415047645568848, 0.93609219789505, 0.8518344759941101, 0.8276048898696899];416.03115010261536
1300;[3.824474573135376, 3.053868055343628, 3.0324227809906006, 3.268864393234253, 2.867739677429199, 2.9071860313415527];[0.26382386684417725, 0.15487046539783478, 0.2254561185836792, 0.32247477769851685, 0.37227120995521545, 0.4118187725543976];[-2.3408279418945312, -2.1646602153778076, -2.474730968475342, -2.9753568172454834, -3.0466878414154053, -3.1911988258361816];[1.4331846237182617, 1.166259527206421, 0.8678210973739624, 0.8292100429534912, 0.7625994682312012];357.4258391857147
1350;[3.5258939266204834, 2.6061339378356934, 2.754140615463257, 2.683314800262451, 2.647507429122925, 2.817089796066284];[0.32419249415397644, 0.2135956585407257, 0.2897898852825165, 0.3407747149467468, 0.41771018505096436, 0.5033009052276611];[-2.359018087387085, -2.0787160396575928, -2.464686393737793, -2.773268222808838, -3.1972908973693848, -3.6850063800811768];[1.4399313926696777, 1.0259544849395752, 0.8927195072174072, 0.8441556692123413, 0.8561915755271912];348.23588967323303
1350;[3.8054158687591553, 2.8733017444610596, 3.1179261207580566, 3.055253267288208, 3.0302228927612305, 3.2417197227478027];[0.2841842770576477, 0.15828976035118103, 0.23512685298919678, 0.32250261306762695, 0.43397775292396545, 0.5251649022102356];[-2.378052234649658, -2.082878351211548, -2.535599708557129, -2.8173091411590576, -3.3227968215942383, -3.937865734100342];[1.4399313926696777, 1.043174147605896, 0.9059954881668091, 0.87809157371521, 0.8605399131774902];379.25892305374146
1400;[3.573118209838867, 3.147958993911743, 3.6681082248687744, 4.155608654022217, 4.246692657470703, 4.501675605773926];[0.3319355547428131, 0.24917401373386383, 0.4171525537967682, 0.6528998017311096, 0.7191694378852844, 0.8139051795005798];[-2.357722520828247, -2.1326823234558105, -2.711099147796631, -4.2074151039123535, -4.971402168273926, -5.958213806152344];[1.5062978267669678, 1.7539474964141846, 1.2411880493164062, 1.0856173038482666, 0.8932391405105591];662.0102314949036
1400;[3.8535892963409424, 3.2668488025665283, 3.1062073707580566, 3.09386944770813, 3.2556211948394775, 3.5017201900482178];[0.28976142406463623, 0.1698521077632904, 0.1747186779975891, 0.3091926872730255, 0.4321063756942749, 0.5725037455558777];[-2.3891215324401855, -2.189542293548584, -2.193145990371704, -2.6269562244415283, -3.3738105297088623, -4.279359340667725];[1.5062978267669678, 1.5831570625305176, 1.0733693838119507, 0.9017202854156494, 0.806915283203125];351.9057865142822
1450;[3.462273120880127, 2.6921260356903076, 3.0079288482666016, 2.604468584060669, 2.696303606033325, 2.5291998386383057];[0.31377702951431274, 0.22619839012622833, 0.3151547908782959, 0.2703796327114105, 0.28137511014938354, 0.2557414174079895];[-2.2975685596466064, -2.059108257293701, -2.4584078788757324, -2.310734272003174, -2.3861258029937744, -2.3308730125427246];[1.4827321767807007, 1.1150314807891846, 0.9177822470664978, 0.8921672105789185, 0.8571168184280396];350.7694067955017
1450;[3.726362466812134, 2.904139518737793, 3.268031597137451, 2.8183233737945557, 2.915045738220215, 2.737910270690918];[0.27243274450302124, 0.14543677866458893, 0.2026136964559555, 0.1753953993320465, 0.18421180546283722, 0.1743060052394867];[-2.3279733657836914, -2.0978524684906006, -2.6123058795928955, -2.4480679035186768, -2.5613014698028564, -2.481658935546875];[1.4827321767807007, 1.0892268419265747, 0.9092974662780762, 0.8816834688186646, 0.8452685475349426];382.93487906455994
1500;[3.464956283569336, 2.666750431060791, 2.7335588932037354, 2.661433458328247, 2.9559197425842285, 2.996476650238037];[0.3134991228580475, 0.2214779406785965, 0.31396183371543884, 0.3751947283744812, 0.5029836297035217, 0.5500009059906006];[-2.3150103092193604, -2.1046571731567383, -2.589320421218872, -2.88102126121521, -3.596874475479126, -3.981318473815918];[1.4814077615737915, 1.0438618659973145, 0.8772292733192444, 0.8360171914100647, 0.8167282938957214];336.4322774410248
1500;[3.732696533203125, 2.9295287132263184, 3.075967311859131, 3.0073328018188477, 3.3608720302581787, 3.4426326751708984];[0.2757726013660431, 0.16634981334209442, 0.2765078842639923, 0.3675052225589752, 0.501699686050415, 0.5559872984886169];[-2.3366849422454834, -2.130335807800293, -2.6825571060180664, -2.9633185863494873, -3.7554214000701904, -4.257109642028809];[1.4814077615737915, 1.062445878982544, 0.885608971118927, 0.8437442183494568, 0.8240458965301514];429.36402130126953
1550;[3.500197410583496, 3.061330795288086, 2.8381175994873047, 2.8452870845794678, 2.7456276416778564, 2.8111064434051514];[0.312002569437027, 0.25060775876045227, 0.333793580532074, 0.38197675347328186, 0.4097672402858734, 0.4562559723854065];[-2.3159425258636475, -2.1672022342681885, -2.5953495502471924, -2.876786231994629, -3.105713367462158, -3.4145467281341553];[1.4545917510986328, 1.3113322257995605, 0.8928219676017761, 0.8318161964416504, 0.7779858112335205];693.2185289859772
1550;[3.785066604614258, 3.3164923191070557, 2.9678730964660645, 3.102276086807251, 3.026177167892456, 3.162172317504883];[0.2721848785877228, 0.18281416594982147, 0.2564103901386261, 0.3151083290576935, 0.36175817251205444, 0.42261457443237305];[-2.34751296043396, -2.2029805183410645, -2.511660575866699, -2.841867208480835, -3.040114641189575, -3.3831984996795654];[1.4545917510986328, 1.3107155561447144, 0.8616447448730469, 0.835398256778717, 0.7876524329185486];533.6138455867767
1600;[3.597944498062134, 2.9312691688537598, 2.495389699935913, 2.5263869762420654, 2.5978331565856934, 2.3401012420654297];[0.32531020045280457, 0.3078129291534424, 0.23089194297790527, 0.2707122564315796, 0.3177526593208313, 0.3033704161643982];[-2.366403818130493, -2.4028513431549072, -2.196113348007202, -2.4517428874969482, -2.6783339977264404, -2.6634576320648193];[1.3467326164245605, 1.0551570653915405, 0.8995497226715088, 0.8418773412704468, 0.8317756056785583];333.5209448337555
1600;[3.8936989307403564, 3.210966110229492, 2.7515337467193604, 2.8178181648254395, 2.8882107734680176, 2.5972068309783936];[0.28058260679244995, 0.2684445381164551, 0.18426820635795593, 0.24230213463306427, 0.28653284907341003, 0.29450657963752747];[-2.3895761966705322, -2.394407033920288, -2.2655694484710693, -2.5914063453674316, -2.8399972915649414, -2.7659988403320312];[1.3467326164245605, 1.0699940919876099, 0.8929941654205322, 0.8305657505989075, 0.8176001906394958];341.78670167922974
1650;[3.436478853225708, 2.793426513671875, 2.6142163276672363, 2.4445126056671143, 2.5435311794281006, 2.5558996200561523];[0.31080397963523865, 0.24997040629386902, 0.2572225332260132, 0.2624722719192505, 0.306962251663208, 0.33902254700660706];[-2.295853853225708, -2.2511425018310547, -2.3318636417388916, -2.3650476932525635, -2.583285093307495, -2.723024368286133];[1.4399919509887695, 0.9517167210578918, 0.9110612273216248, 0.9254065155982971, 0.9053754806518555];334.5663754940033
1650;[3.6971449851989746, 3.107544183731079, 2.9459400177001953, 2.783224105834961, 3.0004324913024902, 3.1214280128479004];[0.27425670623779297, 0.17454193532466888, 0.22399017214775085, 0.2755514085292816, 0.37092581391334534, 0.4519178569316864];[-2.3213651180267334, -2.2175562381744385, -2.3940162658691406, -2.484457015991211, -2.9387435913085938, -3.3601231575012207];[1.4399919509887695, 0.9892757534980774, 0.9182866215705872, 0.932929277420044, 0.9143889546394348];553.3886964321136
1700;[3.4560554027557373, 2.642163038253784, 2.7575511932373047, 2.6385695934295654, 2.7166976928710938, 2.813305616378784];[0.30309203267097473, 0.2563614547252655, 0.3258669972419739, 0.3420502543449402, 0.3780648410320282, 0.4444982707500458];[-2.2906713485717773, -2.2738471031188965, -2.665921211242676, -2.7322680950164795, -2.9515631198883057, -3.278515577316284];[1.4486035108566284, 0.934315025806427, 0.8608047962188721, 0.8551546931266785, 0.8227731585502625];346.8597500324249
1700;[3.737506151199341, 2.8995609283447266, 3.057651996612549, 2.9061949253082275, 3.034029722213745, 3.1308865547180176];[0.26869598031044006, 0.19583746790885925, 0.26108336448669434, 0.28553205728530884, 0.33277344703674316, 0.40942397713661194];[-2.304698944091797, -2.2286694049835205, -2.6395092010498047, -2.6503374576568604, -2.9180922508239746, -3.2432503700256348];[1.4486035108566284, 0.9502875804901123, 0.8767225742340088, 0.8590027093887329, 0.8387888669967651];368.5416157245636
1750;[3.5498480796813965, 2.8552658557891846, 2.88812518119812, 3.078434467315674, 3.2368245124816895, 3.3748514652252197];[0.3212936520576477, 0.3312482237815857, 0.40000370144844055, 0.46712663769721985, 0.5928217768669128, 0.6579403281211853];[-2.345487117767334, -2.571228265762329, -2.8882014751434326, -3.285787582397461, -4.045870780944824, -4.6855244636535645];[1.478678584098816, 0.9290363192558289, 0.8862243294715881, 0.8440510630607605, 0.8272155523300171];332.8996865749359
1750;[3.8430700302124023, 3.1461288928985596, 2.8678207397460938, 3.0116310119628906, 2.787569761276245, 2.8939008712768555];[0.2804086208343506, 0.2850285768508911, 0.28655919432640076, 0.2990961968898773, 0.33702415227890015, 0.36419305205345154];[-2.376481771469116, -2.513493537902832, -2.655754566192627, -3.073596954345703, -3.0677876472473145, -3.335601329803467];[1.478678584098816, 0.9450571537017822, 0.8370981216430664, 0.7690380811691284, 0.7694724202156067];344.1881456375122
1800;[3.605226755142212, 3.0052783489227295, 2.4958083629608154, 2.6363773345947266, 2.526862144470215, 2.677365303039551];[0.3255167305469513, 0.26691263914108276, 0.25104668736457825, 0.3016398847103119, 0.3374841809272766, 0.36833471059799194];[-2.3653697967529297, -2.241607189178467, -2.322279930114746, -2.6101441383361816, -2.7665910720825195, -2.9594883918762207];[1.3986296653747559, 1.175610065460205, 0.8603977560997009, 0.8032349944114685, 0.829206645488739];326.6759123802185
1800;[3.910835027694702, 3.280569076538086, 3.102915048599243, 3.503936767578125, 3.8734116554260254, 4.233376979827881];[0.2755705714225769, 0.21022361516952515, 0.34632325172424316, 0.47667255997657776, 0.7064487934112549, 0.7522106170654297];[-2.414064884185791, -2.2874932289123535, -2.731417179107666, -3.5592808723449707, -5.074676990509033, -5.993904113769531];[1.3986296653747559, 1.1537652015686035, 0.9075301885604858, 0.9024767875671387, 0.8844804763793945];390.037034034729
1850;[3.585946559906006, 2.879946708679199, 2.9531137943267822, 2.9535470008850098, 2.9731688499450684, 2.769792318344116];[0.3234803378582001, 0.23424819111824036, 0.33145228028297424, 0.3928169310092926, 0.42640963196754456, 0.4075046181678772];[-2.3658080101013184, -2.0977678298950195, -2.4497897624969482, -2.678964853286743, -2.922370672225952, -2.9769515991210938];[1.4456795454025269, 1.2707287073135376, 1.0018696784973145, 0.9432706236839294, 0.8783650398254395];963.08780169487
1850;[3.8915464878082275, 3.1052982807159424, 3.1538610458374023, 3.1515579223632812, 3.2543389797210693, 3.241271495819092];[0.2754146158695221, 0.17864882946014404, 0.30003777146339417, 0.3729093670845032, 0.4420940577983856, 0.5141332149505615];[-2.412106990814209, -2.118446111679077, -2.6455507278442383, -2.9905683994293213, -3.4246113300323486, -3.8004345893859863];[1.4456795454025269, 1.2377581596374512, 0.9656525254249573, 0.9511116147041321, 0.8700023293495178];584.1001815795898
1900;[3.5799410343170166, 2.946230411529541, 2.583285093307495, 2.5429575443267822, 2.7296788692474365, 2.8322293758392334];[0.33053767681121826, 0.23450607061386108, 0.2870728671550751, 0.3188502788543701, 0.4287891089916229, 0.4792899787425995];[-2.3639814853668213, -2.152388572692871, -2.444868803024292, -2.6674766540527344, -3.2331454753875732, -3.506110906600952];[1.3942899703979492, 1.1242038011550903, 0.8768129944801331, 0.8508596420288086, 0.8489255905151367];385.66401052474976
1900;[3.870701313018799, 3.2636752128601074, 2.8818156719207764, 2.866513729095459, 3.047334909439087, 3.177746057510376];[0.28553450107574463, 0.17600129544734955, 0.2658400535583496, 0.31577372550964355, 0.431086927652359, 0.4832631051540375];[-2.4045965671539307, -2.2211573123931885, -2.521289587020874, -2.7722818851470947, -3.3324830532073975, -3.612978219985962];[1.3942899703979492, 1.119302749633789, 0.873304009437561, 0.8442707061767578, 0.848098635673523];322.2936055660248
1950;[3.514319896697998, 2.56760311126709, 2.5492424964904785, 2.530425786972046, 2.4052317142486572, 2.3298892974853516];[0.3258659839630127, 0.21638526022434235, 0.22889214754104614, 0.23897692561149597, 0.23680421710014343, 0.2384621649980545];[-2.3650434017181396, -2.0732107162475586, -2.2012174129486084, -2.256490468978882, -2.279646635055542, -2.268444299697876];[1.430879831314087, 1.0023962259292603, 0.8981006145477295, 0.8693177700042725, 0.8781893849372864];462.40358448028564
1950;[3.7896182537078857, 2.829970121383667, 2.843367338180542, 2.8355720043182373, 2.715986728668213, 2.6169662475585938];[0.29000577330589294, 0.14567092061042786, 0.16136911511421204, 0.1774151623249054, 0.2022886872291565, 0.21313512325286865];[-2.3684115409851074, -2.120875597000122, -2.2647204399108887, -2.3390541076660156, -2.317059278488159, -2.281033754348755];[1.430879831314087, 1.0294668674468994, 0.9053060412406921, 0.8762200474739075, 0.8860377669334412];345.33215284347534
2000;[3.5761539936065674, 2.6634280681610107, 2.5266757011413574, 2.6384902000427246, 2.740868091583252, 2.9194679260253906];[0.32006293535232544, 0.28512659668922424, 0.3552384674549103, 0.38754868507385254, 0.4563388228416443, 0.5010651350021362];[-2.343735933303833, -2.452930450439453, -2.8591113090515137, -3.051780939102173, -3.40954852104187, -3.6602859497070312];[1.4451537132263184, 0.8808196187019348, 0.8768263459205627, 0.8395359516143799, 0.8580188751220703];409.8761432170868
2000;[3.8713388442993164, 2.9120092391967773, 2.649168014526367, 2.76951265335083, 2.842618703842163, 3.014387607574463];[0.2777880132198334, 0.16137439012527466, 0.20253810286521912, 0.22724835574626923, 0.291519433259964, 0.32283422350883484];[-2.3715295791625977, -2.2037322521209717, -2.2960903644561768, -2.447329044342041, -2.70129656791687, -2.904505968093872];[1.4451537132263184, 0.9198780059814453, 0.8815187215805054, 0.8857995867729187, 0.8895705342292786];330.4948675632477
2050;[3.535275459289551, 2.8041837215423584, 2.6012485027313232, 2.469264268875122, 2.4244463443756104, 2.5611815452575684];[0.3221924304962158, 0.29495343565940857, 0.2997036874294281, 0.31465157866477966, 0.31566882133483887, 0.35773447155952454];[-2.326617956161499, -2.432264566421509, -2.52382493019104, -2.717207908630371, -2.775912046432495, -3.060701608657837];[1.3899706602096558, 0.9947145581245422, 0.8756871223449707, 0.796172022819519, 0.7726309299468994];328.05911135673523
2050;[3.812070369720459, 3.1173975467681885, 3.1756844520568848, 3.2963032722473145, 3.4704413414001465, 3.845885753631592];[0.27784520387649536, 0.23536734282970428, 0.37009087204933167, 0.5217369794845581, 0.6032741665840149, 0.701951265335083];[-2.370086669921875, -2.388841152191162, -2.9273509979248047, -3.710970401763916, -4.420782089233398, -5.478722095489502];[1.3899706602096558, 1.0415066480636597, 0.9206910133361816, 0.8474862575531006, 0.8205838799476624];317.3279972076416
2100;[3.5217692852020264, 3.305286407470703, 3.4696435928344727, 3.6516425609588623, 3.6974868774414062, 3.6952502727508545];[0.31753093004226685, 0.5890277028083801, 0.636131227016449, 0.7320500016212463, 0.7614726424217224, 0.7865612506866455];[-2.337181806564331, -4.055168628692627, -4.4738359451293945, -5.173590660095215, -5.686992645263672, -6.019880294799805];[1.4028916358947754, 0.8757643699645996, 0.8281278610229492, 0.8288908004760742, 0.8267775177955627];368.38711524009705
2100;[3.794963836669922, 3.144934892654419, 3.322073221206665, 3.4021894931793213, 3.402637243270874, 3.4041643142700195];[0.27691808342933655, 0.43610551953315735, 0.4626563489437103, 0.5405216217041016, 0.560850203037262, 0.5951782464981079];[-2.3659555912017822, -3.140292167663574, -3.5424821376800537, -3.995857000350952, -4.227644920349121, -4.437314033508301];[1.4028916358947754, 0.8518603444099426, 0.821755051612854, 0.819057822227478, 0.7982473373413086];407.9284782409668
2150;[3.587566375732422, 2.883735418319702, 3.0497539043426514, 3.127202033996582, 3.4325337409973145, 3.5288684368133545];[0.31922027468681335, 0.21512900292873383, 0.2610849142074585, 0.4544042646884918, 0.5999808311462402, 0.6974837779998779];[-2.356583595275879, -2.046757459640503, -2.2645018100738525, -3.1316401958465576, -4.157942771911621, -4.817653656005859];[1.469148874282837, 1.4100141525268555, 1.130513072013855, 0.9186214804649353, 0.856576144695282];325.9607367515564
2150;[3.895796537399292, 3.0913515090942383, 3.2728586196899414, 3.464228630065918, 3.9021832942962646, 4.035246849060059];[0.27154645323753357, 0.1517905443906784, 0.17642569541931152, 0.41777822375297546, 0.5948377847671509, 0.7029131054878235];[-2.4018948078155518, -2.0572261810302734, -2.2003536224365234, -3.0502145290374756, -4.324272632598877, -5.22719144821167];[1.469148874282837, 1.3051685094833374, 1.1474287509918213, 0.9315179586410522, 0.8888176679611206];383.80464363098145
2200;[3.5403051376342773, 2.6760690212249756, 2.637420654296875, 2.488285779953003, 2.688053607940674, 2.7826759815216064];[0.3197009563446045, 0.20919176936149597, 0.23779799044132233, 0.23475642502307892, 0.27399975061416626, 0.2942805290222168];[-2.3274073600769043, -2.033890724182129, -2.1306352615356445, -2.1073670387268066, -2.2237212657928467, -2.3351705074310303];[1.5389820337295532, 1.055450677871704, 0.9637078046798706, 0.9778282046318054, 0.9770711064338684];324.4108111858368
2200;[3.8225955963134766, 2.931872606277466, 2.903324604034424, 2.755476474761963, 3.0043866634368896, 3.118297815322876];[0.27916425466537476, 0.13997027277946472, 0.15567657351493835, 0.15625888109207153, 0.18698172271251678, 0.1982017606496811];[-2.3531246185302734, -2.0341227054595947, -2.176006555557251, -2.170250177383423, -2.3605048656463623, -2.479919910430908];[1.5389820337295532, 1.0737993717193604, 0.9732598662376404, 0.984943151473999, 0.9837686419487];329.02481961250305
2250;[3.51129150390625, 2.7737276554107666, 2.9237303733825684, 3.158118724822998, 2.8556320667266846, 2.9497525691986084];[0.3149825930595398, 0.27814069390296936, 0.3520427942276001, 0.4385726749897003, 0.40516743063926697, 0.4430127739906311];[-2.3221781253814697, -2.1651837825775146, -2.416564702987671, -2.796800136566162, -2.599656343460083, -2.7633800506591797];[1.4969102144241333, 1.117478847503662, 0.9485893845558167, 0.9780588150024414, 0.890126645565033];328.17115545272827
2250;[3.7853307723999023, 2.941037654876709, 3.0930423736572266, 3.3066234588623047, 2.9454808235168457, 3.0455503463745117];[0.2728997468948364, 0.1722743809223175, 0.2189122885465622, 0.2809421718120575, 0.24732601642608643, 0.26825928688049316];[-2.361947536468506, -2.1810836791992188, -2.4628286361694336, -2.9261841773986816, -2.5977330207824707, -2.8034706115722656];[1.4969102144241333, 1.1105314493179321, 0.9676157236099243, 0.9577023386955261, 0.8768230676651001];347.94836950302124
2300;[3.490316867828369, 2.837690591812134, 2.746127128601074, 2.9048011302948, 2.9175119400024414, 2.9644107818603516];[0.3220456540584564, 0.221319779753685, 0.29544970393180847, 0.4302774667739868, 0.49589458107948303, 0.5649060606956482];[-2.325357675552368, -2.089405059814453, -2.4189682006835938, -3.0993571281433105, -3.5841166973114014, -3.979008674621582];[1.3730943202972412, 1.1985054016113281, 0.9344927668571472, 0.8540062308311462, 0.8320257067680359];359.11950063705444
2300;[3.7545666694641113, 3.119459629058838, 3.1899642944335938, 3.5268757343292236, 3.666962146759033, 3.7891416549682617];[0.2885453701019287, 0.16992422938346863, 0.29234275221824646, 0.5067373514175415, 0.6175299882888794, 0.7216143012046814];[-2.3434231281280518, -2.1163694858551025, -2.5588176250457764, -3.6049818992614746, -4.549708843231201, -5.4125165939331055];[1.3730943202972412, 1.1689701080322266, 0.9570058584213257, 0.8745105266571045, 0.8404724597930908];385.1557321548462
2350;[3.5439748764038086, 2.5560317039489746, 2.6808202266693115, 2.6160078048706055, 2.820939064025879, 3.0215506553649902];[0.3181142508983612, 0.21340784430503845, 0.30387264490127563, 0.3975300192832947, 0.4764382541179657, 0.5933669209480286];[-2.343852996826172, -2.09425687789917, -2.534801721572876, -3.0229334831237793, -3.520881175994873, -4.239899635314941];[1.4287128448486328, 0.9758802652359009, 0.8618454933166504, 0.8388292193412781, 0.7820770144462585];342.0757522583008
2350;[3.8467142581939697, 2.8400278091430664, 2.9934301376342773, 2.8946733474731445, 3.183232069015503, 3.3846595287323];[0.2723405361175537, 0.15769840776920319, 0.2533568739891052, 0.37980833649635315, 0.4625963270664215, 0.5994417071342468];[-2.377462148666382, -2.088361978530884, -2.5110011100769043, -2.916616439819336, -3.5464537143707275, -4.303183555603027];[1.4287128448486328, 1.012847661972046, 0.8748404383659363, 0.8539658188819885, 0.79638671875];447.4740240573883
2400;[3.519235134124756, 2.8091728687286377, 2.593932867050171, 2.6365973949432373, 2.8215692043304443, 3.063624620437622];[0.31322935223579407, 0.23557017743587494, 0.21108825504779816, 0.2452636957168579, 0.36838653683662415, 0.5281668901443481];[-2.3275327682495117, -2.07898211479187, -2.0667598247528076, -2.246987819671631, -2.8164873123168945, -3.696195125579834];[1.4247595071792603, 1.1801882982254028, 0.9884606599807739, 0.9493191242218018, 0.8775774240493774];352.8315508365631
2400;[3.810366630554199, 3.007460832595825, 2.8518476486206055, 2.907444477081299, 2.9842019081115723, 3.21040415763855];[0.26939359307289124, 0.1536976844072342, 0.1448196917772293, 0.16599786281585693, 0.2522713243961334, 0.41605326533317566];[-2.3531546592712402, -2.104813814163208, -2.128751516342163, -2.2138707637786865, -2.4692747592926025, -3.1520988941192627];[1.4247595071792603, 1.123777985572815, 0.9756980538368225, 0.9583572149276733, 0.9238528609275818];689.7414662837982
2450;[3.5078670978546143, 2.955888032913208, 3.136944532394409, 3.4645371437072754, 3.8277649879455566, 3.9160163402557373];[0.3122927248477936, 0.23398514091968536, 0.36347082257270813, 0.5744329690933228, 0.6978228688240051, 0.7770549654960632];[-2.328794002532959, -2.136199474334717, -2.673093795776367, -3.8114213943481445, -5.020143985748291, -5.499253749847412];[1.5208905935287476, 1.18213951587677, 0.9572528600692749, 0.88429856300354, 0.8291521668434143];356.9480218887329
2450;[3.795339822769165, 3.21698260307312, 3.413652181625366, 3.985649585723877, 4.539611339569092, 4.706690788269043];[0.27345189452171326, 0.1763528287410736, 0.32588428258895874, 0.5928552746772766, 0.7292091846466064, 0.828242301940918];[-2.3540546894073486, -2.1528985500335693, -2.747269868850708, -4.228662967681885, -5.834547996520996, -6.6727519035339355];[1.5208905935287476, 1.1615803241729736, 0.9402640461921692, 0.9084171652793884, 0.8887691497802734];680.1113965511322
2500;[3.563859224319458, 2.670654296875, 2.775482416152954, 2.7850401401519775, 2.737130641937256, 2.92960786819458];[0.31150174140930176, 0.2572048008441925, 0.2956826686859131, 0.33926552534103394, 0.4020443856716156, 0.47760266065597534];[-2.3091704845428467, -2.27331805229187, -2.493434429168701, -2.6891286373138428, -2.9805774688720703, -3.401259660720825];[1.3893779516220093, 0.9253787994384766, 0.8843799829483032, 0.8746801614761353, 0.8156997561454773];434.70775175094604
2500;[3.86392879486084, 2.94972825050354, 3.1046409606933594, 3.1079423427581787, 3.0190165042877197, 3.1354167461395264];[0.26729366183280945, 0.20323233306407928, 0.23299260437488556, 0.2834940254688263, 0.3678700029850006, 0.3983907699584961];[-2.3386967182159424, -2.2163021564483643, -2.500953435897827, -2.6434407234191895, -2.8708372116088867, -3.0826361179351807];[1.3893779516220093, 0.9404188394546509, 0.8977450132369995, 0.8896185755729675, 0.8328904509544373];371.62378001213074
2550;[3.486790657043457, 2.8796231746673584, 2.5482733249664307, 2.6717641353607178, 2.4099245071411133, 2.6802978515625];[0.3226550221443176, 0.25468119978904724, 0.25624746084213257, 0.3128920793533325, 0.31163138151168823, 0.3783000409603119];[-2.324676275253296, -2.1913461685180664, -2.298941135406494, -2.6270203590393066, -2.645237684249878, -2.970369577407837];[1.3986759185791016, 1.066039800643921, 0.8565092086791992, 0.8671584129333496, 0.8142191171646118];343.75431180000305
2550;[3.7523293495178223, 3.161376476287842, 2.957918167114258, 3.160170555114746, 2.92201566696167, 3.264402151107788];[0.2859756052494049, 0.21284155547618866, 0.278533399105072, 0.36836478114128113, 0.42793312668800354, 0.4821711480617523];[-2.3386783599853516, -2.2257094383239746, -2.5494284629821777, -3.0559282302856445, -3.207446336746216, -3.704636573791504];[1.3986759185791016, 1.0667551755905151, 0.8949978351593018, 0.8777601718902588, 0.8250858187675476];314.42548990249634
2600;[3.4589321613311768, 3.4888319969177246, 2.7971699237823486, 2.646451473236084, 2.504279136657715, 2.3968944549560547];[0.3229735791683197, 0.247866690158844, 0.27994781732559204, 0.23658014833927155, 0.2160973846912384, 0.18295975029468536];[-2.3390071392059326, -2.1481380462646484, -2.1302194595336914, -2.0583667755126953, -2.0166728496551514, -1.9827113151550293];[1.3757927417755127, 1.6621148586273193, 1.1939412355422974, 0.9908337593078613, 0.9718481302261353];313.28867268562317
2600;[3.7190558910369873, 3.235506057739258, 3.101541042327881, 3.400322675704956, 3.4887478351593018, 3.8760597705841064];[0.28916415572166443, 0.15340133011341095, 0.20417237281799316, 0.42663466930389404, 0.5452975034713745, 0.6917093992233276];[-2.348148822784424, -2.1311585903167725, -2.171207904815674, -3.0826313495635986, -3.7953455448150635, -5.0626912117004395];[1.3757927417755127, 1.4352257251739502, 1.121173620223999, 0.9435874819755554, 0.9103136658668518];321.7026069164276
2650;[3.5072474479675293, 2.8682186603546143, 2.8711822032928467, 3.096630334854126, 3.0975823402404785, 3.177859306335449];[0.31620314717292786, 0.28391939401626587, 0.4405430853366852, 0.5447357892990112, 0.5915056467056274, 0.6247557401657104];[-2.3184397220611572, -2.3363611698150635, -3.103172540664673, -3.7818329334259033, -4.111198425292969, -4.399329662322998];[1.4356052875518799, 1.049279808998108, 0.8255841732025146, 0.8115253448486328, 0.7823413014411926];318.879376411438
2650;[3.786104917526245, 3.1565701961517334, 2.8166310787200928, 2.9399945735931396, 2.893070697784424, 2.89022159576416];[0.2754952311515808, 0.24635963141918182, 0.2629379630088806, 0.3062758445739746, 0.3280981183052063, 0.32801613211631775];[-2.3470582962036133, -2.375767230987549, -2.6007437705993652, -2.9112160205841064, -3.0113513469696045, -3.080565929412842];[1.4356052875518799, 1.0062072277069092, 0.8127511143684387, 0.7895303964614868, 0.7584400177001953];316.7183337211609
2700;[3.6231837272644043, 3.081852912902832, 2.902723550796509, 3.0694262981414795, 3.1753427982330322, 3.3301520347595215];[0.32361942529678345, 0.36818981170654297, 0.471037358045578, 0.5355572700500488, 0.6029458045959473, 0.6968720555305481];[-2.3512766361236572, -2.7560067176818848, -3.3334810733795166, -3.82351016998291, -4.249506950378418, -4.950592994689941];[1.381988525390625, 0.8920319080352783, 0.8720908164978027, 0.8456543684005737, 0.83113694190979];323.94086265563965
2700;[3.923402786254883, 3.367978096008301, 3.0360472202301025, 3.190826892852783, 3.2694151401519775, 3.36198091506958];[0.2704773545265198, 0.24338750541210175, 0.34310999512672424, 0.4020605683326721, 0.46314308047294617, 0.5678245425224304];[-2.410552501678467, -2.574430465698242, -2.8364064693450928, -3.180647850036621, -3.5174570083618164, -4.07052755355835];[1.381988525390625, 0.9262089133262634, 0.89059978723526, 0.8584372997283936, 0.8834344744682312];313.7125189304352
2750;[3.571190118789673, 2.6259207725524902, 2.5562660694122314, 2.5067315101623535, 2.5880484580993652, 2.527146816253662];[0.3236669898033142, 0.24394391477108002, 0.260968953371048, 0.26641422510147095, 0.30309611558914185, 0.3344959616661072];[-2.34444260597229, -2.2335011959075928, -2.3591790199279785, -2.4037716388702393, -2.605036735534668, -2.7665045261383057];[1.5251234769821167, 0.9127922058105469, 0.8778843879699707, 0.8308871388435364, 0.8320687413215637];311.6282253265381
2750;[3.868344783782959, 2.8907320499420166, 2.8336753845214844, 2.835273027420044, 3.0061986446380615, 2.9576632976531982];[0.27734726667404175, 0.18009334802627563, 0.24085646867752075, 0.2865343391895294, 0.3661990463733673, 0.43521901965141296];[-2.3869354724884033, -2.1475512981414795, -2.5192883014678955, -2.712204933166504, -3.1598048210144043, -3.4752681255340576];[1.5251234769821167, 0.9560980200767517, 0.8517125248908997, 0.8067672252655029, 0.803886353969574];315.0190415382385
2800;[3.611739158630371, 2.752934455871582, 2.598156213760376, 2.6980271339416504, 2.7659265995025635, 2.7365496158599854];[0.3195345997810364, 0.304948627948761, 0.31819385290145874, 0.3602798581123352, 0.4128943085670471, 0.46780067682266235];[-2.3621902465820312, -2.504065990447998, -2.6228737831115723, -2.843014717102051, -3.072455406188965, -3.3916070461273193];[1.415387749671936, 0.9056103229522705, 0.8789128661155701, 0.8514209985733032, 0.8645113110542297];310.01119112968445
2800;[3.924675226211548, 3.0313527584075928, 2.8550758361816406, 2.996005058288574, 3.0390446186065674, 3.0023210048675537];[0.26730877161026, 0.23110726475715637, 0.24870528280735016, 0.29360052943229675, 0.34612035751342773, 0.4196852445602417];[-2.4125170707702637, -2.3858020305633545, -2.474597692489624, -2.6863951683044434, -2.8949944972991943, -3.2093656063079834];[1.415387749671936, 0.9260202050209045, 0.892421305179596, 0.8818477392196655, 0.8655877113342285];313.864648103714
2850;[3.4735677242279053, 3.2349798679351807, 3.3261947631835938, 3.200972318649292, 3.0970346927642822, 2.978538990020752];[0.3097701370716095, 0.413230836391449, 0.41270241141319275, 0.3723747432231903, 0.3551745116710663, 0.33511531352996826];[-2.3278419971466064, -2.7334706783294678, -2.8262317180633545, -2.652052640914917, -2.605452299118042, -2.5346949100494385];[1.4206163883209229, 1.052986979484558, 1.067859411239624, 1.0842665433883667, 1.0223634243011475];319.6578164100647
2850;[3.758435010910034, 3.5381546020507812, 3.6972501277923584, 3.615737199783325, 3.562628746032715, 3.465742349624634];[0.2740178108215332, 0.42310819029808044, 0.41577965021133423, 0.4006578028202057, 0.3984362781047821, 0.3683673143386841];[-2.342743396759033, -2.9028375148773193, -3.0317940711975098, -2.8800439834594727, -2.9042794704437256, -2.863337993621826];[1.4206163883209229, 1.0427416563034058, 1.0042650699615479, 1.0564570426940918, 0.9992490410804749];322.38627457618713
2900;[3.541501760482788, 2.7206780910491943, 2.666489601135254, 2.689011335372925, 2.4223599433898926, 2.4066364765167236];[0.31103283166885376, 0.2695198655128479, 0.29371628165245056, 0.31639018654823303, 0.268157422542572, 0.2881956100463867];[-2.3209357261657715, -2.3695881366729736, -2.5303568840026855, -2.6741220951080322, -2.506772041320801, -2.5691871643066406];[1.5595101118087769, 0.9585124254226685, 0.9467950463294983, 0.8877909183502197, 0.8833333253860474];315.28037691116333
2900;[3.832170248031616, 2.9818131923675537, 2.9386610984802246, 2.9813129901885986, 2.687192440032959, 2.599937677383423];[0.2625453770160675, 0.15932337939739227, 0.1768581122159958, 0.19271239638328552, 0.15798047184944153, 0.15673181414604187];[-2.371534824371338, -2.1771225929260254, -2.3458263874053955, -2.5406668186187744, -2.339311361312866, -2.2272281646728516];[1.5595101118087769, 0.9886176586151123, 0.9851745367050171, 0.9188342094421387, 0.9153634905815125];321.7037389278412
2950;[3.5207509994506836, 2.731574296951294, 2.569627285003662, 2.6979928016662598, 2.776261568069458, 2.8529040813446045];[0.3101528286933899, 0.3003302216529846, 0.3224026560783386, 0.3838437497615814, 0.4395473599433899, 0.4803260862827301];[-2.319474935531616, -2.431450605392456, -2.5952749252319336, -2.9566659927368164, -3.2362818717956543, -3.462592840194702];[1.4005879163742065, 0.9062201380729675, 0.8810649514198303, 0.8608438372612, 0.8786725401878357];312.5016372203827
2950;[3.8104233741760254, 2.9917025566101074, 2.8106741905212402, 2.9752421379089355, 3.0527608394622803, 3.160125494003296];[0.2640385627746582, 0.24412520229816437, 0.26753440499305725, 0.3277585804462433, 0.3907872438430786, 0.43496015667915344];[-2.3652687072753906, -2.334573268890381, -2.4724926948547363, -2.859304904937744, -3.105332851409912, -3.4399759769439697];[1.4005879163742065, 0.9249966740608215, 0.8947703838348389, 0.8583793044090271, 0.8364723920822144];318.1852705478668
3000;[3.4902098178863525, 2.814504384994507, 2.650495767593384, 2.5042593479156494, 2.485045909881592, 2.534986734390259];[0.31457775831222534, 0.25100353360176086, 0.3099890351295471, 0.32589033246040344, 0.36382049322128296, 0.391397625207901];[-2.321333885192871, -2.2010252475738525, -2.5865495204925537, -2.7073545455932617, -2.942617177963257, -3.043922185897827];[1.4508298635482788, 1.077243447303772, 0.8992192149162292, 0.8261414766311646, 0.8028134703636169];311.8614926338196
3000;[3.768012285232544, 3.117771863937378, 2.9903485774993896, 2.849080801010132, 2.840251922607422, 2.8900787830352783];[0.27914318442344666, 0.19989964365959167, 0.28357994556427, 0.3182187080383301, 0.3848456144332886, 0.4044584333896637];[-2.3425517082214355, -2.232992649078369, -2.682832717895508, -2.8609092235565186, -3.0574722290039062, -3.239898443222046];[1.4508298635482788, 1.0980600118637085, 0.8552752137184143, 0.8308957815170288, 0.796327531337738];312.93099212646484
3050;[3.5866310596466064, 2.831160545349121, 2.763284683227539, 2.635957717895508, 2.744248628616333, 2.947073459625244];[0.32238492369651794, 0.3279770612716675, 0.41847774386405945, 0.4256630539894104, 0.44857868552207947, 0.5073938369750977];[-2.3519766330718994, -2.6249539852142334, -3.108072280883789, -3.2072505950927734, -3.3793983459472656, -3.7006213665008545];[1.4893990755081177, 0.8863828182220459, 0.8957482576370239, 0.8250394463539124, 0.7695439457893372];316.3532087802887
3050;[3.8877460956573486, 3.0899577140808105, 2.912125587463379, 2.776198387145996, 2.958698272705078, 3.177135467529297];[0.27615460753440857, 0.19848598539829254, 0.2902772128582001, 0.31157490611076355, 0.3421180248260498, 0.3955872356891632];[-2.389655113220215, -2.364990472793579, -2.6301181316375732, -2.7007336616516113, -2.963817596435547, -3.3163247108459473];[1.4893990755081177, 0.9334776401519775, 0.923355758190155, 0.8332929611206055, 0.8365803956985474];318.78282141685486
3100;[3.5897865295410156, 2.9863431453704834, 2.6656596660614014, 3.0895755290985107, 2.5599608421325684, 2.651547908782959];[0.31677454710006714, 0.25690820813179016, 0.26064789295196533, 0.3194369375705719, 0.2062380611896515, 0.20128022134304047];[-2.3326869010925293, -2.183483362197876, -2.135596513748169, -2.3843166828155518, -2.013895273208618, -2.04559063911438];[1.466610312461853, 1.1938416957855225, 1.0895237922668457, 1.1287769079208374, 1.0336380004882812];314.680997133255
3100;[3.888061761856079, 3.2229697704315186, 2.8182132244110107, 3.396247386932373, 2.9292240142822266, 3.0090835094451904];[0.2715906798839569, 0.15760013461112976, 0.17694999277591705, 0.24974176287651062, 0.24015185236930847, 0.24136880040168762];[-2.373875379562378, -2.2357938289642334, -2.1957108974456787, -2.7416467666625977, -2.5098016262054443, -2.5269339084625244];[1.466610312461853, 1.1262791156768799, 0.9742549061775208, 0.9409826993942261, 0.8971718549728394];321.9375681877136
3150;[3.5451841354370117, 3.080498456954956, 2.729304313659668, 2.3190386295318604, 2.424396276473999, 2.491215705871582];[0.32537251710891724, 0.2266981154680252, 0.24024945497512817, 0.20052215456962585, 0.23867395520210266, 0.24692431092262268];[-2.348437547683716, -2.0742530822753906, -2.1970577239990234, -2.094228506088257, -2.3130509853363037, -2.361631393432617];[1.3970140218734741, 1.3609675168991089, 0.9080644249916077, 0.8950496315956116, 0.8334599733352661];314.1513385772705
3150;[3.8300940990448, 3.300976037979126, 3.2240347862243652, 2.7436752319335938, 3.0390758514404297, 3.166215181350708];[0.2891120910644531, 0.17241241037845612, 0.20465342700481415, 0.19731546938419342, 0.29330798983573914, 0.29268133640289307];[-2.363281488418579, -2.092945098876953, -2.5017430782318115, -2.4629263877868652, -3.320096254348755, -3.416398048400879];[1.3970140218734741, 1.406313419342041, 0.9299871921539307, 0.8944166302680969, 0.8319136500358582];313.19932413101196
3200;[3.619185447692871, 2.813049077987671, 2.576061964035034, 2.667052745819092, 2.469698190689087, 2.3670153617858887];[0.31871497631073, 0.2383480817079544, 0.2279992401599884, 0.25644415616989136, 0.23237968981266022, 0.23251444101333618];[-2.358081817626953, -2.1357622146606445, -2.164902687072754, -2.3330140113830566, -2.26784348487854, -2.285663604736328];[1.4627749919891357, 1.0406770706176758, 0.910761833190918, 0.8626262545585632, 0.8339402079582214];320.93018913269043
3200;[3.9237558841705322, 3.1198363304138184, 2.866760015487671, 3.013376474380493, 2.756334066390991, 2.6470303535461426];[0.2690429985523224, 0.1568920761346817, 0.15173959732055664, 0.1763341873884201, 0.1675320714712143, 0.18083755671977997];[-2.39274001121521, -2.1871259212493896, -2.2053911685943604, -2.427299976348877, -2.285989999771118, -2.2379891872406006];[1.4627749919891357, 1.0699794292449951, 0.9232147336006165, 0.8760025501251221, 0.8535873293876648];321.1757028102875
3250;[3.6097118854522705, 2.8477699756622314, 2.6249747276306152, 2.49177885055542, 2.465799570083618, 2.5436179637908936];[0.3336974084377289, 0.2431972771883011, 0.22864513099193573, 0.204504132270813, 0.22205325961112976, 0.243852436542511];[-2.394815444946289, -2.1760826110839844, -2.1476659774780273, -2.0961103439331055, -2.217092275619507, -2.2991878986358643];[1.4305607080459595, 1.0961047410964966, 0.9158127903938293, 0.9196858406066895, 0.9027668237686157];321.08528184890747
3250;[3.899637222290039, 3.110255718231201, 2.9087448120117188, 2.778914213180542, 2.767901659011841, 2.8829734325408936];[0.29263100028038025, 0.16092093288898468, 0.1558486372232437, 0.14722774922847748, 0.19650329649448395, 0.23045238852500916];[-2.41207218170166, -2.2273237705230713, -2.2302045822143555, -2.174196720123291, -2.300708532333374, -2.4030706882476807];[1.4305607080459595, 1.097733736038208, 0.9142849445343018, 0.9249250292778015, 0.9004092812538147];312.87730956077576
3300;[3.6254475116729736, 2.8901419639587402, 2.5474560260772705, 2.7042202949523926, 2.475372076034546, 2.4481019973754883];[0.32091644406318665, 0.3013615310192108, 0.268371045589447, 0.2995435297489166, 0.28799229860305786, 0.3059173822402954];[-2.354283094406128, -2.4411473274230957, -2.51591157913208, -2.678102493286133, -2.672459602355957, -2.8241610527038574];[1.3652318716049194, 0.9397324919700623, 0.879111111164093, 0.7870896458625793, 0.7526816725730896];321.32349705696106
3300;[3.935913562774658, 3.1887824535369873, 2.9724395275115967, 3.1659765243530273, 3.040825843811035, 3.2227611541748047];[0.2698577046394348, 0.2402331829071045, 0.28938961029052734, 0.2860026955604553, 0.37810102105140686, 0.4826671779155731];[-2.4024569988250732, -2.465912342071533, -2.6937077045440674, -2.8049404621124268, -3.0351686477661133, -3.6250689029693604];[1.3652318716049194, 0.9581021666526794, 0.937118649482727, 0.8192845582962036, 0.827599287033081];311.6014516353607
3350;[3.528019905090332, 2.59584379196167, 2.5911524295806885, 2.550233840942383, 2.5966978073120117, 2.659377336502075];[0.3140691816806793, 0.2506762742996216, 0.30843570828437805, 0.32196250557899475, 0.3438103497028351, 0.3731054663658142];[-2.3261067867279053, -2.270132064819336, -2.6115798950195312, -2.748661756515503, -2.845369815826416, -3.042104959487915];[1.3729313611984253, 0.9121798872947693, 0.8546228408813477, 0.8518844842910767, 0.8046880960464478];315.65354657173157
3350;[3.8149735927581787, 2.888383150100708, 2.8574488162994385, 2.8304178714752197, 2.8855297565460205, 2.9870972633361816];[0.2749740481376648, 0.17278146743774414, 0.22533097863197327, 0.24288317561149597, 0.26582086086273193, 0.2959098815917969];[-2.346740484237671, -2.2298197746276855, -2.54158353805542, -2.6300151348114014, -2.7337186336517334, -2.9579415321350098];[1.3729313611984253, 0.934374213218689, 0.8721864223480225, 0.8668121099472046, 0.82161945104599];308.8434464931488
3400;[3.495460271835327, 2.8736464977264404, 2.7561824321746826, 2.719001054763794, 2.5187015533447266, 2.5991997718811035];[0.31010493636131287, 0.2663763463497162, 0.24533218145370483, 0.27156537771224976, 0.2649898827075958, 0.28777405619621277];[-2.323742389678955, -2.273284673690796, -2.2514050006866455, -2.44977068901062, -2.4065208435058594, -2.5684990882873535];[1.3664191961288452, 1.067726731300354, 0.8804281949996948, 0.8345324397087097, 0.7878555059432983];322.6663727760315
3400;[3.7828571796417236, 3.168966770172119, 3.081716537475586, 3.0068471431732178, 2.766770124435425, 2.896955966949463];[0.2718748152256012, 0.2279575914144516, 0.1792629063129425, 0.20375044643878937, 0.2074042558670044, 0.22675174474716187];[-2.343196153640747, -2.331206798553467, -2.3862740993499756, -2.788991689682007, -2.812253475189209, -3.2621068954467773];[1.3664191961288452, 1.0697344541549683, 0.8847681879997253, 0.7987967729568481, 0.7497795820236206];319.670574426651
3450;[3.497270107269287, 2.8080224990844727, 2.6421868801116943, 2.813767433166504, 2.8765268325805664, 3.0314881801605225];[0.314408540725708, 0.24751201272010803, 0.3163084387779236, 0.3826521635055542, 0.45986950397491455, 0.5735572576522827];[-2.3305346965789795, -2.2248384952545166, -2.5507519245147705, -2.8458826541900635, -3.251295328140259, -3.9163873195648193];[1.359683632850647, 0.951586902141571, 0.8915206789970398, 0.8600853681564331, 0.8826637864112854];319.7823703289032
3450;[3.787503480911255, 3.131192445755005, 2.8802340030670166, 3.0274710655212402, 2.9430971145629883, 2.870616912841797];[0.27857813239097595, 0.19124580919742584, 0.3331433832645416, 0.3779529929161072, 0.4260933995246887, 0.4675806164741516];[-2.3614490032196045, -2.2568538188934326, -2.809680938720703, -3.1730682849884033, -3.3721718788146973, -3.5932509899139404];[1.359683632850647, 0.9758148193359375, 0.8270641565322876, 0.8098778128623962, 0.8067822456359863];321.3124339580536
3500;[3.503983974456787, 3.7037410736083984, 3.0808310508728027, 2.7996487617492676, 2.6277828216552734, 2.742682933807373];[0.306027352809906, 0.2688295543193817, 0.259437620639801, 0.36672791838645935, 0.35255274176597595, 0.4178074598312378];[-2.291069507598877, -2.1941444873809814, -2.195793867111206, -2.7290966510772705, -2.7592408657073975, -3.143887758255005];[1.510897159576416, 1.7719910144805908, 1.1932910680770874, 0.955677330493927, 0.8528748154640198];331.07023191452026
3500;[3.787602424621582, 3.4110124111175537, 3.4051296710968018, 3.2218892574310303, 3.1994855403900146, 3.3538060188293457];[0.2611050605773926, 0.16772578656673431, 0.24314306676387787, 0.37302982807159424, 0.4087633490562439, 0.4963540732860565];[-2.3336069583892822, -2.157886266708374, -2.2958741188049316, -2.7929043769836426, -3.074042320251465, -3.503666877746582];[1.510897159576416, 1.543790340423584, 1.2049449682235718, 0.9964770674705505, 0.8895653486251831];315.7835330963135
3550;[3.594465970993042, 3.008436679840088, 3.052323818206787, 3.1601369380950928, 3.2199103832244873, 3.341510772705078];[0.3225913345813751, 0.41977623105049133, 0.4884156584739685, 0.5604545474052429, 0.6113349199295044, 0.6480412483215332];[-2.366464853286743, -3.003237247467041, -3.3902933597564697, -3.8998451232910156, -4.303797721862793, -4.709301948547363];[1.4692564010620117, 0.9036693572998047, 0.8313103318214417, 0.8171563148498535, 0.8545857667922974];325.19987177848816
3550;[3.901951789855957, 3.2996902465820312, 3.34360408782959, 3.467844247817993, 3.4850103855133057, 3.6396372318267822];[0.2707289457321167, 0.37740251421928406, 0.4380002021789551, 0.5216426849365234, 0.5742086172103882, 0.6112176775932312];[-2.4094419479370117, -2.9482996463775635, -3.36379075050354, -3.8286900520324707, -4.18846321105957, -4.614321708679199];[1.4692564010620117, 0.9081007838249207, 0.843022346496582, 0.8204962015151978, 0.8592058420181274];314.11068844795227
3600;[3.5123584270477295, 3.0535647869110107, 2.822824716567993, 3.0892813205718994, 3.60371732711792, 3.9629862308502197];[0.31869789958000183, 0.23240087926387787, 0.27981141209602356, 0.46080678701400757, 0.6523392796516418, 0.7987490892410278];[-2.348020076751709, -2.136864185333252, -2.369255542755127, -3.2257437705993652, -4.4312214851379395, -5.809789180755615];[1.6281895637512207, 1.1632007360458374, 0.9753419756889343, 0.9329390525817871, 0.9248003959655762];322.8651304244995
3600;[3.8026232719421387, 3.356934070587158, 3.134899139404297, 3.38266658782959, 3.917478561401367, 4.291582107543945];[0.2806147038936615, 0.16714011132717133, 0.25508326292037964, 0.4501042664051056, 0.6287814974784851, 0.7760553956031799];[-2.371760606765747, -2.18973445892334, -2.42490816116333, -3.2490711212158203, -4.486591815948486, -5.941549301147461];[1.6281895637512207, 1.1513317823410034, 0.9737368226051331, 0.9207982420921326, 0.9262606501579285];322.22517681121826
3650;[3.6040537357330322, 3.3428547382354736, 3.109327554702759, 2.8564655780792236, 2.6686367988586426, 2.8579492568969727];[0.32905858755111694, 0.3059208393096924, 0.2407156080007553, 0.22638235986232758, 0.22455161809921265, 0.2820035517215729];[-2.367253303527832, -2.2974560260772705, -2.110774040222168, -2.117445230484009, -2.1135785579681396, -2.3535168170928955];[1.4857816696166992, 1.3190476894378662, 1.3512636423110962, 1.1319026947021484, 1.069303274154663];317.9184775352478
3650;[3.9039385318756104, 3.6483266353607178, 3.37985897064209, 3.189180374145508, 3.011704921722412, 3.233628511428833];[0.2819233536720276, 0.25854459404945374, 0.19363857805728912, 0.1950405091047287, 0.18803009390830994, 0.22729980945587158];[-2.3984806537628174, -2.3080430030822754, -2.0709168910980225, -2.1451878547668457, -2.146311044692993, -2.3935158252716064];[1.4857816696166992, 1.3545242547988892, 1.3871448040008545, 1.1530840396881104, 1.1061822175979614];323.62241435050964
3700;[3.4668192863464355, 2.833469867706299, 2.6523053646087646, 2.6131908893585205, 2.664207935333252, 2.6576085090637207];[0.3151703178882599, 0.28160080313682556, 0.286239892244339, 0.31134912371635437, 0.33213305473327637, 0.3303537666797638];[-2.3159618377685547, -2.4001801013946533, -2.5312082767486572, -2.6881871223449707, -2.7868001461029053, -2.8008813858032227];[1.4258722066879272, 0.9375746846199036, 0.8630107641220093, 0.8340718746185303, 0.8390656113624573];316.092054605484
3700;[3.7315499782562256, 3.135589361190796, 2.960338592529297, 2.9357216358184814, 2.9525163173675537, 2.9589743614196777];[0.27935782074928284, 0.1840413212776184, 0.1854919195175171, 0.20705518126487732, 0.21820490062236786, 0.20996123552322388];[-2.3402392864227295, -2.3626821041107178, -2.5223989486694336, -2.7044484615325928, -2.6509203910827637, -2.7238833904266357];[1.4258722066879272, 0.9654938578605652, 0.8857571482658386, 0.8491539359092712, 0.8645014762878418];322.7893831729889
3750;[3.482247829437256, 3.022761344909668, 2.7479496002197266, 2.7208447456359863, 2.783921480178833, 2.5633201599121094];[0.3065694570541382, 0.24724023044109344, 0.30858278274536133, 0.37085679173469543, 0.4254351556301117, 0.3766161799430847];[-2.284390687942505, -2.173180103302002, -2.342174768447876, -2.7077267169952393, -3.057379722595215, -2.893557548522949];[1.5076102018356323, 1.2165783643722534, 0.9230582118034363, 0.8355434536933899, 0.8126271963119507];313.21033811569214
3750;[3.748415470123291, 3.2902333736419678, 2.8432602882385254, 2.7321791648864746, 2.7801859378814697, 2.564656972885132];[0.26876410841941833, 0.18876703083515167, 0.16732753813266754, 0.179291233420372, 0.19639211893081665, 0.16583125293254852];[-2.310167074203491, -2.2477073669433594, -2.3653972148895264, -2.5432240962982178, -2.802858591079712, -2.627976894378662];[1.5076102018356323, 1.2269103527069092, 0.8946225643157959, 0.799828290939331, 0.8062020540237427];321.83198976516724
3800;[3.600064516067505, 2.8574745655059814, 2.6200454235076904, 2.530311346054077, 2.2231643199920654, 2.4543588161468506];[0.33150729537010193, 0.26469695568084717, 0.2238996922969818, 0.20656870305538177, 0.15682154893875122, 0.1859874129295349];[-2.3568997383117676, -2.1549832820892334, -2.0598108768463135, -2.0353052616119385, -1.8746156692504883, -2.013209104537964];[1.437378168106079, 1.182473063468933, 0.987363874912262, 0.9402762651443481, 0.8901500105857849];314.4668848514557
3800;[3.8907296657562256, 3.0890114307403564, 2.881843090057373, 2.7974488735198975, 2.476473569869995, 2.7612643241882324];[0.2869584560394287, 0.16918683052062988, 0.13872580230236053, 0.13307686150074005, 0.10232625901699066, 0.12449722737073898];[-2.3923285007476807, -2.1793062686920166, -2.0852787494659424, -2.0534753799438477, -1.8832166194915771, -2.0765678882598877];[1.437378168106079, 1.1522612571716309, 0.98458331823349, 0.9367109537124634, 0.8856522440910339];318.9685378074646
3850;[3.443544387817383, 2.8241283893585205, 2.9550187587738037, 2.916008949279785, 3.151714324951172, 3.2431869506835938];[0.31437307596206665, 0.3795498311519623, 0.44459858536720276, 0.5262470841407776, 0.5812150835990906, 0.6618791222572327];[-2.3014731407165527, -2.825889825820923, -3.2211337089538574, -3.762676239013672, -4.104959011077881, -4.756875038146973];[1.3927130699157715, 0.8941445350646973, 0.8453328013420105, 0.8706511855125427, 0.8784642815589905];319.7858612537384
3850;[3.708805799484253, 3.022231340408325, 3.1892099380493164, 3.0805113315582275, 3.323706865310669, 3.3805322647094727];[0.28504887223243713, 0.2933427691459656, 0.3472985625267029, 0.44837868213653564, 0.4822183847427368, 0.5764222145080566];[-2.312957525253296, -2.6025116443634033, -3.091951608657837, -3.374025344848633, -3.7189269065856934, -4.210362911224365];[1.3927130699157715, 0.9098501801490784, 0.8571920990943909, 0.8706741333007812, 0.8527882695198059];317.22373819351196
3900;[3.4644718170166016, 2.8715996742248535, 2.7658514976501465, 3.0361359119415283, 2.8942711353302, 3.046522378921509];[0.3123462498188019, 0.25606921315193176, 0.2743084132671356, 0.3583240211009979, 0.392102986574173, 0.4260585904121399];[-2.3018577098846436, -2.129901170730591, -2.1389458179473877, -2.3641011714935303, -2.4542298316955566, -2.602945327758789];[1.5412731170654297, 1.151515245437622, 1.0841290950775146, 1.0097641944885254, 0.9988961219787598];327.2503139972687
3900;[3.733315944671631, 3.083833932876587, 2.949090003967285, 3.221993923187256, 3.0218887329101562, 3.1420605182647705];[0.27100592851638794, 0.15843115746974945, 0.16993632912635803, 0.22705817222595215, 0.25336953997612, 0.26809149980545044];[-2.343334913253784, -2.1438353061676025, -2.1517934799194336, -2.4016785621643066, -2.4871532917022705, -2.620652198791504];[1.5412731170654297, 1.1104798316955566, 1.0649762153625488, 0.9850956201553345, 0.9782857298851013];328.7306888103485
3950;[3.58546781539917, 2.7129039764404297, 2.3239057064056396, 2.569617986679077, 2.4146807193756104, 2.6713573932647705];[0.32619619369506836, 0.24067384004592896, 0.21138963103294373, 0.24515827000141144, 0.24677561223506927, 0.27714937925338745];[-2.352548599243164, -2.219125747680664, -2.135775089263916, -2.3147006034851074, -2.3554835319519043, -2.4713573455810547];[1.4576197862625122, 0.9448309540748596, 0.8865893483161926, 0.8859758973121643, 0.9126133918762207];324.73505997657776
3950;[3.8799641132354736, 3.001587390899658, 2.5465433597564697, 2.8827970027923584, 2.697932720184326, 2.9816136360168457];[0.2811836898326874, 0.15703560411930084, 0.15373823046684265, 0.17828989028930664, 0.20669320225715637, 0.21896420419216156];[-2.3879809379577637, -2.156608819961548, -2.072685480117798, -2.328378438949585, -2.364755392074585, -2.5578548908233643];[1.4576197862625122, 0.9928015470504761, 0.8996918797492981, 0.8985841870307922, 0.8508256077766418];317.7209641933441
4000;[3.5525617599487305, 3.174727439880371, 2.908353567123413, 2.7822084426879883, 2.618387460708618, 2.504305362701416];[0.3097233474254608, 0.23815734684467316, 0.25863760709762573, 0.27937108278274536, 0.2694566249847412, 0.26442280411720276];[-2.3277790546417236, -2.1293890476226807, -2.19421648979187, -2.4025518894195557, -2.425075054168701, -2.4418718814849854];[1.4340693950653076, 1.4104528427124023, 1.0501258373260498, 0.8939574956893921, 0.8749423027038574];323.42151713371277
4000;[3.855945110321045, 3.4757285118103027, 3.162778854370117, 3.0881285667419434, 2.9542856216430664, 2.818208932876587];[0.2650327682495117, 0.17510463297367096, 0.16969218850135803, 0.2008470892906189, 0.2029859721660614, 0.19539529085159302];[-2.363219976425171, -2.156975269317627, -2.22713565826416, -2.6306190490722656, -2.7363646030426025, -2.7372686862945557];[1.4340693950653076, 1.4209028482437134, 1.0644339323043823, 0.8865420818328857, 0.8619808554649353];320.8896346092224
4050;[3.6324286460876465, 2.8387153148651123, 2.7443249225616455, 2.546140193939209, 2.436222791671753, 2.5326035022735596];[0.32001346349716187, 0.24300256371498108, 0.24180084466934204, 0.2242591679096222, 0.21000002324581146, 0.23324863612651825];[-2.3622324466705322, -2.192335844039917, -2.207364320755005, -2.1523377895355225, -2.1000280380249023, -2.238321304321289];[1.3979111909866333, 1.0007683038711548, 0.9341219663619995, 0.9202178716659546, 0.90277498960495];322.8961522579193
4050;[3.9497878551483154, 3.142631769180298, 3.076390027999878, 2.865283727645874, 2.7467236518859863, 2.862062692642212];[0.26898321509361267, 0.16148266196250916, 0.15625067055225372, 0.1457069367170334, 0.13913379609584808, 0.15781019628047943];[-2.407095432281494, -2.223928213119507, -2.254809856414795, -2.1893486976623535, -2.1334547996520996, -2.278079032897949];[1.3979111909866333, 1.009163498878479, 0.9471148252487183, 0.9382152557373047, 0.9186276197433472];322.677401304245
4100;[3.5195577144622803, 3.175251007080078, 3.187870740890503, 3.2361018657684326, 3.6568360328674316, 3.7658722400665283];[0.32403647899627686, 0.4831834137439728, 0.592589259147644, 0.6565800309181213, 0.7822667360305786, 0.8265048861503601];[-2.3528828620910645, -3.2916903495788574, -4.14709997177124, -4.722084045410156, -5.806698322296143, -6.334325790405273];[1.4656541347503662, 0.8856328129768372, 0.8193486332893372, 0.8356947302818298, 0.7913909554481506];318.7502119541168
4100;[3.7937381267547607, 3.3296313285827637, 3.2898075580596924, 3.2934300899505615, 3.6902570724487305, 3.7806951999664307];[0.2773680090904236, 0.39058080315589905, 0.5015990734100342, 0.5744292140007019, 0.6883230209350586, 0.7340753674507141];[-2.3915657997131348, -3.006801128387451, -3.700437068939209, -4.165591239929199, -5.2039618492126465, -5.703506946563721];[1.4656541347503662, 0.8876296877861023, 0.8175455927848816, 0.8323423862457275, 0.7878926396369934];323.68951177597046
4150;[3.4983232021331787, 2.705733299255371, 2.662680149078369, 2.7770659923553467, 2.852344512939453, 3.0579872131347656];[0.31140559911727905, 0.27078911662101746, 0.30860278010368347, 0.374871164560318, 0.43801218271255493, 0.5237593054771423];[-2.2967817783355713, -2.3412578105926514, -2.5294077396392822, -2.8800225257873535, -3.1729719638824463, -3.6713244915008545];[1.4008816480636597, 0.933190643787384, 0.867010235786438, 0.8696948289871216, 0.9000740051269531];317.34472012519836
4150;[3.774582624435425, 3.0031206607818604, 2.9768567085266113, 3.1464312076568604, 3.2401058673858643, 3.5039055347442627];[0.2728494703769684, 0.21854174137115479, 0.2830798625946045, 0.36987337470054626, 0.4533470571041107, 0.5551995038986206];[-2.322913408279419, -2.323265314102173, -2.584735155105591, -3.0028910636901855, -3.3993959426879883, -4.024285793304443];[1.4008816480636597, 0.970172643661499, 0.8715528249740601, 0.8677620887756348, 0.8898009061813354];317.2284607887268
4200;[3.615165948867798, 2.8141939640045166, 2.892648935317993, 2.7911689281463623, 2.819044351577759, 2.8809754848480225];[0.325962096452713, 0.42474886775016785, 0.4578860104084015, 0.4529002606868744, 0.5210212469100952, 0.5556908845901489];[-2.3615612983703613, -3.060823440551758, -3.2905473709106445, -3.31715989112854, -3.7307467460632324, -4.0488505363464355];[1.4416403770446777, 0.8664960861206055, 0.8324430584907532, 0.7925220131874084, 0.8007582426071167];314.73557901382446
4200;[3.92155122756958, 2.916275978088379, 3.011014461517334, 2.872863292694092, 2.805281639099121, 2.8913307189941406];[0.2764778435230255, 0.3247772455215454, 0.33135661482810974, 0.3096952438354492, 0.3684203326702118, 0.4064863920211792];[-2.4054925441741943, -2.612253427505493, -2.923936128616333, -2.8959386348724365, -3.1136960983276367, -3.318460702896118];[1.4416403770446777, 0.9015225768089294, 0.8295349478721619, 0.7998979687690735, 0.8186260461807251];324.9672522544861
4250;[3.504371166229248, 2.7272050380706787, 2.5666310787200928, 2.4853925704956055, 2.359395742416382, 2.5363731384277344];[0.3298569917678833, 0.2584574222564697, 0.2946479618549347, 0.3039741814136505, 0.2935914099216461, 0.36016181111335754];[-2.330456495285034, -2.3055813312530518, -2.530916929244995, -2.6718525886535645, -2.6570329666137695, -2.9624500274658203];[1.4138010740280151, 0.939175009727478, 0.8298185467720032, 0.7974479794502258, 0.7900878190994263];322.3554904460907
4250;[3.752617597579956, 3.0368850231170654, 2.828705072402954, 2.7619380950927734, 2.6149203777313232, 2.781956434249878];[0.29473990201950073, 0.16699732840061188, 0.19853505492210388, 0.21120889484882355, 0.20450539886951447, 0.25790315866470337];[-2.33502197265625, -2.2191150188446045, -2.383606433868408, -2.5266873836517334, -2.4625296592712402, -2.680521011352539];[1.4138010740280151, 0.9713796973228455, 0.8574573397636414, 0.8216057419776917, 0.8110319375991821];320.1022984981537
4300;[3.504781484603882, 2.748122453689575, 2.6400251388549805, 2.6979281902313232, 2.7993276119232178, 2.694998264312744];[0.32207801938056946, 0.2917484939098358, 0.33615097403526306, 0.36865705251693726, 0.42262503504753113, 0.430816113948822];[-2.332275867462158, -2.45292329788208, -2.750709295272827, -2.9379096031188965, -3.263366460800171, -3.344527006149292];[1.4293386936187744, 0.8916944265365601, 0.8828070163726807, 0.8226320147514343, 0.8176027536392212];324.70393681526184
4300;[3.7865755558013916, 3.0217862129211426, 2.8186991214752197, 2.896542549133301, 2.954172134399414, 2.810176372528076];[0.2860933542251587, 0.17237207293510437, 0.1847669631242752, 0.20672501623630524, 0.25109198689460754, 0.26337748765945435];[-2.351731061935425, -2.2355334758758545, -2.3043713569641113, -2.440842390060425, -2.6063754558563232, -2.6358001232147217];[1.4293386936187744, 0.9382349848747253, 0.9022291898727417, 0.8572523593902588, 0.8513284921646118];316.66342782974243
4350;[3.569746494293213, 2.700026512145996, 2.64420747756958, 2.398050308227539, 2.399725914001465, 2.4711334705352783];[0.31925487518310547, 0.21910236775875092, 0.26077067852020264, 0.2529856860637665, 0.26962026953697205, 0.2827908396720886];[-2.3597261905670166, -2.0932929515838623, -2.358333110809326, -2.3816516399383545, -2.4812052249908447, -2.5960564613342285];[1.4041314125061035, 1.0687912702560425, 0.9021104574203491, 0.8465606570243835, 0.8327851295471191];321.1761474609375
4350;[3.8680508136749268, 2.9743423461914062, 3.2004542350769043, 3.137927293777466, 3.3633885383605957, 3.72578501701355];[0.2734609544277191, 0.16039854288101196, 0.25617510080337524, 0.37304747104644775, 0.4948485493659973, 0.608362078666687];[-2.4004716873168945, -2.1345221996307373, -2.4866549968719482, -2.8570897579193115, -3.57065486907959, -4.45304012298584];[1.4041314125061035, 1.0555551052093506, 0.9727270603179932, 0.92673659324646, 0.9168198108673096];314.04138946533203
4400;[3.4525392055511475, 2.9681246280670166, 2.7192611694335938, 2.9048447608947754, 2.9893877506256104, 3.228102922439575];[0.3177182376384735, 0.26326465606689453, 0.2947612404823303, 0.4166887402534485, 0.5270030498504639, 0.6448968648910522];[-2.304236650466919, -2.260427474975586, -2.4930484294891357, -2.995976209640503, -3.7274153232574463, -4.565246105194092];[1.4521327018737793, 1.019748330116272, 0.926198422908783, 0.926295816898346, 0.9440214037895203];321.35247445106506
4400;[3.7080302238464355, 3.276979446411133, 3.0358479022979736, 3.2144336700439453, 3.291541576385498, 3.6207828521728516];[0.2818466126918793, 0.1838386058807373, 0.23226682841777802, 0.3409753441810608, 0.46606966853141785, 0.6098827719688416];[-2.3251590728759766, -2.3543810844421387, -2.469041109085083, -2.859647274017334, -3.3900065422058105, -4.319368362426758];[1.4521327018737793, 1.014892339706421, 0.9587323069572449, 0.9492582082748413, 0.9527859091758728];324.1061842441559
4450;[3.5284180641174316, 2.9434258937835693, 3.0350229740142822, 3.0850160121917725, 3.120490550994873, 3.2440388202667236];[0.31731343269348145, 0.2281954139471054, 0.3380783200263977, 0.4281998872756958, 0.501076877117157, 0.5807687044143677];[-2.3430726528167725, -2.0998330116271973, -2.5556390285491943, -3.065056085586548, -3.45670485496521, -4.022933006286621];[1.5305474996566772, 1.2137054204940796, 0.9907026290893555, 0.9571730494499207, 0.917529284954071];316.3216173648834
4450;[3.813420295715332, 3.197068214416504, 3.3326525688171387, 3.419375419616699, 3.4921185970306396, 3.6555817127227783];[0.2757923901081085, 0.16134709119796753, 0.2817484140396118, 0.43086645007133484, 0.5115128755569458, 0.6056995987892151];[-2.373852014541626, -2.1251866817474365, -2.403160810470581, -3.11918044090271, -3.626404047012329, -4.297578811645508];[1.5305474996566772, 1.2103689908981323, 1.0481780767440796, 0.9520440697669983, 0.9098868370056152];320.6659572124481
4500;[3.500138282775879, 2.6297733783721924, 2.590331792831421, 2.777794122695923, 2.7434229850769043, 2.90364146232605];[0.31618010997772217, 0.25693225860595703, 0.3045903444290161, 0.3940695524215698, 0.42840221524238586, 0.5160686373710632];[-2.331855058670044, -2.262317180633545, -2.5270907878875732, -2.9739365577697754, -3.222543239593506, -3.714615821838379];[1.4830230474472046, 0.949345588684082, 0.8622748255729675, 0.8237531185150146, 0.8203161954879761];321.13752794265747
4500;[3.786454200744629, 2.9082555770874023, 2.878267526626587, 3.120920419692993, 3.1068949699401855, 3.2624425888061523];[0.28175580501556396, 0.20348802208900452, 0.2648070752620697, 0.36642786860466003, 0.4184929132461548, 0.5156611204147339];[-2.3436150550842285, -2.2088499069213867, -2.5159265995025635, -2.971012830734253, -3.290825605392456, -3.776646375656128];[1.4830230474472046, 0.96413254737854, 0.8713808655738831, 0.8340567350387573, 0.8574345707893372];324.00100111961365
4550;[3.5541250705718994, 2.9391825199127197, 2.921844005584717, 2.860727071762085, 2.6676881313323975, 2.5865232944488525];[0.3079734742641449, 0.29811418056488037, 0.2968237102031708, 0.2936159074306488, 0.26779821515083313, 0.28557172417640686];[-2.3404881954193115, -2.327599287033081, -2.4321656227111816, -2.467552900314331, -2.3595187664031982, -2.482515335083008];[1.4108039140701294, 1.1036046743392944, 0.9488418698310852, 0.9246907234191895, 0.8508768677711487];323.1145279407501
4550;[3.8684611320495605, 3.2221555709838867, 3.331387996673584, 3.283405303955078, 3.039675235748291, 2.8650364875793457];[0.2613717317581177, 0.26983946561813354, 0.2725757956504822, 0.25802117586135864, 0.22088776528835297, 0.24009963870048523];[-2.381274461746216, -2.3966524600982666, -2.544114351272583, -2.5633902549743652, -2.4743547439575195, -2.5626673698425293];[1.4108039140701294, 1.0786428451538086, 1.0247606039047241, 0.944823145866394, 0.8658127188682556];321.8847122192383
4600;[3.388485908508301, 2.867722511291504, 2.631115198135376, 2.5378408432006836, 2.5943496227264404, 2.6979503631591797];[0.31729334592819214, 0.25990915298461914, 0.2710680663585663, 0.25393494963645935, 0.26426374912261963, 0.29258638620376587];[-2.312394618988037, -2.142833948135376, -2.15352463722229, -2.1390886306762695, -2.191296100616455, -2.323671340942383];[1.4707304239273071, 1.1894080638885498, 0.9671784043312073, 0.9199133515357971, 0.9682123064994812];323.27285623550415
4600;[3.6317100524902344, 3.0933258533477783, 2.8210058212280273, 2.7562646865844727, 2.836649179458618, 2.979539155960083];[0.28495585918426514, 0.16208820044994354, 0.16887539625167847, 0.1578184962272644, 0.1691918969154358, 0.1954532414674759];[-2.3233842849731445, -2.1762332916259766, -2.200922966003418, -2.2263169288635254, -2.286242961883545, -2.514544725418091];[1.4707304239273071, 1.1478865146636963, 0.9403713941574097, 0.9085658192634583, 0.9574035406112671];323.79051542282104
4650;[3.4914193153381348, 2.7209229469299316, 2.850586414337158, 2.915132522583008, 3.177302837371826, 3.431931495666504];[0.3150293827056885, 0.23573316633701324, 0.3346085250377655, 0.4238482713699341, 0.5323158502578735, 0.6403700113296509];[-2.3236377239227295, -2.171574592590332, -2.599123001098633, -3.1319496631622314, -3.725482702255249, -4.500547885894775];[1.4355543851852417, 0.9968516826629639, 0.9053482413291931, 0.8868724703788757, 0.8579548597335815];318.01972341537476
4650;[3.7661333084106445, 3.01416277885437, 3.1911604404449463, 3.2779436111450195, 3.6074719429016113, 3.898869037628174];[0.276370644569397, 0.18364150822162628, 0.3031552731990814, 0.41268250346183777, 0.5230696797370911, 0.6352036595344543];[-2.3409042358398438, -2.1926205158233643, -2.586308002471924, -3.133220672607422, -3.80808162689209, -4.7198805809021];[1.4355543851852417, 1.0184723138809204, 0.9187836050987244, 0.9018533229827881, 0.8720037937164307];316.7012240886688
4700;[3.5076494216918945, 3.1061856746673584, 3.0410776138305664, 2.69814133644104, 2.8542754650115967, 2.946908712387085];[0.32202816009521484, 0.27682483196258545, 0.2534639835357666, 0.2457749992609024, 0.34685760736465454, 0.4589868187904358];[-2.3289403915405273, -2.238311529159546, -2.1814639568328857, -2.223726987838745, -2.6727943420410156, -3.2390854358673096];[1.4566947221755981, 1.265398621559143, 1.1688623428344727, 0.9755409955978394, 0.9119911193847656];317.5551087856293
4700;[3.7828967571258545, 3.3837854862213135, 3.382822036743164, 3.037997007369995, 3.086139678955078, 2.819364070892334];[0.28003156185150146, 0.23554359376430511, 0.18392311036586761, 0.16577452421188354, 0.18887591361999512, 0.17156141996383667];[-2.364377737045288, -2.2562508583068848, -2.1936726570129395, -2.289886474609375, -2.4980921745300293, -2.3818039894104004];[1.4566947221755981, 1.2263747453689575, 1.2500848770141602, 0.9763795733451843, 0.9074702262878418];321.3749313354492
4750;[3.493110179901123, 2.8367841243743896, 2.542484760284424, 2.583750009536743, 2.438671588897705, 2.3006482124328613];[0.32312458753585815, 0.23625582456588745, 0.23812726140022278, 0.2668028175830841, 0.27677425742149353, 0.2598596215248108];[-2.340907335281372, -2.137711524963379, -2.22696852684021, -2.462089776992798, -2.6035544872283936, -2.5575122833251953];[1.4229375123977661, 1.0945417881011963, 0.9046497344970703, 0.7743978500366211, 0.7406201362609863];313.0620188713074
4750;[3.760512113571167, 3.113494634628296, 2.8398356437683105, 2.937103271484375, 2.762937307357788, 2.619415760040283];[0.28784966468811035, 0.19192853569984436, 0.16250942647457123, 0.18710866570472717, 0.2002009153366089, 0.18982532620429993];[-2.343585968017578, -2.1399805545806885, -2.2858083248138428, -2.6529293060302734, -2.888500928878784, -2.886836051940918];[1.4229375123977661, 1.102893590927124, 0.9315139651298523, 0.7915652394294739, 0.7258104085922241];309.9535036087036
4800;[3.675821542739868, 2.845163106918335, 2.8868048191070557, 3.018599510192871, 3.637272834777832, 4.359685897827148];[0.32509845495224, 0.2342313677072525, 0.22471730411052704, 0.2391745001077652, 0.4273622930049896, 0.7174986600875854];[-2.386042594909668, -2.068369150161743, -2.0830397605895996, -2.1598422527313232, -2.8285350799560547, -4.999668598175049];[1.4324054718017578, 1.301790475845337, 1.2283265590667725, 1.140854835510254, 1.1285394430160522];313.82908296585083
4800;[4.009711742401123, 2.9957239627838135, 3.133033275604248, 3.2994401454925537, 3.2922935485839844, 3.383739471435547];[0.2729131281375885, 0.15924641489982605, 0.20338420569896698, 0.2563540041446686, 0.26637423038482666, 0.3051108419895172];[-2.436307191848755, -2.1192538738250732, -2.3089802265167236, -2.5599286556243896, -2.6033031940460205, -2.7818591594696045];[1.4324054718017578, 1.182748556137085, 1.0087660551071167, 1.069420337677002, 1.0708670616149902];318.525110244751
4850;[3.557636260986328, 3.40582537651062, 3.8382158279418945, 4.094886302947998, 4.146317481994629, 4.451665878295898];[0.3118250072002411, 0.24465514719486237, 0.420456200838089, 0.6839939951896667, 0.7622767686843872, 0.833433985710144];[-2.3486292362213135, -2.1118228435516357, -2.7725963592529297, -4.633174896240234, -5.568717956542969, -6.465196132659912];[1.401949405670166, 1.9077261686325073, 1.278774380683899, 1.005218505859375, 0.9121768474578857];314.96185302734375
4850;[3.865370988845825, 3.1511070728302, 3.4586808681488037, 4.094534873962402, 4.679413318634033, 5.243961334228516];[0.2654394209384918, 0.15661342442035675, 0.15943516790866852, 0.4446317255496979, 0.7021364569664001, 0.8340643644332886];[-2.384904623031616, -2.068563938140869, -2.1038875579833984, -2.9570515155792236, -5.0278167724609375, -7.004095554351807];[1.401949405670166, 1.4115750789642334, 1.2910596132278442, 1.2308480739593506, 0.9868170022964478];313.83701968193054
4900;[3.564361333847046, 3.2583858966827393, 2.7192742824554443, 2.56190824508667, 2.601308584213257, 2.6620123386383057];[0.3264492452144623, 0.2600150406360626, 0.21638385951519012, 0.25674477219581604, 0.3207058310508728, 0.35405415296554565];[-2.3481202125549316, -2.1850576400756836, -2.0749318599700928, -2.314321517944336, -2.6458635330200195, -2.7988970279693604];[1.4528001546859741, 1.498037576675415, 1.1024564504623413, 0.8965657353401184, 0.8161778450012207];309.2950186729431
4900;[3.849071979522705, 3.453314781188965, 2.9430081844329834, 2.9090371131896973, 3.015266180038452, 3.1708505153656006];[0.2822108268737793, 0.1984630972146988, 0.17998795211315155, 0.2497718185186386, 0.32480067014694214, 0.36823558807373047];[-2.3816041946411133, -2.2007219791412354, -2.1793034076690674, -2.417436361312866, -2.7639050483703613, -2.9994497299194336];[1.4528001546859741, 1.3973774909973145, 1.0037450790405273, 0.9017639756202698, 0.8630214929580688];313.57725191116333
4950;[3.669503927230835, 3.2128489017486572, 3.1950953006744385, 3.9835877418518066, 4.817193984985352, 5.211800575256348];[0.33433979749679565, 0.26842206716537476, 0.2520453631877899, 0.48021215200424194, 0.7909560203552246, 0.9044851064682007];[-2.3873438835144043, -2.1909260749816895, -2.1521074771881104, -3.0023372173309326, -5.5905842781066895, -7.198034286499023];[1.477205514907837, 1.4443191289901733, 1.4400842189788818, 1.2573151588439941, 1.0086357593536377];311.34618163108826
4950;[3.986457586288452, 3.363107919692993, 3.2579407691955566, 3.417048454284668, 3.287510395050049, 3.1401920318603516];[0.28340497612953186, 0.19616375863552094, 0.24373814463615417, 0.2735634744167328, 0.2891945242881775, 0.276509553194046];[-2.4314661026000977, -2.303449869155884, -2.4787113666534424, -2.7015976905822754, -2.6670899391174316, -2.5183143615722656];[1.477205514907837, 1.205248475074768, 1.1911205053329468, 1.0417687892913818, 1.0153394937515259];311.7724757194519
5000;[3.515542984008789, 2.951430559158325, 3.0979955196380615, 2.949467420578003, 3.223097562789917, 4.026378631591797];[0.31484517455101013, 0.2903132736682892, 0.3338622450828552, 0.2606814503669739, 0.30987468361854553, 0.6483426094055176];[-2.318916082382202, -2.2113921642303467, -2.3687288761138916, -2.1567509174346924, -2.35174560546875, -4.286695957183838];[1.4226378202438354, 1.2607460021972656, 1.2474784851074219, 1.3830839395523071, 1.3051140308380127];311.9745056629181
5000;[3.8120102882385254, 3.1438074111938477, 3.4661998748779297, 3.42694354057312, 3.570952892303467, 3.685403823852539];[0.276386022567749, 0.2374037206172943, 0.38395875692367554, 0.4126887619495392, 0.4722941815853119, 0.501594603061676];[-2.3439841270446777, -2.395923137664795, -3.0746891498565674, -3.099144697189331, -3.5760059356689453, -3.8221993446350098];[1.4226378202438354, 1.129957675933838, 1.0252498388290405, 1.0051817893981934, 1.0119731426239014];307.10949659347534
