Seed;RMSE History;MMD History;Log-Likelihood History;Max EIG History;Deployment Time
50;[3.4535317420959473, 2.7632088661193848, 2.6277551651000977, 2.5991764068603516, 2.8683183193206787, 2.9193339347839355];[0.44550904631614685, 0.36923226714134216, 0.4773963689804077, 0.5861729979515076, 0.7018808722496033, 0.7518789172172546];[-2.1841557025909424, -1.9803706407546997, -2.2903754711151123, -2.7621231079101562, -3.4587056636810303, -3.7812514305114746];[1.4264227151870728, 1.0467864274978638, 0.9387481212615967, 0.8711318373680115, 0.8343045115470886];340.35829997062683
100;[3.597290515899658, 3.0294101238250732, 2.974407434463501, 2.8410048484802246, 2.6873319149017334, 2.804598331451416];[0.4178268313407898, 0.35124441981315613, 0.4367595314979553, 0.5234338641166687, 0.5351433753967285, 0.5538734197616577];[-2.225539207458496, -2.0299291610717773, -2.224111557006836, -2.5313496589660645, -2.5567502975463867, -2.7409629821777344];[1.3921425342559814, 1.37514066696167, 0.9914342761039734, 0.8759748339653015, 0.8577695488929749];311.34688115119934
150;[3.4319088459014893, 2.7904884815216064, 2.6393918991088867, 2.2931134700775146, 2.5261070728302, 2.4662485122680664];[0.43440350890159607, 0.31493401527404785, 0.331525057554245, 0.31420010328292847, 0.3623899519443512, 0.3555268943309784];[-2.1458182334899902, -1.9080270528793335, -2.043105363845825, -1.9719635248184204, -2.321155309677124, -2.3035974502563477];[1.4685475826263428, 1.1652741432189941, 0.8926538825035095, 0.8258992433547974, 0.7516913414001465];310.9297573566437
200;[3.4882147312164307, 2.8020827770233154, 2.5349655151367188, 2.726715564727783, 2.820709705352783, 2.9587512016296387];[0.43370386958122253, 0.33533892035484314, 0.40469634532928467, 0.54897540807724, 0.6292728781700134, 0.6816310286521912];[-2.181112289428711, -1.9409129619598389, -2.0973949432373047, -2.630608320236206, -3.011794328689575, -3.32747483253479];[1.4078642129898071, 1.205238699913025, 0.890130877494812, 0.8619245886802673, 0.8608988523483276];321.392254114151
250;[3.4891486167907715, 2.759061098098755, 2.8508520126342773, 3.183757781982422, 3.38547945022583, 3.789290189743042];[0.43905624747276306, 0.4402824938297272, 0.5368435382843018, 0.6571409106254578, 0.759034276008606, 0.8655773997306824];[-2.1856272220611572, -2.1601972579956055, -2.4715240001678467, -3.099172353744507, -3.7756590843200684, -4.492498874664307];[1.4171242713928223, 0.936607837677002, 0.9113009572029114, 0.9352192282676697, 0.9047157168388367];312.6984329223633
300;[3.4684314727783203, 2.719510316848755, 2.5310144424438477, 2.6184136867523193, 2.869903802871704, 2.813849687576294];[0.433230459690094, 0.3262237310409546, 0.3857158124446869, 0.49878132343292236, 0.6127590537071228, 0.6390023231506348];[-2.175381660461426, -1.91164231300354, -2.0928430557250977, -2.447129487991333, -3.005051374435425, -3.118812084197998];[1.416370153427124, 1.1676386594772339, 0.8465511798858643, 0.7878402471542358, 0.7776637077331543];312.93421626091003
350;[3.426074743270874, 2.915083885192871, 2.3118138313293457, 2.2377288341522217, 2.4154884815216064, 2.2179834842681885];[0.4136400818824768, 0.3379289209842682, 0.34652790427207947, 0.3706933856010437, 0.39303794503211975, 0.4374154210090637];[-2.1508469581604004, -2.0173497200012207, -1.9291987419128418, -2.009004831314087, -2.16176176071167, -2.2532951831817627];[1.4400101900100708, 1.1506518125534058, 0.8588047027587891, 0.8221721649169922, 0.7958680391311646];316.3846230506897
400;[3.480447769165039, 2.550462007522583, 2.368136405944824, 2.3299062252044678, 2.391533136367798, 2.2857465744018555];[0.4406643807888031, 0.28814855217933655, 0.2714751958847046, 0.27625641226768494, 0.2858046889305115, 0.27944299578666687];[-2.1900761127471924, -1.8060294389724731, -1.7424917221069336, -1.7818779945373535, -1.8516290187835693, -1.8040213584899902];[1.4105747938156128, 0.9994083046913147, 0.9854472875595093, 0.9555554389953613, 0.9110623002052307];328.2108840942383
450;[3.629896402359009, 2.5956945419311523, 2.4041807651519775, 2.4639527797698975, 2.285586357116699, 2.237722396850586];[0.42785149812698364, 0.3624584376811981, 0.36227741837501526, 0.39070770144462585, 0.3698212802410126, 0.3752412796020508];[-2.2236576080322266, -2.0276222229003906, -2.1877832412719727, -2.3967201709747314, -2.3058457374572754, -2.301928758621216];[1.562289834022522, 0.9284974336624146, 0.763951301574707, 0.7638596892356873, 0.7583109736442566];313.2594094276428
500;[3.3648812770843506, 2.5182273387908936, 2.4516191482543945, 2.4996957778930664, 2.4971630573272705, 2.6229023933410645];[0.44050097465515137, 0.31847330927848816, 0.3748760521411896, 0.4185775816440582, 0.4954789876937866, 0.5534615516662598];[-2.117938995361328, -1.8783315420150757, -2.046431303024292, -2.157876968383789, -2.41530179977417, -2.6216957569122314];[1.525174617767334, 0.9550609588623047, 0.9492371082305908, 0.8850710988044739, 0.863856852054596];318.2863059043884
550;[3.362457513809204, 2.8762428760528564, 2.50016450881958, 2.4475886821746826, 2.4430651664733887, 2.3002235889434814];[0.4273624122142792, 0.3407013416290283, 0.30863678455352783, 0.32112038135528564, 0.33616119623184204, 0.3144477903842926];[-2.1138741970062256, -1.937464714050293, -1.9249409437179565, -1.9937543869018555, -2.1433193683624268, -2.0427141189575195];[1.3570165634155273, 1.2900773286819458, 0.8924063444137573, 0.8451515436172485, 0.8242753148078918];312.98672103881836
600;[3.4779739379882812, 2.9892876148223877, 2.535750389099121, 2.681504011154175, 2.8082292079925537, 2.8766629695892334];[0.42433440685272217, 0.34862586855888367, 0.35797351598739624, 0.553787112236023, 0.6682589054107666, 0.7160456776618958];[-2.1737163066864014, -2.0459787845611572, -1.9882149696350098, -2.627631425857544, -3.248481035232544, -3.626969575881958];[1.4240550994873047, 1.1276708841323853, 0.8868796825408936, 0.8154870271682739, 0.7764109373092651];312.7668492794037
650;[3.5407519340515137, 2.7045881748199463, 2.4990594387054443, 2.5676612854003906, 2.9948570728302, 3.279024124145508];[0.43656808137893677, 0.322244256734848, 0.31832990050315857, 0.39635705947875977, 0.5840219259262085, 0.7188975811004639];[-2.2121787071228027, -1.9278944730758667, -1.8478280305862427, -2.0723652839660645, -2.7627668380737305, -3.5880868434906006];[1.4594218730926514, 1.1382535696029663, 0.9764972925186157, 0.96317458152771, 0.9426900148391724];311.28069043159485
700;[3.4655158519744873, 2.9222681522369385, 2.702756881713867, 2.58827805519104, 2.6306369304656982, 2.586101770401001];[0.4309043884277344, 0.33928653597831726, 0.34184667468070984, 0.36020106077194214, 0.3802787661552429, 0.3998332619667053];[-2.1853156089782715, -1.9372174739837646, -2.0155506134033203, -2.2078680992126465, -2.264615058898926, -2.4316980838775635];[1.3925169706344604, 1.2279958724975586, 0.9935241937637329, 0.906494140625, 0.8326665163040161];313.5613646507263
750;[3.474484443664551, 2.9105846881866455, 2.4101991653442383, 2.399137496948242, 2.346254825592041, 2.204983711242676];[0.4471079111099243, 0.3595195412635803, 0.34030064940452576, 0.38088956475257874, 0.39096468687057495, 0.37500983476638794];[-2.1904795169830322, -2.031761407852173, -2.047196865081787, -2.222996234893799, -2.2873194217681885, -2.2094101905822754];[1.4034637212753296, 1.12040376663208, 0.810703694820404, 0.7637282013893127, 0.7407942414283752];312.4046356678009
800;[3.5488901138305664, 2.641073703765869, 2.555270195007324, 2.6179604530334473, 2.529581308364868, 2.698810577392578];[0.4226207137107849, 0.33324381709098816, 0.452983558177948, 0.5034967660903931, 0.5950233340263367, 0.6866495609283447];[-2.211388349533081, -1.9241560697555542, -2.2423272132873535, -2.5175814628601074, -2.845715045928955, -3.318329095840454];[1.4197908639907837, 1.1033499240875244, 0.8157212734222412, 0.8330525159835815, 0.7886369824409485];311.099956035614
850;[3.3409130573272705, 2.634655475616455, 2.6821670532226562, 2.6627089977264404, 2.7715296745300293, 2.950584650039673];[0.43717724084854126, 0.4121139347553253, 0.4823473393917084, 0.5283595323562622, 0.6157017350196838, 0.6623680591583252];[-2.1206741333007812, -2.100395441055298, -2.368079662322998, -2.5355889797210693, -2.9199438095092773, -3.2361207008361816];[1.4117730855941772, 0.9629150629043579, 0.8840495944023132, 0.8637824058532715, 0.8769983649253845];316.0337359905243
900;[3.5120975971221924, 2.6594481468200684, 2.4225873947143555, 2.5683088302612305, 2.2707436084747314, 2.3794052600860596];[0.43827444314956665, 0.33980458974838257, 0.2985599637031555, 0.3347509801387787, 0.30811023712158203, 0.3489841818809509];[-2.1942410469055176, -1.8824957609176636, -1.8224523067474365, -2.111530065536499, -1.980241298675537, -2.209995746612549];[1.4822183847427368, 1.1384339332580566, 0.8927707076072693, 0.8601406216621399, 0.832180380821228];310.49248576164246
950;[3.4888288974761963, 2.664679765701294, 2.63777756690979, 2.7501108646392822, 3.133976459503174, 3.420442819595337];[0.4305139482021332, 0.30880236625671387, 0.3283845782279968, 0.4634500741958618, 0.6691330671310425, 0.8367502689361572];[-2.1909918785095215, -1.855340838432312, -1.94731867313385, -2.2528061866760254, -3.265735387802124, -4.416164875030518];[1.3763808012008667, 1.1125394105911255, 0.9313285946846008, 0.8944050669670105, 0.8078109622001648];313.00056171417236
1000;[3.4790709018707275, 3.0030579566955566, 2.6264753341674805, 2.384752035140991, 2.382446050643921, 2.590904712677002];[0.4421994388103485, 0.3824236989021301, 0.342720091342926, 0.34908950328826904, 0.3565899133682251, 0.3908444941043854];[-2.195986032485962, -2.116314172744751, -1.9739923477172852, -1.957126259803772, -2.0105042457580566, -2.2409863471984863];[1.4298933744430542, 1.0707226991653442, 0.9000522494316101, 0.8348063230514526, 0.8079816699028015];316.30176997184753
1050;[3.4341771602630615, 2.8160223960876465, 2.816129446029663, 2.8683583736419678, 2.9447176456451416, 3.0706114768981934];[0.4304201006889343, 0.3373890519142151, 0.3765164017677307, 0.5844487547874451, 0.6903119087219238, 0.716318666934967];[-2.155642032623291, -1.9546669721603394, -2.1188066005706787, -2.7433128356933594, -3.1886653900146484, -3.5755717754364014];[1.3702319860458374, 1.2174615859985352, 0.9930623769760132, 0.909679114818573, 0.8753030300140381];316.1237144470215
1100;[3.5694146156311035, 2.70778226852417, 2.859729766845703, 2.7701151371002197, 2.815998077392578, 3.073091745376587];[0.4306790828704834, 0.31792014837265015, 0.4017118513584137, 0.4551416337490082, 0.5225575566291809, 0.6745328307151794];[-2.2354342937469482, -1.855147123336792, -2.044976234436035, -2.2269065380096436, -2.4925930500030518, -3.158825159072876];[1.4891663789749146, 1.2962876558303833, 1.0953879356384277, 0.9378191232681274, 0.8960767388343811];310.51329493522644
1150;[3.4858319759368896, 2.694472312927246, 2.6113061904907227, 2.6456894874572754, 2.6180062294006348, 2.8490138053894043];[0.43737438321113586, 0.35117581486701965, 0.3367578387260437, 0.3131945729255676, 0.32294079661369324, 0.3808977007865906];[-2.1709494590759277, -1.9702651500701904, -1.9434174299240112, -1.8864521980285645, -1.8802361488342285, -2.049492120742798];[1.4211032390594482, 1.229370355606079, 1.050803542137146, 1.0266369581222534, 1.0540683269500732];313.4105396270752
1200;[3.437978982925415, 2.816549301147461, 2.7303578853607178, 2.515002965927124, 2.305574417114258, 2.420498847961426];[0.4222293496131897, 0.41127049922943115, 0.3899471163749695, 0.38489803671836853, 0.3703637719154358, 0.3964114487171173];[-2.1453921794891357, -2.1448209285736084, -2.20518159866333, -2.165472984313965, -2.211822748184204, -2.378004789352417];[1.4090831279754639, 1.0060821771621704, 0.9024843573570251, 0.837465226650238, 0.7848889231681824];316.41850090026855
1250;[3.4220948219299316, 2.8730454444885254, 2.6363773345947266, 2.6006758213043213, 2.6589908599853516, 2.3110508918762207];[0.4305312931537628, 0.3458619713783264, 0.31804347038269043, 0.3422395586967468, 0.34901899099349976, 0.30200737714767456];[-2.1536736488342285, -1.98859703540802, -1.9849629402160645, -2.168419599533081, -2.2432608604431152, -2.0028560161590576];[1.4425804615020752, 1.1377662420272827, 0.917374312877655, 0.8769333958625793, 0.8204065561294556];313.7379765510559
1300;[3.4729998111724854, 2.6785168647766113, 2.632845878601074, 2.99324369430542, 2.889133930206299, 3.027775764465332];[0.4191039800643921, 0.30943718552589417, 0.3771137595176697, 0.5391747355461121, 0.6816142797470093, 0.7560979723930359];[-2.148639678955078, -1.8994941711425781, -2.0929460525512695, -2.6341092586517334, -3.221924304962158, -3.780931234359741];[1.4331846237182617, 1.158888339996338, 0.872025191783905, 0.8514953255653381, 0.79988694190979];310.48619866371155
1350;[3.4616544246673584, 2.5104897022247314, 2.6940293312072754, 2.639024496078491, 2.6789116859436035, 2.952537775039673];[0.43835362792015076, 0.302356481552124, 0.3717345595359802, 0.44590505957603455, 0.57319176197052, 0.7046175599098206];[-2.1895406246185303, -1.816625952720642, -2.0862433910369873, -2.2628602981567383, -2.7240335941314697, -3.4190945625305176];[1.4399313926696777, 1.056991457939148, 0.9235222935676575, 0.8797121047973633, 0.8865163922309875];310.61593532562256
1400;[3.5098540782928467, 2.851332664489746, 2.5340206623077393, 2.359792947769165, 2.358577013015747, 2.3064868450164795];[0.44667667150497437, 0.34522685408592224, 0.3337835967540741, 0.2924756109714508, 0.28516700863838196, 0.28051823377609253];[-2.196889638900757, -1.9878344535827637, -2.0389130115509033, -1.918243646621704, -1.9764264822006226, -1.9508012533187866];[1.5062978267669678, 1.2782930135726929, 0.8998830914497375, 0.8608714938163757, 0.7948774695396423];315.8767855167389
1450;[3.398092031478882, 2.540299892425537, 2.8377954959869385, 2.420342206954956, 2.5112435817718506, 2.3481287956237793];[0.4274410307407379, 0.30333492159843445, 0.3737545907497406, 0.3231639564037323, 0.33210787177085876, 0.3142542541027069];[-2.136824607849121, -1.8387413024902344, -2.2061173915863037, -2.00170636177063, -2.0720369815826416, -1.99819815158844];[1.4827321767807007, 1.0810874700546265, 0.9057412147521973, 0.891959547996521, 0.8664848804473877];313.1837239265442
1500;[3.3999791145324707, 2.5763051509857178, 2.6329400539398193, 2.571692943572998, 2.88533878326416, 2.9260599613189697];[0.42848700284957886, 0.3121754229068756, 0.4126269519329071, 0.5063892006874084, 0.6501327753067017, 0.6934110522270203];[-2.1453912258148193, -1.8541393280029297, -2.1944222450256348, -2.428607940673828, -3.1252126693725586, -3.4934489727020264];[1.4814077615737915, 1.0850757360458374, 0.8882417678833008, 0.8451533913612366, 0.8232969045639038];312.8020007610321
1550;[3.435685157775879, 2.9222612380981445, 2.6731863021850586, 2.857907295227051, 2.88273549079895, 3.081423759460449];[0.42411941289901733, 0.34939897060394287, 0.45372840762138367, 0.562120258808136, 0.6439967155456543, 0.7186691761016846];[-2.1512887477874756, -1.9864816665649414, -2.2617549896240234, -2.7014713287353516, -3.140552520751953, -3.699420213699341];[1.4545917510986328, 1.2294055223464966, 0.9104732275009155, 0.8542273640632629, 0.804191529750824];319.02456402778625
1600;[3.5344862937927246, 2.8396055698394775, 2.3475961685180664, 2.3650906085968018, 2.4316890239715576, 2.1426005363464355];[0.437140554189682, 0.3926389515399933, 0.3037868142127991, 0.34817296266555786, 0.39605119824409485, 0.380220502614975];[-2.198368787765503, -2.0398311614990234, -1.8475663661956787, -2.0280191898345947, -2.205922842025757, -2.0887115001678467];[1.3467326164245605, 1.1231440305709839, 0.8962122797966003, 0.832021176815033, 0.8179503083229065];313.6189932823181
1650;[3.3729896545410156, 2.6906375885009766, 2.4966728687286377, 2.386634111404419, 2.613020420074463, 2.7611732482910156];[0.4261898100376129, 0.3124428689479828, 0.3574245572090149, 0.4177730977535248, 0.5395755171775818, 0.6443305015563965];[-2.128889560699463, -1.899155616760254, -1.9825671911239624, -2.1035213470458984, -2.568122148513794, -3.0608155727386475];[1.4399919509887695, 1.023506999015808, 0.9195156097412109, 0.9428767561912537, 0.9111656546592712];315.84346866607666
1700;[3.3907694816589355, 2.5360734462738037, 2.5776710510253906, 2.489987373352051, 2.589087963104248, 2.6974716186523438];[0.41682669520378113, 0.32503482699394226, 0.4222812354564667, 0.49780067801475525, 0.5624769330024719, 0.6509784460067749];[-2.115798234939575, -1.8871541023254395, -2.2623376846313477, -2.4406583309173584, -2.7772154808044434, -3.192171096801758];[1.4486035108566284, 0.983383297920227, 0.8445448279380798, 0.824164628982544, 0.8077582120895386];317.44952487945557
1750;[3.4865918159484863, 2.7360568046569824, 2.748910903930664, 2.936779022216797, 3.0450804233551025, 3.0712296962738037];[0.43417859077453613, 0.39574697613716125, 0.5432658195495605, 0.6271736025810242, 0.7621942162513733, 0.7928100228309631];[-2.1764469146728516, -2.07104229927063, -2.547349214553833, -3.092603921890259, -3.8194634914398193, -4.166041374206543];[1.478678584098816, 0.9852222800254822, 0.8731013536453247, 0.8143717050552368, 0.8218943476676941];309.93860030174255
1800;[3.542616844177246, 2.9207980632781982, 2.4327569007873535, 2.597587823867798, 2.627124786376953, 2.809791088104248];[0.43504461646080017, 0.37050458788871765, 0.3944248855113983, 0.4678167998790741, 0.5962730646133423, 0.6319723129272461];[-2.2129921913146973, -2.036648750305176, -2.0897862911224365, -2.4117956161499023, -2.7793631553649902, -3.0831048488616943];[1.3986296653747559, 1.181038737297058, 0.8644351363182068, 0.8223152160644531, 0.8469805717468262];314.6908321380615
1850;[3.523024320602417, 2.7395122051239014, 2.9059760570526123, 3.1666619777679443, 3.479893684387207, 3.6638355255126953];[0.43340134620666504, 0.3383645713329315, 0.49083104729652405, 0.66501784324646, 0.7883158922195435, 0.888871967792511];[-2.2051966190338135, -1.904494285583496, -2.3758134841918945, -3.1707470417022705, -4.162971019744873, -5.003161907196045];[1.4456795454025269, 1.1964995861053467, 0.9965420961380005, 0.9831879138946533, 0.8939070105552673];319.1308891773224
1900;[3.5153372287750244, 2.8493618965148926, 2.407487392425537, 2.3306660652160645, 2.4887678623199463, 2.584768772125244];[0.4438469111919403, 0.33185210824012756, 0.3774144649505615, 0.4020739197731018, 0.5137633085250854, 0.5669199824333191];[-2.202637195587158, -1.963741660118103, -2.0313894748687744, -2.142015218734741, -2.5232274532318115, -2.731919050216675];[1.3942899703979492, 1.1153305768966675, 0.8643661141395569, 0.8321449160575867, 0.8381173610687256];322.07093381881714
1950;[3.449302911758423, 2.47428560256958, 2.4323606491088867, 2.41050124168396, 2.2921695709228516, 2.2241714000701904];[0.4420658349990845, 0.30132561922073364, 0.3017271161079407, 0.3158618211746216, 0.3355658948421478, 0.35213080048561096];[-2.188352108001709, -1.8445593118667603, -1.8855763673782349, -1.9117953777313232, -1.9110199213027954, -1.9025310277938843];[1.430879831314087, 1.0427849292755127, 0.9041430950164795, 0.874750018119812, 0.883980929851532];313.2880582809448
2000;[3.5128579139709473, 2.5095741748809814, 2.220104455947876, 2.3055224418640137, 2.342392921447754, 2.459756851196289];[0.43277543783187866, 0.29363733530044556, 0.2931329905986786, 0.3145765960216522, 0.36933186650276184, 0.4005267322063446];[-2.1851656436920166, -1.840216040611267, -1.7881413698196411, -1.8776874542236328, -2.0278193950653076, -2.1611530780792236];[1.4451537132263184, 0.9300812482833862, 0.8900259733200073, 0.8725954294204712, 0.8844851851463318];316.9065651893616
2050;[3.4718825817108154, 2.7011799812316895, 2.4555280208587646, 2.3105309009552, 2.2661550045013428, 2.4051506519317627];[0.435119092464447, 0.3535517454147339, 0.36453235149383545, 0.38563722372055054, 0.38557368516921997, 0.43403318524360657];[-2.168713331222534, -1.9855751991271973, -2.0539186000823975, -2.1612329483032227, -2.1861629486083984, -2.4573018550872803];[1.3899706602096558, 1.0920419692993164, 0.8856858611106873, 0.8030428886413574, 0.7738752961158752];313.50053358078003
2100;[3.4577395915985107, 2.553858757019043, 2.6678218841552734, 2.7103307247161865, 2.6762070655822754, 2.6880736351013184];[0.4313388168811798, 0.455527126789093, 0.49294164776802063, 0.568388044834137, 0.5833186507225037, 0.6236321330070496];[-2.1701595783233643, -2.2133703231811523, -2.4499728679656982, -2.704831123352051, -2.846092462539673, -3.0254061222076416];[1.4028916358947754, 0.8697329163551331, 0.8381373286247253, 0.8558580279350281, 0.8215824365615845];311.2508716583252
2150;[3.5250561237335205, 2.6925101280212402, 2.725714921951294, 2.938735008239746, 3.4076223373413086, 3.544386148452759];[0.42883846163749695, 0.306822806596756, 0.33476728200912476, 0.5694599747657776, 0.7619728446006775, 0.8745834827423096];[-2.201998710632324, -1.8514587879180908, -1.9653562307357788, -2.6676690578460693, -3.9181807041168213, -4.708721160888672];[1.469148874282837, 1.2956454753875732, 0.9972870945930481, 0.9277535080909729, 0.8525135517120361];314.4310824871063
2200;[3.4772369861602783, 2.569281578063965, 2.5440189838409424, 2.407243251800537, 2.6397695541381836, 2.735550880432129];[0.43342170119285583, 0.29348447918891907, 0.3162318170070648, 0.31763219833374023, 0.3671930730342865, 0.3780931234359741];[-2.167332649230957, -1.7980339527130127, -1.8867502212524414, -1.865409016609192, -2.03762149810791, -2.1187615394592285];[1.5389820337295532, 1.0637766122817993, 0.9698669910430908, 0.9851016402244568, 0.9841637015342712];311.24274611473083
2250;[3.447732448577881, 2.589211940765381, 2.722059965133667, 2.9327468872070312, 2.586883783340454, 2.662318706512451];[0.42744630575180054, 0.34259089827537537, 0.40124404430389404, 0.47786059975624084, 0.4249810576438904, 0.4523741900920868];[-2.1626577377319336, -1.9276505708694458, -2.1293179988861084, -2.4738707542419434, -2.185537338256836, -2.3220958709716797];[1.4969102144241333, 1.1044806241989136, 0.9403792023658752, 0.955574631690979, 0.8640241026878357];314.61265683174133
2300;[3.4258675575256348, 2.735628128051758, 2.435591697692871, 2.4252817630767822, 2.420091390609741, 2.3257031440734863];[0.43996262550354004, 0.32393699884414673, 0.3178815543651581, 0.3718731105327606, 0.4201498329639435, 0.4281165897846222];[-2.155377149581909, -1.8991215229034424, -1.93326735496521, -2.1244776248931885, -2.3067915439605713, -2.325057029724121];[1.3730943202972412, 1.1867144107818604, 0.9065291285514832, 0.8222932815551758, 0.7942934632301331];314.9260606765747
2350;[3.479848861694336, 2.457580804824829, 2.5708394050598145, 2.506805181503296, 2.754958152770996, 3.01110577583313];[0.4281454086303711, 0.2924470901489258, 0.38020452857017517, 0.5066859126091003, 0.6014685034751892, 0.7447577714920044];[-2.1800904273986816, -1.7889764308929443, -2.052321434020996, -2.390735149383545, -2.9201128482818604, -3.6697866916656494];[1.4287128448486328, 1.0330289602279663, 0.885020911693573, 0.8671042919158936, 0.8104098439216614];313.0936350822449
2400;[3.453928232192993, 2.6283137798309326, 2.439739942550659, 2.5317234992980957, 2.5550448894500732, 2.7825498580932617];[0.42348501086235046, 0.3135037422180176, 0.29363158345222473, 0.31214919686317444, 0.3522719144821167, 0.49713751673698425];[-2.1593546867370605, -1.8698300123214722, -1.8320331573486328, -1.891431450843811, -1.9727604389190674, -2.3841631412506104];[1.4247595071792603, 1.0982259511947632, 0.93487149477005, 0.9638277292251587, 0.919420599937439];316.50838804244995
2450;[3.443373441696167, 2.8103671073913574, 2.7308781147003174, 2.945416212081909, 3.1881091594696045, 3.237654447555542];[0.4253566563129425, 0.3351712226867676, 0.4233923554420471, 0.5974011421203613, 0.6983531713485718, 0.7726354002952576];[-2.157527446746826, -1.9384872913360596, -2.247551202774048, -2.8516814708709717, -3.5358662605285645, -3.847306489944458];[1.5208905935287476, 1.1749659776687622, 0.8842403292655945, 0.8554953336715698, 0.8226072192192078];313.6364803314209
2500;[3.500199317932129, 2.555119514465332, 2.669938087463379, 2.681931734085083, 2.6512985229492188, 2.9009087085723877];[0.4217135012149811, 0.3272883892059326, 0.36669912934303284, 0.4184565544128418, 0.5098051428794861, 0.6069017052650452];[-2.151613235473633, -1.868568778038025, -2.0626637935638428, -2.176764726638794, -2.4016950130462646, -2.8591785430908203];[1.3893779516220093, 0.9650338888168335, 0.90951007604599, 0.9015913009643555, 0.8466430902481079];316.1488502025604
2550;[3.422832489013672, 2.793731451034546, 2.504316568374634, 2.656628131866455, 2.4422237873077393, 2.7413713932037354];[0.439088374376297, 0.3619726300239563, 0.4008263349533081, 0.4885324537754059, 0.5305423736572266, 0.6021056771278381];[-2.157212495803833, -1.9664878845214844, -2.0843160152435303, -2.4372713565826416, -2.517987012863159, -2.9185547828674316];[1.3986759185791016, 1.0709915161132812, 0.8623197078704834, 0.8760458827018738, 0.8235800862312317];314.3428301811218
2600;[3.394423484802246, 2.819610834121704, 2.6927802562713623, 2.9589574337005615, 3.197373867034912, 3.7427690029144287];[0.44063636660575867, 0.32957637310028076, 0.3041829764842987, 0.4791364073753357, 0.662410318851471, 0.8631507754325867];[-2.1647140979766846, -1.9528906345367432, -1.8314446210861206, -2.289520263671875, -3.090588092803955, -4.628653526306152];[1.3757927417755127, 1.3837236166000366, 1.200551986694336, 0.9861003756523132, 0.9475698471069336];317.7552342414856
2650;[3.442821979522705, 2.7887794971466064, 2.392441749572754, 2.4555130004882812, 2.4198696613311768, 2.3813929557800293];[0.4292795956134796, 0.3812847435474396, 0.3574390709400177, 0.39056020975112915, 0.40573379397392273, 0.4015524685382843];[-2.150250196456909, -2.0363829135894775, -2.0185227394104004, -2.196267604827881, -2.2591300010681152, -2.2748641967773438];[1.4356052875518799, 1.0730206966400146, 0.8304339647293091, 0.7963312268257141, 0.7624491453170776];313.74524664878845
2700;[3.5615553855895996, 2.9325199127197266, 2.5875189304351807, 2.681718349456787, 2.749736785888672, 2.8670578002929688];[0.4321097135543823, 0.37185177206993103, 0.427301824092865, 0.4803125858306885, 0.5497616529464722, 0.6628987193107605];[-2.211458683013916, -2.117953062057495, -2.1804544925689697, -2.3939480781555176, -2.646500587463379, -3.1225435733795166];[1.381988525390625, 0.933117687702179, 0.9040253758430481, 0.8766449093818665, 0.8611717820167542];310.95592999458313
2750;[3.5089309215545654, 2.5117242336273193, 2.413398504257202, 2.3938722610473633, 2.551754951477051, 2.5899248123168945];[0.43499210476875305, 0.3089752793312073, 0.35068199038505554, 0.3898806571960449, 0.48104798793792725, 0.5764846205711365];[-2.196744441986084, -1.829567790031433, -1.9742441177368164, -2.082946300506592, -2.4472014904022217, -2.8129937648773193];[1.5251234769821167, 0.9811638593673706, 0.8987536430358887, 0.830593466758728, 0.8278415203094482];315.4824810028076
2800;[3.548353433609009, 2.625123977661133, 2.457505464553833, 2.5945420265197754, 2.6980690956115723, 2.7290544509887695];[0.42625173926353455, 0.34792402386665344, 0.382835328578949, 0.45177409052848816, 0.5309186577796936, 0.6298128366470337];[-2.2053003311157227, -1.9672114849090576, -2.0404765605926514, -2.275827646255493, -2.533780097961426, -2.952198028564453];[1.415387749671936, 0.9550448060035706, 0.9063996076583862, 0.8943891525268555, 0.8785912394523621];316.90031361579895
2850;[3.4069786071777344, 3.133526563644409, 3.2176477909088135, 3.110574960708618, 3.012056589126587, 2.893735885620117];[0.42313840985298157, 0.5127806663513184, 0.503296434879303, 0.46915313601493835, 0.4520997107028961, 0.4304511845111847];[-2.1496262550354004, -2.3394253253936768, -2.4102230072021484, -2.271665573120117, -2.2187886238098145, -2.1983187198638916];[1.4206163883209229, 1.0875149965286255, 1.0846498012542725, 1.127197027206421, 1.0626304149627686];312.0617480278015
2900;[3.4786903858184814, 2.564166307449341, 2.534419059753418, 2.558192491531372, 2.2835774421691895, 2.184868812561035];[0.4198276996612549, 0.2936684787273407, 0.31367629766464233, 0.32783299684524536, 0.28064674139022827, 0.2625332176685333];[-2.169485092163086, -1.845014214515686, -1.939215898513794, -2.0576624870300293, -1.8670639991760254, -1.753338098526001];[1.5595101118087769, 0.9935426712036133, 0.9920825362205505, 0.9248628616333008, 0.8910040855407715];311.41511511802673
2950;[3.457639694213867, 2.5965023040771484, 2.4292354583740234, 2.6095292568206787, 2.7427945137023926, 2.819023847579956];[0.41961294412612915, 0.34744518995285034, 0.42956554889678955, 0.5452266931533813, 0.6450001001358032, 0.685950756072998];[-2.1645867824554443, -1.9176751375198364, -2.140981674194336, -2.6447699069976807, -3.1097097396850586, -3.392524480819702];[1.4005879163742065, 0.9899542927742004, 0.8875928521156311, 0.836703896522522, 0.8169770836830139];316.25410318374634
3000;[3.4256255626678467, 2.737183094024658, 2.5004806518554688, 2.300117015838623, 2.238243818283081, 2.258748769760132];[0.4304555654525757, 0.34179559350013733, 0.3697475790977478, 0.3662680387496948, 0.40213069319725037, 0.41520431637763977];[-2.1510977745056152, -1.9474540948867798, -2.075880765914917, -2.043391704559326, -2.114424705505371, -2.1897456645965576];[1.4508298635482788, 1.1247864961624146, 0.8599576950073242, 0.8324862122535706, 0.793851375579834];314.20637917518616
3050;[3.5232760906219482, 2.6491620540618896, 2.4689834117889404, 2.3399674892425537, 2.4902875423431396, 2.7263405323028564];[0.4335034191608429, 0.3222958743572235, 0.43354061245918274, 0.46961909532546997, 0.5219705700874329, 0.6045379638671875];[-2.183851718902588, -1.9545347690582275, -2.2004544734954834, -2.3155648708343506, -2.6025290489196777, -3.015288829803467];[1.4893990755081177, 0.9357004165649414, 0.9148378968238831, 0.8177549839019775, 0.7750421166419983];316.8466901779175
3100;[3.5262510776519775, 2.8031957149505615, 2.471116304397583, 2.974250316619873, 2.546701192855835, 2.6211376190185547];[0.4273252487182617, 0.3264353275299072, 0.3418295383453369, 0.43575653433799744, 0.4073585569858551, 0.4028303921222687];[-2.1755728721618652, -1.9848183393478394, -1.9236644506454468, -2.3356261253356934, -2.1100003719329834, -2.1272501945495605];[1.466610312461853, 1.1191877126693726, 1.0125828981399536, 0.9383854269981384, 0.8942264914512634];315.7026948928833
3150;[3.481098175048828, 2.8780951499938965, 2.723689079284668, 2.6456782817840576, 2.6879868507385254, 2.843757152557373];[0.4412480592727661, 0.3303404450416565, 0.42774298787117004, 0.5694005489349365, 0.6000044941902161, 0.6492794752120972];[-2.1739420890808105, -1.9030426740646362, -2.2176501750946045, -2.6278932094573975, -2.8386032581329346, -3.167402744293213];[1.3970140218734741, 1.2897876501083374, 0.8919812440872192, 0.8854336142539978, 0.835008978843689];311.78356432914734
3200;[3.5564115047454834, 2.742086887359619, 2.489759922027588, 2.5883371829986572, 2.3594255447387695, 2.238145351409912];[0.42679154872894287, 0.32630759477615356, 0.3009263873100281, 0.3232918679714203, 0.2948139011859894, 0.2929615378379822];[-2.2020366191864014, -1.9438674449920654, -1.8722413778305054, -2.0048067569732666, -1.8602585792541504, -1.799026608467102];[1.4627749919891357, 1.071354866027832, 0.9278520345687866, 0.8809415102005005, 0.8584404587745667];312.624639749527
3250;[3.5460596084594727, 2.736410617828369, 2.4629268646240234, 2.339836835861206, 2.3821349143981934, 2.4830267429351807];[0.44870391488075256, 0.3238380551338196, 0.30411195755004883, 0.2969951033592224, 0.3839246332645416, 0.44074732065200806];[-2.22725510597229, -1.9582582712173462, -1.8834633827209473, -1.8420591354370117, -2.0531320571899414, -2.227854013442993];[1.4305607080459595, 1.0571129322052002, 0.8960961103439331, 0.8961362242698669, 0.8908816576004028];323.48436737060547
3300;[3.5628983974456787, 2.7974343299865723, 2.387962818145752, 2.534066915512085, 2.3015990257263184, 2.2853281497955322];[0.4286653399467468, 0.37300798296928406, 0.36011433601379395, 0.37063074111938477, 0.37456214427948, 0.4147029519081116];[-2.204709529876709, -2.075967311859131, -2.156562328338623, -2.3383145332336426, -2.2468526363372803, -2.409571886062622];[1.3652318716049194, 1.0313059091567993, 0.8685758709907532, 0.7420552372932434, 0.738825798034668];318.1090817451477
3350;[3.4647178649902344, 2.514167547225952, 2.441977024078369, 2.3886919021606445, 2.417990207672119, 2.487173557281494];[0.42730820178985596, 0.3088848292827606, 0.3358675241470337, 0.34083396196365356, 0.35888421535491943, 0.3919055461883545];[-2.1585211753845215, -1.872066617012024, -2.006304979324341, -2.0296571254730225, -2.07838773727417, -2.2340307235717773];[1.3729313611984253, 0.9471269249916077, 0.8842318654060364, 0.9197655320167542, 0.8330495357513428];312.50490260124207
3400;[3.4300949573516846, 2.793154239654541, 2.638813018798828, 2.5719330310821533, 2.3651986122131348, 2.4806482791900635];[0.4225103259086609, 0.3594924211502075, 0.32713139057159424, 0.34633344411849976, 0.33328187465667725, 0.3569687306880951];[-2.153245210647583, -1.9945212602615356, -2.0273947715759277, -2.173007011413574, -2.079932451248169, -2.3342878818511963];[1.3664191961288452, 1.1112927198410034, 0.8762981295585632, 0.8109920620918274, 0.7610774636268616];310.09693813323975
3450;[3.4317879676818848, 2.7301182746887207, 2.3880414962768555, 2.501739025115967, 2.4151175022125244, 2.3413779735565186];[0.42851898074150085, 0.32321470975875854, 0.4206845164299011, 0.47173741459846497, 0.5062400102615356, 0.5449783205986023];[-2.1599225997924805, -1.923085331916809, -2.162585496902466, -2.396366596221924, -2.5019564628601074, -2.6364996433258057];[1.359683632850647, 1.0245441198349, 0.8309462666511536, 0.8107748627662659, 0.7912984490394592];316.95284938812256
3500;[3.43996524810791, 2.9504098892211914, 2.816318988800049, 3.4336986541748047, 4.001265048980713, 4.601951599121094];[0.4161004424095154, 0.3615674376487732, 0.3032560348510742, 0.6138965487480164, 0.822857677936554, 0.985151469707489];[-2.1366357803344727, -2.0253987312316895, -1.8641270399093628, -2.733469009399414, -4.276612281799316, -6.537056922912598];[1.510897159576416, 1.5002833604812622, 1.2845326662063599, 1.0793553590774536, 0.9471262693405151];313.7308852672577
3550;[3.530898094177246, 2.7762649059295654, 2.5309009552001953, 2.5354037284851074, 2.389216423034668, 2.53267240524292];[0.4299246668815613, 0.43582233786582947, 0.4020290672779083, 0.4405089318752289, 0.44175413250923157, 0.4727257490158081];[-2.201012134552002, -2.2030014991760254, -2.181004285812378, -2.33945369720459, -2.3282034397125244, -2.569835662841797];[1.4692564010620117, 0.9471378922462463, 0.8270306587219238, 0.8406463861465454, 0.8135276436805725];313.2003219127655
3600;[3.4477524757385254, 2.9500186443328857, 2.6655116081237793, 2.5254123210906982, 2.659982204437256, 2.7402029037475586];[0.4325738847255707, 0.3284757137298584, 0.3964320719242096, 0.48081839084625244, 0.5647119879722595, 0.6525607109069824];[-2.174731731414795, -1.9611326456069946, -2.0887904167175293, -2.3435678482055664, -2.6996898651123047, -3.141404390335083];[1.6281895637512207, 1.1420718431472778, 0.9886029362678528, 0.8755711913108826, 0.8855201005935669];310.4604742527008
3650;[3.540844678878784, 3.2242419719696045, 2.987734317779541, 2.8549952507019043, 2.7299513816833496, 2.8633952140808105];[0.4399881660938263, 0.4266521632671356, 0.3646896481513977, 0.3138026297092438, 0.3143947720527649, 0.3603476583957672];[-2.20306396484375, -2.1361634731292725, -1.945258378982544, -1.8657147884368896, -1.8584575653076172, -2.04087495803833];[1.4857816696166992, 1.2498703002929688, 1.284323811531067, 1.2531195878982544, 1.289322018623352];316.1870057582855
3700;[3.4027581214904785, 2.762296199798584, 2.4737637042999268, 2.439188241958618, 2.4454288482666016, 2.4300599098205566];[0.43114277720451355, 0.34108132123947144, 0.3366660177707672, 0.3624561131000519, 0.3723464906215668, 0.3627353608608246];[-2.1527085304260254, -2.01568341255188, -2.095531940460205, -2.2593026161193848, -2.2393007278442383, -2.298128128051758];[1.4258722066879272, 0.9843409061431885, 0.8538051843643188, 0.8020496368408203, 0.8245259523391724];315.5653438568115
3750;[3.417722225189209, 2.8864283561706543, 2.5639820098876953, 2.5111587047576904, 2.5683488845825195, 2.3443729877471924];[0.4201606214046478, 0.3511984050273895, 0.3555501699447632, 0.39230889081954956, 0.432813823223114, 0.37864798307418823];[-2.120706558227539, -1.9965046644210815, -2.0498366355895996, -2.2671713829040527, -2.5619266033172607, -2.350667715072632];[1.5076102018356323, 1.2185968160629272, 0.9129103422164917, 0.8094502091407776, 0.8059046864509583];313.6103913784027
3800;[3.5380775928497314, 2.725574493408203, 2.458862066268921, 2.3690388202667236, 2.0728671550750732, 2.341965675354004];[0.4449352025985718, 0.34191006422042847, 0.28124263882637024, 0.26799821853637695, 0.22688384354114532, 0.2780350148677826];[-2.1953392028808594, -1.94948148727417, -1.7775568962097168, -1.7180266380310059, -1.5685746669769287, -1.7724241018295288];[1.437378168106079, 1.1725951433181763, 0.9798734188079834, 0.9349639415740967, 0.9233567118644714];312.5497102737427
3850;[3.3782663345336914, 2.5768051147460938, 2.658747673034668, 2.567600965499878, 2.780687093734741, 2.868802309036255];[0.43335577845573425, 0.3670690357685089, 0.41852426528930664, 0.5036594867706299, 0.5567203164100647, 0.6631430387496948];[-2.1257143020629883, -2.0021677017211914, -2.2813315391540527, -2.4416983127593994, -2.7176766395568848, -3.1781165599823];[1.3927130699157715, 0.9379923939704895, 0.8812053799629211, 0.8980681896209717, 0.8718927502632141];320.402224779129
3900;[3.400075674057007, 2.7072253227233887, 2.5628695487976074, 2.806678295135498, 2.6350767612457275, 2.7582013607025146];[0.42518237233161926, 0.32705679535865784, 0.32802990078926086, 0.3992956578731537, 0.42765477299690247, 0.44236382842063904];[-2.1462230682373047, -1.9183168411254883, -1.8797296285629272, -2.0746283531188965, -2.1262333393096924, -2.2154653072357178];[1.5412731170654297, 1.1045162677764893, 1.063454508781433, 0.9827853441238403, 0.9891103506088257];313.94893860816956
3950;[3.5219907760620117, 2.6116816997528076, 2.1929941177368164, 2.4583518505096436, 2.283640146255493, 2.561223030090332];[0.43788301944732666, 0.3046185374259949, 0.2722182273864746, 0.2986866533756256, 0.2994585633277893, 0.3273635804653168];[-2.1906542778015137, -1.8689870834350586, -1.7119539976119995, -1.884018063545227, -1.8478615283966064, -2.012852668762207];[1.4576197862625122, 1.0013513565063477, 0.9137188196182251, 0.9099894762039185, 0.8572184443473816];317.80129647254944
4000;[3.4889564514160156, 2.9792370796203613, 2.7030739784240723, 2.6378891468048096, 2.481823444366455, 2.4158310890197754];[0.419704794883728, 0.3372969627380371, 0.33842048048973083, 0.36861371994018555, 0.36524876952171326, 0.4000268280506134];[-2.1676790714263916, -1.9752129316329956, -2.002484083175659, -2.1623644828796387, -2.1303324699401855, -2.1908206939697266];[1.4340693950653076, 1.3157081604003906, 0.939010739326477, 0.8724720478057861, 0.8604502081871033];322.22558975219727
4050;[3.568859577178955, 2.7508950233459473, 2.6513831615448, 2.447227716445923, 2.3370368480682373, 2.432048797607422];[0.4272952973842621, 0.32105907797813416, 0.3078254759311676, 0.2865092158317566, 0.2722383737564087, 0.2936786413192749];[-2.2002525329589844, -1.944077968597412, -1.9099575281143188, -1.8252098560333252, -1.757996916770935, -1.8579795360565186];[1.3979111909866333, 1.03684401512146, 0.9499491453170776, 0.9435810446739197, 0.9237342476844788];311.4312422275543
4100;[3.4559199810028076, 2.750091075897217, 2.6131229400634766, 2.6059038639068604, 2.9671292304992676, 3.049410820007324];[0.43601733446121216, 0.43029773235321045, 0.5168669819831848, 0.5813180208206177, 0.7196329832077026, 0.7655543088912964];[-2.1943347454071045, -2.183255910873413, -2.498002767562866, -2.7726235389709473, -3.522676944732666, -3.884840965270996];[1.4656541347503662, 0.9387590885162354, 0.8408687710762024, 0.8469781279563904, 0.8027134537696838];318.70808482170105
4150;[3.433300495147705, 2.6115710735321045, 2.462588310241699, 2.4841926097869873, 2.365166187286377, 2.340643882751465];[0.4243253767490387, 0.33539924025535583, 0.32313215732574463, 0.3494710922241211, 0.3411938548088074, 0.36161571741104126];[-2.129598617553711, -1.9269756078720093, -1.975412368774414, -2.14290189743042, -2.0936710834503174, -2.14100980758667];[1.4008816480636597, 0.9801101684570312, 0.8649844527244568, 0.8483813405036926, 0.8284404277801514];312.9662013053894
4200;[3.552973985671997, 2.446603536605835, 2.467193603515625, 2.3129265308380127, 2.2220964431762695, 2.27780818939209];[0.4355594515800476, 0.3734854459762573, 0.3815371096134186, 0.34742772579193115, 0.38146474957466125, 0.41577449440956116];[-2.2056286334991455, -1.9665790796279907, -2.1357595920562744, -2.0573649406433105, -2.153292179107666, -2.2621634006500244];[1.4416403770446777, 0.9728977680206299, 0.8342961668968201, 0.7732883095741272, 0.7874438762664795];312.02296447753906
4250;[3.439617872238159, 2.622195243835449, 2.423813581466675, 2.3674066066741943, 2.2556097507476807, 2.487426280975342];[0.4486544132232666, 0.3026379644870758, 0.3675268888473511, 0.40417250990867615, 0.41618624329566956, 0.5258834362030029];[-2.158219337463379, -1.8737417459487915, -2.0214200019836426, -2.172370195388794, -2.1882011890411377, -2.5790915489196777];[1.4138010740280151, 1.0332298278808594, 0.8496679663658142, 0.8179035186767578, 0.8037304878234863];315.30514907836914
4300;[3.4404165744781494, 2.607445478439331, 2.406801223754883, 2.4644362926483154, 2.5744168758392334, 2.516963005065918];[0.4380873441696167, 0.312319278717041, 0.3331444263458252, 0.3773632347583771, 0.4562150835990906, 0.4986153244972229];[-2.167135715484619, -1.904342770576477, -1.9469282627105713, -2.095278739929199, -2.3566348552703857, -2.515275001525879];[1.4293386936187744, 0.9873560667037964, 0.9001029133796692, 0.8528702259063721, 0.8451701402664185];326.5274386405945
4350;[3.5066659450531006, 2.6028754711151123, 2.778454542160034, 2.747403621673584, 2.968717336654663, 3.3551015853881836];[0.42971107363700867, 0.3126929998397827, 0.40234896540641785, 0.5143616795539856, 0.6437430381774902, 0.7736032009124756];[-2.201038360595703, -1.879991888999939, -2.1171584129333496, -2.4413883686065674, -3.0760321617126465, -3.9146718978881836];[1.4041314125061035, 1.0595461130142212, 0.9758287072181702, 0.930371880531311, 0.947700023651123];313.0509240627289
4400;[3.388012409210205, 2.882800340652466, 2.635481595993042, 2.837423801422119, 2.972785472869873, 3.321384906768799];[0.43449947237968445, 0.34959477186203003, 0.38666635751724243, 0.5273975729942322, 0.6650785207748413, 0.812777042388916];[-2.1369526386260986, -2.04768443107605, -2.0968799591064453, -2.5034828186035156, -3.157133102416992, -4.1843132972717285];[1.4521327018737793, 1.0301436185836792, 0.9563921689987183, 0.9462473392486572, 0.9487070441246033];316.0492470264435
4450;[3.46403431892395, 2.808212995529175, 2.8420848846435547, 3.053879499435425, 3.2014198303222656, 3.3047094345092773];[0.4295528829097748, 0.32286250591278076, 0.4572608768939972, 0.6278800368309021, 0.735927402973175, 0.8004017472267151];[-2.17692232131958, -1.9104533195495605, -2.2214667797088623, -2.9910390377044678, -3.628021478652954, -4.141127109527588];[1.5305474996566772, 1.1754531860351562, 0.9654439687728882, 0.9166421890258789, 0.8882050514221191];311.7555902004242
4500;[3.435029983520508, 2.524162530899048, 2.3337955474853516, 2.465548276901245, 2.3308448791503906, 2.4221596717834473];[0.4312841594219208, 0.3186749517917633, 0.3689434826374054, 0.4527673125267029, 0.448309063911438, 0.509933352470398];[-2.1519405841827393, -1.842779278755188, -2.0349535942077637, -2.3371968269348145, -2.3627748489379883, -2.5697145462036133];[1.4830230474472046, 1.0113600492477417, 0.8291976451873779, 0.7794651985168457, 0.7781664133071899];311.5390923023224
4550;[3.4912192821502686, 2.8638205528259277, 2.9343767166137695, 2.8823063373565674, 2.637850522994995, 2.449707508087158];[0.41575321555137634, 0.40851283073425293, 0.4154810309410095, 0.4022456109523773, 0.3500347435474396, 0.3497328460216522];[-2.1820414066314697, -2.0805137157440186, -2.171205759048462, -2.162571430206299, -2.016812324523926, -2.0565762519836426];[1.4108039140701294, 1.1357167959213257, 1.026509404182434, 0.9706025123596191, 0.8955935835838318];316.166752576828
4600;[3.322650909423828, 2.711534261703491, 2.442556142807007, 2.3352067470550537, 2.3859035968780518, 2.483631134033203];[0.43635958433151245, 0.3312067687511444, 0.3237603008747101, 0.29191628098487854, 0.2959933578968048, 0.3194486200809479];[-2.133258819580078, -1.933876872062683, -1.8792248964309692, -1.824828028678894, -1.8503092527389526, -1.9853672981262207];[1.4707304239273071, 1.1379426717758179, 0.9295688271522522, 0.9032638669013977, 0.9550524353981018];313.06329369544983
4650;[3.4254584312438965, 2.633211374282837, 2.7528250217437744, 2.815051555633545, 3.0642595291137695, 3.287726402282715];[0.4274805188179016, 0.3243372440338135, 0.44597387313842773, 0.5520892143249512, 0.6567762494087219, 0.7526048421859741];[-2.1472837924957275, -1.8938257694244385, -2.2056379318237305, -2.6589736938476562, -3.178154945373535, -3.841233253479004];[1.4355543851852417, 1.0387970209121704, 0.913926362991333, 0.8920049071311951, 0.8610546588897705];310.82006573677063
4700;[3.4441146850585938, 2.9970219135284424, 2.840625286102295, 2.4746081829071045, 2.571319818496704, 2.3352746963500977];[0.4355427324771881, 0.39940470457077026, 0.3587355315685272, 0.3230011463165283, 0.3619246184825897, 0.33767858147621155];[-2.167985439300537, -2.059455156326294, -2.0073318481445312, -1.9872757196426392, -2.2230210304260254, -2.0966343879699707];[1.4566947221755981, 1.1862125396728516, 0.9959234595298767, 0.9038373827934265, 0.8228591680526733];315.70042395591736
4750;[3.427764654159546, 2.749330997467041, 2.408078670501709, 2.515695571899414, 2.348804235458374, 2.2158236503601074];[0.43967872858047485, 0.34017884731292725, 0.35868334770202637, 0.4329400360584259, 0.45538800954818726, 0.4496201276779175];[-2.1648216247558594, -1.9098079204559326, -1.9851027727127075, -2.2809512615203857, -2.3523879051208496, -2.3038229942321777];[1.4229375123977661, 1.0995937585830688, 0.884444534778595, 0.7772969007492065, 0.7321770191192627];311.0436661243439
4800;[3.6132876873016357, 2.6301708221435547, 2.7347466945648193, 2.8741183280944824, 2.85333514213562, 2.9248456954956055];[0.43190473318099976, 0.32792070508003235, 0.3706260621547699, 0.4188448488712311, 0.4189961850643158, 0.44906848669052124];[-2.2278809547424316, -1.902869462966919, -2.029893159866333, -2.188499927520752, -2.1943628787994385, -2.296070098876953];[1.4324054718017578, 1.1583234071731567, 1.047702670097351, 1.0870897769927979, 1.0372005701065063];313.7509717941284
4850;[3.4939403533935547, 2.7671775817871094, 2.920501470565796, 3.148756504058838, 3.5307695865631104, 3.939974546432495];[0.42048031091690063, 0.32319727540016174, 0.3132736384868622, 0.4809007942676544, 0.749865710735321, 0.8883907198905945];[-2.1906533241271973, -1.8923615217208862, -1.8986188173294067, -2.2724711894989014, -3.7296104431152344, -5.151017189025879];[1.401949405670166, 1.4362174272537231, 1.2250032424926758, 1.1061692237854004, 0.92800372838974];308.44500827789307
4900;[3.500035047531128, 2.9506161212921143, 2.781395435333252, 2.6487348079681396, 2.7147324085235596, 2.7484819889068604];[0.43954998254776, 0.35203030705451965, 0.47072845697402954, 0.4934149384498596, 0.5558249354362488, 0.5643213987350464];[-2.187502145767212, -1.9932790994644165, -2.244128465652466, -2.3764541149139404, -2.6426708698272705, -2.722748279571533];[1.4528001546859741, 1.3415629863739014, 0.9402531385421753, 0.8649057745933533, 0.8192641735076904];314.2340862751007
4950;[3.6074352264404297, 2.987046480178833, 2.932868480682373, 3.100313425064087, 3.0187532901763916, 2.902202606201172];[0.4442906975746155, 0.3810940682888031, 0.46010199189186096, 0.5123751759529114, 0.5409253835678101, 0.540557861328125];[-2.2326273918151855, -2.0841994285583496, -2.27715802192688, -2.4925951957702637, -2.5029590129852295, -2.4285383224487305];[1.477205514907837, 1.20767080783844, 1.1643792390823364, 1.011319875717163, 0.9970404505729675];308.65625
5000;[3.4515857696533203, 2.8054251670837402, 3.147564649581909, 3.1227548122406006, 3.270381450653076, 3.3764519691467285];[0.4284898042678833, 0.4356401860713959, 0.6168643832206726, 0.6451835036277771, 0.7147104740142822, 0.7553821802139282];[-2.155395984649658, -2.176398992538452, -2.740086078643799, -2.7871768474578857, -3.1508071422576904, -3.3493001461029053];[1.4226378202438354, 1.118092656135559, 1.0056302547454834, 0.9932690262794495, 0.9534899592399597];306.09202909469604
5050;[3.4448494911193848, 2.648388385772705, 2.5748291015625, 2.5034990310668945, 2.2966859340667725, 2.3398704528808594];[0.42627382278442383, 0.34762319922447205, 0.3651387691497803, 0.3572976589202881, 0.36163339018821716, 0.38117358088493347];[-2.140512466430664, -1.983604907989502, -2.062246799468994, -2.1081669330596924, -2.0828418731689453, -2.2076363563537598];[1.4337881803512573, 0.9975733160972595, 0.8775474429130554, 0.9031786918640137, 0.8459956049919128];318.81751465797424
5100;[3.3854267597198486, 2.8812291622161865, 2.5646655559539795, 2.4141130447387695, 2.3909881114959717, 2.6808032989501953];[0.4483056366443634, 0.3448498547077179, 0.29222527146339417, 0.28922364115715027, 0.35111549496650696, 0.5233526229858398];[-2.1356468200683594, -2.0517640113830566, -1.8665896654129028, -1.815341830253601, -1.9243056774139404, -2.4420254230499268];[1.449776530265808, 1.1238664388656616, 0.9476195573806763, 0.9858018755912781, 1.0201820135116577];316.3654041290283
5150;[3.388988733291626, 2.848092794418335, 2.8249711990356445, 3.139845371246338, 3.2948572635650635, 3.333489418029785];[0.42629897594451904, 0.3799571096897125, 0.5372624397277832, 0.6766079664230347, 0.7673184871673584, 0.8032645583152771];[-2.144418954849243, -2.063290596008301, -2.475473165512085, -3.2889764308929443, -3.9238431453704834, -4.263904094696045];[1.36872398853302, 1.0413885116577148, 0.9467372894287109, 0.8619632720947266, 0.867473840713501];313.06920766830444
5200;[3.482097625732422, 2.4845752716064453, 2.5009374618530273, 2.6815645694732666, 2.594900369644165, 2.328278064727783];[0.44505175948143005, 0.2909944951534271, 0.2927791178226471, 0.32905495166778564, 0.31818336248397827, 0.2829493582248688];[-2.1873252391815186, -1.8131563663482666, -1.8722747564315796, -2.1054670810699463, -2.0988965034484863, -1.9317481517791748];[1.5042283535003662, 0.9958855509757996, 0.9189561605453491, 0.8717359304428101, 0.8769074082374573];319.2885973453522
5250;[3.4543895721435547, 2.595505475997925, 2.388946056365967, 2.621009588241577, 2.7298879623413086, 2.8000078201293945];[0.4224918782711029, 0.3008650839328766, 0.36213308572769165, 0.49199193716049194, 0.5959547758102417, 0.6946496963500977];[-2.180452346801758, -1.8628164529800415, -1.9683009386062622, -2.4253933429718018, -2.8671438694000244, -3.274728775024414];[1.4530771970748901, 1.0253881216049194, 0.8724363446235657, 0.8556591868400574, 0.8670328259468079];312.9533145427704
5300;[3.384072780609131, 2.4912126064300537, 2.659733295440674, 2.6836540699005127, 2.6244802474975586, 2.728026866912842];[0.43511489033699036, 0.2875775694847107, 0.40883582830429077, 0.48924151062965393, 0.5863280892372131, 0.6346766948699951];[-2.12966251373291, -1.7902612686157227, -2.12492299079895, -2.4161317348480225, -2.7783823013305664, -3.0972843170166016];[1.460091233253479, 1.1331334114074707, 0.9313297867774963, 0.8804327845573425, 0.8565788865089417];316.39892053604126
5350;[3.5128014087677, 3.0652174949645996, 2.8492588996887207, 2.5576717853546143, 2.2775073051452637, 2.375807046890259];[0.43577641248703003, 0.37579530477523804, 0.32945993542671204, 0.3429219722747803, 0.28898265957832336, 0.3282219469547272];[-2.1909666061401367, -2.027085542678833, -1.9484145641326904, -2.013937473297119, -1.8625431060791016, -2.1034047603607178];[1.381511926651001, 1.3348064422607422, 1.3191187381744385, 0.8972911834716797, 0.8254697322845459];313.7487442493439
5400;[3.4227616786956787, 2.64100980758667, 2.568732976913452, 2.565155029296875, 2.3684427738189697, 2.064751386642456];[0.419302374124527, 0.3385545015335083, 0.34299495816230774, 0.3573276102542877, 0.34227508306503296, 0.3060978949069977];[-2.13055157661438, -1.909622073173523, -2.152229070663452, -2.3348913192749023, -2.258326530456543, -2.141155242919922];[1.4129160642623901, 1.084444284439087, 0.8697667121887207, 0.8403032422065735, 0.7923377156257629];313.6477952003479
5450;[3.4153659343719482, 3.0870108604431152, 2.5922293663024902, 2.4475317001342773, 2.317331314086914, 2.3483381271362305];[0.42600539326667786, 0.35756751894950867, 0.34157583117485046, 0.3684307336807251, 0.38107144832611084, 0.38115498423576355];[-2.1372056007385254, -1.9664967060089111, -1.9534062147140503, -2.0248959064483643, -2.040539026260376, -2.131960868835449];[1.4338716268539429, 1.374308705329895, 0.9767049551010132, 0.8749170899391174, 0.8396462202072144];315.3481204509735
5500;[3.3816285133361816, 2.7305400371551514, 2.5258631706237793, 2.5647315979003906, 2.7625555992126465, 2.6783666610717773];[0.43203434348106384, 0.36876440048217773, 0.4810234010219574, 0.5472681522369385, 0.6219631433486938, 0.6707999110221863];[-2.147369146347046, -2.0189473628997803, -2.330695390701294, -2.6705121994018555, -3.1076786518096924, -3.291043996810913];[1.4411567449569702, 1.0097770690917969, 0.8424855470657349, 0.7977001667022705, 0.7755534648895264];314.5215699672699
5550;[3.5486812591552734, 2.7747654914855957, 2.883291482925415, 2.735077142715454, 2.8801615238189697, 2.860814094543457];[0.4252362549304962, 0.3536498248577118, 0.46441760659217834, 0.4748416244983673, 0.522563636302948, 0.5830089449882507];[-2.1902449131011963, -2.007890224456787, -2.342817783355713, -2.3614163398742676, -2.522857189178467, -2.760636806488037];[1.4547945261001587, 1.088447093963623, 0.9901843070983887, 0.9804134964942932, 0.9116135835647583];318.9060866832733
5600;[3.37861967086792, 2.5926761627197266, 2.538893222808838, 2.139446258544922, 2.2773115634918213, 2.301128387451172];[0.4175051152706146, 0.3093072474002838, 0.32461294531822205, 0.28962233662605286, 0.31628677248954773, 0.32344281673431396];[-2.123978853225708, -1.8302091360092163, -2.093102216720581, -1.9612149000167847, -2.2148826122283936, -2.2197365760803223];[1.3982077836990356, 1.075711727142334, 0.7896257042884827, 0.7325921654701233, 0.6996975541114807];317.83641028404236
5650;[3.4458436965942383, 2.613388776779175, 2.5286879539489746, 2.403707981109619, 2.355250835418701, 2.5575082302093506];[0.4161941409111023, 0.3086024224758148, 0.3229934275150299, 0.3315873444080353, 0.3552248775959015, 0.4584210515022278];[-2.1508853435516357, -1.8580312728881836, -1.8941818475723267, -1.890758752822876, -1.9381074905395508, -2.2831547260284424];[1.3682698011398315, 1.0210427045822144, 0.9613158106803894, 0.932358980178833, 0.8903296589851379];317.33223581314087
5700;[3.518735647201538, 2.6684634685516357, 2.2142882347106934, 2.31265926361084, 2.5225565433502197, 2.469167470932007];[0.42927441000938416, 0.3114950358867645, 0.2656362056732178, 0.28821632266044617, 0.32458463311195374, 0.3041988015174866];[-2.1884829998016357, -1.898061752319336, -1.712164044380188, -1.8411097526550293, -1.9653468132019043, -1.899165391921997];[1.4380441904067993, 1.0555897951126099, 0.9061513543128967, 0.9112647175788879, 0.999203622341156];318.6472918987274
5750;[3.495710849761963, 2.5846574306488037, 2.4506402015686035, 2.3429698944091797, 2.4671378135681152, 2.4235899448394775];[0.43353694677352905, 0.30926722288131714, 0.30347731709480286, 0.29767337441444397, 0.3144354820251465, 0.31105658411979675];[-2.173147678375244, -1.8454407453536987, -1.8979949951171875, -1.8259096145629883, -1.9131168127059937, -1.9068819284439087];[1.4409122467041016, 1.0269767045974731, 0.929322361946106, 0.9135710000991821, 0.8965343832969666];313.8791069984436
5800;[3.6056039333343506, 2.6163272857666016, 2.548225164413452, 2.6383302211761475, 2.865989923477173, 2.954925060272217];[0.4248155355453491, 0.3204740583896637, 0.39348557591438293, 0.5182673931121826, 0.6216793060302734, 0.7299394607543945];[-2.218609094619751, -1.8925364017486572, -2.0830485820770264, -2.4869682788848877, -3.011615753173828, -3.6125028133392334];[1.4767940044403076, 1.0015908479690552, 0.8850207924842834, 0.8600525259971619, 0.8633394241333008];311.90034437179565
5850;[3.4156088829040527, 2.8639931678771973, 2.501391649246216, 2.6073246002197266, 2.6043875217437744, 2.7285518646240234];[0.4235422909259796, 0.33981409668922424, 0.29407837986946106, 0.3539223074913025, 0.4051447808742523, 0.5312981009483337];[-2.141894578933716, -2.0192489624023438, -1.8464033603668213, -2.022264242172241, -2.1438896656036377, -2.5254266262054443];[1.443084716796875, 1.080308437347412, 0.911719799041748, 0.9023268818855286, 0.9102028608322144];318.75564980506897
5900;[3.505112886428833, 2.780731201171875, 2.6987040042877197, 2.7178986072540283, 2.7845449447631836, 3.0246431827545166];[0.42549750208854675, 0.404280424118042, 0.4712391495704651, 0.5572253465652466, 0.6558226346969604, 0.7338832020759583];[-2.1845786571502686, -2.15990948677063, -2.3553056716918945, -2.694520950317383, -3.109131097793579, -3.596236228942871];[1.3579738140106201, 0.9239028096199036, 0.8334560394287109, 0.8277041912078857, 0.8546604514122009];318.1993181705475
5950;[3.426513195037842, 2.7513108253479004, 2.277449369430542, 2.5443735122680664, 2.426180124282837, 2.375288963317871];[0.42651665210723877, 0.3183450996875763, 0.29269856214523315, 0.3626432418823242, 0.40517592430114746, 0.41676199436187744];[-2.1390936374664307, -1.9011837244033813, -1.8112294673919678, -2.0980052947998047, -2.1778523921966553, -2.244157075881958];[1.4238390922546387, 1.1821242570877075, 0.8939932584762573, 0.8472433686256409, 0.8144232630729675];316.8943455219269
6000;[3.5324230194091797, 2.5623815059661865, 2.3546078205108643, 2.4144248962402344, 2.351234197616577, 2.3393173217773438];[0.4432600140571594, 0.33632490038871765, 0.3565693795681, 0.3935716152191162, 0.37528082728385925, 0.3936327397823334];[-2.2023110389709473, -1.9376691579818726, -1.9702767133712769, -2.099259614944458, -2.097621440887451, -2.106755256652832];[1.4273957014083862, 0.9711653590202332, 0.9014000296592712, 0.8481156229972839, 0.8980978727340698];314.5176212787628
6050;[3.525528907775879, 2.7394676208496094, 2.513063669204712, 2.4175920486450195, 2.488328695297241, 2.5112245082855225];[0.42639636993408203, 0.3261355757713318, 0.2901858985424042, 0.30218660831451416, 0.39444342255592346, 0.47997358441352844];[-2.1861791610717773, -1.9344193935394287, -1.8341201543807983, -1.8307929039001465, -2.0985214710235596, -2.3591434955596924];[1.4476920366287231, 1.1210956573486328, 0.9427675008773804, 0.9464244246482849, 0.8786879777908325];315.8877024650574
6100;[3.5386545658111572, 2.798459768295288, 2.734861373901367, 2.382345199584961, 2.326671838760376, 2.3716189861297607];[0.42927420139312744, 0.34724530577659607, 0.38403162360191345, 0.3779853582382202, 0.4007624685764313, 0.44872045516967773];[-2.185875177383423, -1.9448940753936768, -2.1675665378570557, -2.0914700031280518, -2.165469169616699, -2.3667869567871094];[1.444501519203186, 1.1483837366104126, 0.8706263899803162, 0.8075228333473206, 0.7751595973968506];313.66992950439453
6150;[3.391819715499878, 2.7843172550201416, 2.5148701667785645, 2.281578540802002, 2.1164143085479736, 2.267641305923462];[0.4235442280769348, 0.3241305649280548, 0.32408642768859863, 0.30011963844299316, 0.31859099864959717, 0.3537154197692871];[-2.118706703186035, -1.9034727811813354, -1.9772615432739258, -1.8695405721664429, -1.9190577268600464, -2.0883960723876953];[1.579514980316162, 1.201209306716919, 0.924450695514679, 0.7971196174621582, 0.7636563181877136];316.5586578845978
6200;[3.3767919540405273, 2.6279871463775635, 2.4885177612304688, 2.6082115173339844, 2.4370429515838623, 2.279719352722168];[0.4224041700363159, 0.30858537554740906, 0.2989037036895752, 0.3087775409221649, 0.3039740324020386, 0.27542704343795776];[-2.12829852104187, -1.875009298324585, -1.862306833267212, -1.9413501024246216, -1.8978080749511719, -1.7916055917739868];[1.4089769124984741, 1.0324254035949707, 0.9605423808097839, 0.9132717847824097, 0.8972603678703308];316.1180384159088
6250;[3.4127135276794434, 2.51497483253479, 2.630680561065674, 2.382854700088501, 2.3694052696228027, 2.4343550205230713];[0.4282115697860718, 0.3204413950443268, 0.3855963945388794, 0.3786051571369171, 0.44373375177383423, 0.46832308173179626];[-2.147883415222168, -1.908422589302063, -2.2074592113494873, -2.062135696411133, -2.228166103363037, -2.3730900287628174];[1.4660993814468384, 0.9134665727615356, 0.8331964612007141, 0.820228099822998, 0.825386643409729];313.8570747375488
6300;[3.496427297592163, 2.868955612182617, 2.335800886154175, 2.3574471473693848, 2.2950642108917236, 2.3563783168792725];[0.44612348079681396, 0.313129723072052, 0.31922343373298645, 0.34768810868263245, 0.3826170563697815, 0.4134996235370636];[-2.1842172145843506, -1.906512975692749, -1.8499094247817993, -1.9646342992782593, -2.031693458557129, -2.1490375995635986];[1.492900013923645, 1.257443904876709, 0.9148229360580444, 0.8719645738601685, 0.8804032206535339];315.58217573165894
6350;[3.510988473892212, 3.08467173576355, 2.7434215545654297, 2.5773072242736816, 2.4928629398345947, 2.464240789413452];[0.4416903555393219, 0.40651997923851013, 0.35340914130210876, 0.4132262170314789, 0.4529269337654114, 0.51238614320755];[-2.1968064308166504, -2.1376311779022217, -1.995246171951294, -2.1529669761657715, -2.3052003383636475, -2.505013942718506];[1.4573240280151367, 1.1750482320785522, 0.9782644510269165, 0.860811710357666, 0.818183422088623];317.0448520183563
6400;[3.5146305561065674, 2.8438637256622314, 2.7275049686431885, 2.3890082836151123, 2.2112677097320557, 2.3454344272613525];[0.43778032064437866, 0.32612863183021545, 0.3507382571697235, 0.31042349338531494, 0.2873539924621582, 0.3080703318119049];[-2.175811529159546, -1.9201606512069702, -2.172640562057495, -2.0249338150024414, -1.9002538919448853, -2.0398900508880615];[1.3885265588760376, 1.1935136318206787, 0.8887492418289185, 0.8667258024215698, 0.9087879061698914];313.03942227363586
6450;[3.491072177886963, 2.945402145385742, 2.461305618286133, 2.4975059032440186, 2.3570468425750732, 2.4297657012939453];[0.41797226667404175, 0.38676804304122925, 0.3460195064544678, 0.38429856300354004, 0.4106123447418213, 0.39506909251213074];[-2.1565778255462646, -2.0778465270996094, -2.007542610168457, -2.2019171714782715, -2.243309497833252, -2.265089750289917];[1.417178988456726, 1.1300525665283203, 0.8563416004180908, 0.7940834164619446, 0.7983866930007935];316.86873030662537
6500;[3.45418643951416, 2.941387176513672, 2.6729488372802734, 2.708047866821289, 2.8467259407043457, 3.0043468475341797];[0.42215070128440857, 0.37180590629577637, 0.34994471073150635, 0.439619779586792, 0.5561907887458801, 0.6436774134635925];[-2.1604888439178467, -2.0840673446655273, -1.9969456195831299, -2.2160401344299316, -2.7105207443237305, -3.1512763500213623];[1.5230666399002075, 1.2423313856124878, 0.9820107221603394, 0.9494590759277344, 0.8789846897125244];320.32613611221313
6550;[3.4759461879730225, 3.198992967605591, 2.543117046356201, 2.6176743507385254, 2.4797070026397705, 2.3117144107818604];[0.43682122230529785, 0.3807690739631653, 0.3291245400905609, 0.3401849865913391, 0.3278794586658478, 0.3347368836402893];[-2.1770341396331787, -2.0913827419281006, -1.916196346282959, -2.112471580505371, -2.089709520339966, -2.0727689266204834];[1.547082781791687, 1.4099247455596924, 0.9742234349250793, 0.8421193361282349, 0.7893145084381104];317.9506006240845
6600;[3.4148435592651367, 2.90509295463562, 2.6575570106506348, 2.8860418796539307, 2.7704336643218994, 2.865121603012085];[0.4393862783908844, 0.3186224699020386, 0.4504626989364624, 0.5704895257949829, 0.5830410122871399, 0.6436038017272949];[-2.1478524208068848, -1.9122682809829712, -2.1909403800964355, -2.7094621658325195, -2.808353900909424, -3.0885813236236572];[1.4754189252853394, 1.3008711338043213, 0.9237241148948669, 0.8799740076065063, 0.8839635848999023];314.3983676433563
6650;[3.355729818344116, 2.801267385482788, 2.703289270401001, 2.886521100997925, 3.114891529083252, 3.2436249256134033];[0.4229552149772644, 0.31748318672180176, 0.4285189211368561, 0.6171790957450867, 0.7311116456985474, 0.7853858470916748];[-2.1251649856567383, -1.9003618955612183, -2.1616876125335693, -2.92558217048645, -3.6364905834198, -4.136751174926758];[1.5908465385437012, 1.2282466888427734, 0.940928041934967, 0.9142159223556519, 0.8810796737670898];313.2210783958435
6700;[3.38685941696167, 2.8138813972473145, 3.1606807708740234, 2.9567558765411377, 3.3500406742095947, 3.522568941116333];[0.41247639060020447, 0.3110947906970978, 0.49734580516815186, 0.5736421942710876, 0.7201097011566162, 0.7623268961906433];[-2.1057310104370117, -1.8655154705047607, -2.3660590648651123, -2.6552011966705322, -3.4675793647766113, -3.901500940322876];[1.4227871894836426, 1.428685188293457, 1.071077585220337, 0.9594743251800537, 0.9266499280929565];315.58249378204346
6750;[3.471536874771118, 2.722768545150757, 2.524829864501953, 2.410844087600708, 2.5792505741119385, 2.728987455368042];[0.44458886981010437, 0.32005152106285095, 0.33886289596557617, 0.37943029403686523, 0.42284947633743286, 0.4801812171936035];[-2.16890025138855, -1.9189393520355225, -1.9852619171142578, -2.071847438812256, -2.25947904586792, -2.455021381378174];[1.4636619091033936, 1.0100932121276855, 0.8984858393669128, 0.8597410917282104, 0.8476412296295166];315.38715648651123
6800;[3.47160005569458, 2.970837116241455, 2.772461414337158, 3.1170997619628906, 3.318005323410034, 3.6460111141204834];[0.42987900972366333, 0.3405419886112213, 0.3666188418865204, 0.5914839506149292, 0.8194785118103027, 0.8471682667732239];[-2.1651411056518555, -1.9895716905593872, -1.9859635829925537, -2.773953437805176, -4.08596658706665, -4.714200973510742];[1.4529064893722534, 1.2519477605819702, 1.0333425998687744, 0.9422977566719055, 0.8821224570274353];312.7467908859253
6850;[3.4110498428344727, 2.5329530239105225, 2.481896162033081, 2.6419029235839844, 2.5459232330322266, 2.8248934745788574];[0.4251982867717743, 0.35451585054397583, 0.3579625189304352, 0.43666136264801025, 0.4991353750228882, 0.5583082437515259];[-2.153019666671753, -1.964992642402649, -2.043064832687378, -2.36488676071167, -2.5036654472351074, -2.7313942909240723];[1.4922515153884888, 0.9062435626983643, 0.8873746991157532, 0.8371095657348633, 0.833419144153595];314.2850742340088
6900;[3.5187079906463623, 2.712750196456909, 2.566566228866577, 2.2944085597991943, 2.439093589782715, 2.0860211849212646];[0.4233356714248657, 0.33646121621131897, 0.3426453173160553, 0.3093263804912567, 0.3301912546157837, 0.2885742783546448];[-2.2008421421051025, -1.9813897609710693, -2.104097604751587, -2.000215768814087, -2.1728122234344482, -1.944183111190796];[1.4056156873703003, 1.0571130514144897, 0.8568269610404968, 0.83591228723526, 0.7709689736366272];318.36949610710144
6950;[3.5780582427978516, 2.544114351272583, 2.6683781147003174, 2.530261993408203, 2.6273579597473145, 2.5185086727142334];[0.42360320687294006, 0.3006974458694458, 0.36109527945518494, 0.345132440328598, 0.35001152753829956, 0.33181747794151306];[-2.2075297832489014, -1.8531506061553955, -2.04368257522583, -1.9641770124435425, -2.026688575744629, -1.941428780555725];[1.479819655418396, 1.0851367712020874, 0.9371643662452698, 0.9189603328704834, 0.9159565567970276];318.46954703330994
7000;[3.4158263206481934, 2.6397697925567627, 2.731703042984009, 2.9404120445251465, 2.9794681072235107, 3.5445938110351562];[0.4285704493522644, 0.297577440738678, 0.31709370017051697, 0.39598140120506287, 0.5600457191467285, 0.722546398639679];[-2.149294376373291, -1.8286826610565186, -1.9183229207992554, -2.1334056854248047, -2.6169960498809814, -3.5775671005249023];[1.3953157663345337, 1.2044305801391602, 0.9815105199813843, 0.9924968481063843, 0.9917244911193848];315.6179766654968
7050;[3.4300379753112793, 2.7358238697052, 2.6936779022216797, 2.841299295425415, 2.93961238861084, 3.308410882949829];[0.4253702163696289, 0.42530980706214905, 0.4817114770412445, 0.5751442909240723, 0.638046383857727, 0.7892261743545532];[-2.1517746448516846, -2.1368448734283447, -2.348816394805908, -2.7131311893463135, -3.12406325340271, -4.011826992034912];[1.3970052003860474, 0.9448184370994568, 0.8847684860229492, 0.8951159119606018, 0.8620297908782959];312.78599858283997
7100;[3.410305976867676, 2.531972885131836, 2.574131965637207, 2.3245508670806885, 2.4993860721588135, 2.518159866333008];[0.4376327693462372, 0.3192463517189026, 0.3475896418094635, 0.325221449136734, 0.36866995692253113, 0.38997626304626465];[-2.152648448944092, -1.8659577369689941, -2.1404151916503906, -2.088735342025757, -2.4229676723480225, -2.5624005794525146];[1.3628652095794678, 0.9992601275444031, 0.8285517692565918, 0.8064298033714294, 0.7608001828193665];313.92062044143677
7150;[3.5161335468292236, 2.8781206607818604, 2.666761875152588, 2.2893662452697754, 2.369391441345215, 2.238816976547241];[0.43235188722610474, 0.33225497603416443, 0.34512096643447876, 0.3052471876144409, 0.3462885618209839, 0.31540611386299133];[-2.1999800205230713, -1.9349722862243652, -2.036661148071289, -1.9248404502868652, -2.071763753890991, -2.007814407348633];[1.3842179775238037, 1.205270767211914, 0.8628543019294739, 0.8481335639953613, 0.7756931781768799];316.1326401233673
7200;[3.5014235973358154, 2.8287041187286377, 2.413254499435425, 2.279980421066284, 2.3353686332702637, 2.2767529487609863];[0.4243478775024414, 0.34737628698349, 0.33449238538742065, 0.36104485392570496, 0.4357444643974304, 0.44986140727996826];[-2.1711623668670654, -1.9583650827407837, -2.010524272918701, -2.0675761699676514, -2.2654342651367188, -2.3317205905914307];[1.4561607837677002, 1.1535675525665283, 0.8659375905990601, 0.8137558102607727, 0.7804244756698608];314.31337904930115
7250;[3.41520094871521, 2.7529854774475098, 2.586880922317505, 2.5454330444335938, 2.602922201156616, 2.6180663108825684];[0.43882137537002563, 0.44966375827789307, 0.36774560809135437, 0.3958591818809509, 0.43139535188674927, 0.4949813783168793];[-2.163580894470215, -2.1566433906555176, -2.024873971939087, -2.0835041999816895, -2.2230725288391113, -2.4359753131866455];[1.4162206649780273, 1.0150643587112427, 0.9311953186988831, 0.8568410873413086, 0.8218684792518616];317.0181179046631
7300;[3.3458776473999023, 2.7208285331726074, 2.2161707878112793, 2.394103765487671, 2.2360243797302246, 2.038705348968506];[0.4245806336402893, 0.3239056169986725, 0.2742771506309509, 0.3269970118999481, 0.3233233690261841, 0.30047473311424255];[-2.1103062629699707, -1.923941969871521, -1.7708348035812378, -2.0754995346069336, -2.0785365104675293, -1.9390578269958496];[1.415171504020691, 1.164957046508789, 0.8571339845657349, 0.792468249797821, 0.7762037515640259];313.36555647850037
7350;[3.397529125213623, 2.8148012161254883, 2.5785603523254395, 2.4971678256988525, 2.2267909049987793, 2.4225645065307617];[0.42025071382522583, 0.3420788645744324, 0.32753828167915344, 0.33723485469818115, 0.2964872717857361, 0.34822431206703186];[-2.1386537551879883, -2.0565106868743896, -2.0004148483276367, -2.1269476413726807, -1.8844413757324219, -2.116922616958618];[1.4941508769989014, 1.0248517990112305, 0.9293276071548462, 0.8595776557922363, 0.8328080773353577];315.02508306503296
7400;[3.4258272647857666, 2.8319690227508545, 2.9150288105010986, 3.240016222000122, 3.5318169593811035, 3.614727258682251];[0.42250290513038635, 0.33867934346199036, 0.5479286909103394, 0.7341030836105347, 0.7844820618629456, 0.8409993648529053];[-2.1374926567077637, -1.9525798559188843, -2.588078498840332, -3.671783208847046, -4.163575172424316, -4.771090984344482];[1.5691802501678467, 1.1203057765960693, 0.9318777322769165, 0.8643638491630554, 0.8484671711921692];311.8557517528534
7450;[3.468332529067993, 2.80979061126709, 2.5061752796173096, 2.784297466278076, 2.6506235599517822, 2.242258310317993];[0.4213467240333557, 0.3423379957675934, 0.30711865425109863, 0.3534475564956665, 0.33955028653144836, 0.2806721031665802];[-2.1579253673553467, -2.0219292640686035, -1.8979002237319946, -2.111973762512207, -2.0107767581939697, -1.7651164531707764];[1.3929935693740845, 1.0857852697372437, 0.9544570446014404, 0.9589305520057678, 0.9271277189254761];316.3925678730011
7500;[3.5145277976989746, 2.7388288974761963, 2.6063530445098877, 2.6287033557891846, 2.6931653022766113, 2.8182613849639893];[0.4435330033302307, 0.3335909843444824, 0.3739568591117859, 0.42572054266929626, 0.4882064759731293, 0.5851033926010132];[-2.1853690147399902, -1.9511045217514038, -2.0523149967193604, -2.1858315467834473, -2.4227778911590576, -2.771183967590332];[1.4268064498901367, 1.0172849893569946, 0.9647039175033569, 0.9335455298423767, 0.8847388625144958];316.1388785839081
7550;[3.49364972114563, 2.6219072341918945, 2.607990026473999, 2.604604959487915, 2.721043348312378, 2.8751940727233887];[0.4522863030433655, 0.3949750065803528, 0.4206361472606659, 0.4446291923522949, 0.5291688442230225, 0.5967441201210022];[-2.174058675765991, -2.0205538272857666, -2.1519384384155273, -2.2253007888793945, -2.5616650581359863, -2.9051153659820557];[1.413692593574524, 0.9518203139305115, 0.9295800924301147, 0.9214670658111572, 0.8903251886367798];316.42924785614014
7600;[3.4201762676239014, 2.72074818611145, 2.606508493423462, 2.746324062347412, 3.024705171585083, 3.3357772827148438];[0.42099300026893616, 0.32203176617622375, 0.36609581112861633, 0.48155176639556885, 0.6568623185157776, 0.7958042025566101];[-2.1503331661224365, -1.9079277515411377, -2.0646378993988037, -2.429623603820801, -3.18792724609375, -4.1121625900268555];[1.4730557203292847, 1.0756378173828125, 0.8653088808059692, 0.8801593780517578, 0.8330650329589844];311.4459195137024
7650;[3.324361801147461, 2.5867598056793213, 2.4600656032562256, 2.5503251552581787, 2.546882390975952, 2.6917810440063477];[0.4284830391407013, 0.3408427834510803, 0.38970720767974854, 0.4702484905719757, 0.4923851191997528, 0.5809066295623779];[-2.116255283355713, -1.9503644704818726, -2.0872626304626465, -2.382045030593872, -2.463803291320801, -2.7943837642669678];[1.3972899913787842, 0.938769519329071, 0.8417167067527771, 0.7928708791732788, 0.7870596647262573];314.81519198417664
7700;[3.4914183616638184, 2.8245561122894287, 2.537740707397461, 2.6429431438446045, 2.844815969467163, 3.023371934890747];[0.4202416241168976, 0.3326083719730377, 0.32669728994369507, 0.4093553423881531, 0.5277982354164124, 0.6296265125274658];[-2.1748931407928467, -1.981558918952942, -1.8836718797683716, -2.1296041011810303, -2.5269579887390137, -3.0722594261169434];[1.5216137170791626, 1.1190317869186401, 0.973000168800354, 0.9711577296257019, 0.8922536373138428];316.2178680896759
7750;[3.4902026653289795, 2.8219265937805176, 2.7473580837249756, 2.8679049015045166, 2.6073012351989746, 2.828341245651245];[0.43585360050201416, 0.3301389217376709, 0.4160124659538269, 0.5412542223930359, 0.6092761158943176, 0.6466325521469116];[-2.162146806716919, -1.9533313512802124, -2.125684976577759, -2.6150670051574707, -2.867126941680908, -3.099031925201416];[1.3506263494491577, 1.2068754434585571, 0.9929780960083008, 0.8610650300979614, 0.837726354598999];315.826447725296
7800;[3.500040292739868, 2.6811418533325195, 2.8368284702301025, 2.542020559310913, 2.592576742172241, 2.4806017875671387];[0.4382328689098358, 0.3222641944885254, 0.38539576530456543, 0.38290658593177795, 0.37142789363861084, 0.36111366748809814];[-2.187696695327759, -1.9064432382583618, -2.12505841255188, -2.0666496753692627, -2.0795400142669678, -2.0077993869781494];[1.425821304321289, 1.1518644094467163, 0.9835682511329651, 0.9384552836418152, 0.9108982682228088];314.3131597042084
7850;[3.4770216941833496, 2.8009700775146484, 2.5782625675201416, 2.453660249710083, 2.349799871444702, 2.3791496753692627];[0.4325808882713318, 0.3574879765510559, 0.3666556179523468, 0.36381304264068604, 0.3617061674594879, 0.3895416855812073];[-2.1807198524475098, -2.0137131214141846, -2.0977046489715576, -2.196227788925171, -2.166431188583374, -2.2986319065093994];[1.4337522983551025, 1.0956937074661255, 0.8485181927680969, 0.8483871221542358, 0.7838951945304871];317.07425355911255
7900;[3.4245622158050537, 2.8175599575042725, 2.5544252395629883, 2.5017035007476807, 2.226820230484009, 2.36044979095459];[0.4227728843688965, 0.3606089651584625, 0.32974597811698914, 0.33143556118011475, 0.2977231442928314, 0.3434755206108093];[-2.167055368423462, -2.0177061557769775, -2.0171329975128174, -2.079958200454712, -1.910976767539978, -2.1994094848632812];[1.3916826248168945, 1.1111186742782593, 0.8424069285392761, 0.7989770770072937, 0.7802408933639526];317.20561718940735
7950;[3.5208237171173096, 2.6420133113861084, 2.4257869720458984, 2.4142589569091797, 2.212956428527832, 2.3186516761779785];[0.4353019595146179, 0.3154476583003998, 0.3058548867702484, 0.3267492353916168, 0.33394721150398254, 0.3866989016532898];[-2.2185897827148438, -1.86906099319458, -1.8641877174377441, -1.933426022529602, -1.8816620111465454, -2.0490427017211914];[1.4092458486557007, 1.127416968345642, 0.9478892683982849, 0.8868550062179565, 0.8624284863471985];313.0191922187805
8000;[3.4087133407592773, 2.6619677543640137, 2.427011251449585, 2.427633285522461, 2.353823184967041, 2.641606330871582];[0.4271165132522583, 0.3101966977119446, 0.34152230620384216, 0.3925657272338867, 0.4852464199066162, 0.544991672039032];[-2.1349101066589355, -1.8842936754226685, -1.9949067831039429, -2.1003501415252686, -2.374279022216797, -2.662616729736328];[1.653374195098877, 1.0442655086517334, 0.884294331073761, 0.8283485174179077, 0.8188230991363525];316.66403794288635
8050;[3.4201412200927734, 2.6743664741516113, 2.370664119720459, 2.487419843673706, 2.254523754119873, 2.2707207202911377];[0.4235568046569824, 0.3073379695415497, 0.28426098823547363, 0.3271850049495697, 0.33591488003730774, 0.4028257131576538];[-2.152250289916992, -1.851907730102539, -1.8573719263076782, -2.0264456272125244, -1.972699761390686, -2.1908838748931885];[1.4354636669158936, 1.166982889175415, 0.8462352752685547, 0.8123428821563721, 0.7773745059967041];314.1834828853607
8100;[3.4205591678619385, 2.5748538970947266, 2.3021180629730225, 2.4066414833068848, 2.366603136062622, 2.3850412368774414];[0.42028412222862244, 0.3119222819805145, 0.29627344012260437, 0.30769455432891846, 0.34175142645835876, 0.33543530106544495];[-2.1421473026275635, -1.8913273811340332, -1.8210926055908203, -1.9330902099609375, -2.0077688694000244, -2.010446310043335];[1.4384187459945679, 0.9482842683792114, 0.9075473546981812, 0.8193076252937317, 0.8165259957313538];313.97390151023865
8150;[3.483809471130371, 2.614081621170044, 2.4792630672454834, 2.518535614013672, 2.6084656715393066, 2.4861810207366943];[0.4155814051628113, 0.3810867667198181, 0.43657517433166504, 0.5539229512214661, 0.6251736879348755, 0.6011034250259399];[-2.1490190029144287, -2.0051493644714355, -2.289839029312134, -2.654977798461914, -3.024315357208252, -2.936903953552246];[1.4933432340621948, 0.9405451416969299, 0.8010268807411194, 0.788212776184082, 0.7857680320739746];317.086651802063
8200;[3.4265542030334473, 3.013530731201172, 2.8069911003112793, 2.6393158435821533, 2.392850875854492, 2.394484281539917];[0.44222769141197205, 0.356664776802063, 0.3668660521507263, 0.3853628635406494, 0.35017848014831543, 0.37394213676452637];[-2.1642885208129883, -2.02347469329834, -2.2250192165374756, -2.323620319366455, -2.0773580074310303, -2.2614457607269287];[1.4352457523345947, 1.2659423351287842, 0.8915891647338867, 0.8484787940979004, 0.8351134657859802];315.85428261756897
8250;[3.5096325874328613, 2.8107404708862305, 2.3462588787078857, 2.4610486030578613, 2.4851186275482178, 2.591125965118408];[0.4265439808368683, 0.3344877064228058, 0.3601855933666229, 0.4341575801372528, 0.4951953589916229, 0.5531388521194458];[-2.200293779373169, -1.9364243745803833, -1.9687753915786743, -2.3375461101531982, -2.495676040649414, -2.7605855464935303];[1.4470899105072021, 1.142940878868103, 0.8728460669517517, 0.7986202239990234, 0.7920753359794617];317.26613450050354
8300;[3.419157028198242, 2.4443812370300293, 2.44905161857605, 2.4225194454193115, 2.478564500808716, 2.3198070526123047];[0.44192126393318176, 0.2822180688381195, 0.28786516189575195, 0.2857488691806793, 0.3035295009613037, 0.2933342456817627];[-2.1562514305114746, -1.7892370223999023, -1.874001383781433, -1.8568087816238403, -2.016237258911133, -1.9447953701019287];[1.4380468130111694, 1.003441333770752, 0.8983481526374817, 0.8727093935012817, 0.841783881187439];315.79789423942566
8350;[3.440568208694458, 2.804326057434082, 2.502146005630493, 2.53132963180542, 2.51809024810791, 2.69492769241333];[0.4387984573841095, 0.34591978788375854, 0.3082934021949768, 0.3158629238605499, 0.3337092995643616, 0.35314568877220154];[-2.1828620433807373, -2.010641574859619, -1.8746793270111084, -1.9447985887527466, -2.0203921794891357, -2.153748035430908];[1.447880506515503, 1.087368130683899, 1.0142673254013062, 0.919778048992157, 0.8877958059310913];314.74875926971436
8400;[3.4663591384887695, 2.5723369121551514, 2.6661980152130127, 2.799025774002075, 2.61360502243042, 2.81703519821167];[0.42127275466918945, 0.32114237546920776, 0.38038089871406555, 0.41528868675231934, 0.39851611852645874, 0.4405815899372101];[-2.1589677333831787, -1.875092625617981, -2.088949203491211, -2.300198793411255, -2.232339382171631, -2.5120689868927];[1.4054789543151855, 1.045227289199829, 0.980270504951477, 0.9248990416526794, 0.8928318619728088];317.03033661842346
8450;[3.5360963344573975, 2.8854727745056152, 2.817599058151245, 2.9437437057495117, 2.6560513973236084, 2.678576707839966];[0.43971049785614014, 0.363219290971756, 0.3644190728664398, 0.38292714953422546, 0.35172155499458313, 0.3492315113544464];[-2.192559242248535, -2.0546765327453613, -2.108952283859253, -2.2273356914520264, -2.092352867126465, -2.0263888835906982];[1.4379475116729736, 1.1622169017791748, 1.0019934177398682, 0.9500895738601685, 0.9327160120010376];315.86733746528625
8500;[3.4333226680755615, 2.722167491912842, 2.854138135910034, 2.851973533630371, 2.9622914791107178, 3.020230531692505];[0.43046343326568604, 0.32579517364501953, 0.40851762890815735, 0.46216222643852234, 0.487779438495636, 0.5272970199584961];[-2.172778844833374, -1.9512012004852295, -2.130898952484131, -2.223616123199463, -2.317124128341675, -2.441589117050171];[1.556658148765564, 1.1572599411010742, 1.0719202756881714, 1.0502773523330688, 0.9952790141105652];316.71336030960083
8550;[3.4510583877563477, 2.648705244064331, 2.5235862731933594, 2.431293487548828, 2.3590893745422363, 2.490337610244751];[0.429423451423645, 0.3360964059829712, 0.30389752984046936, 0.32306215167045593, 0.3603876531124115, 0.3736894726753235];[-2.1546132564544678, -1.8963040113449097, -1.905371069908142, -1.9615049362182617, -2.0616698265075684, -2.148374557495117];[1.454352855682373, 1.0568358898162842, 0.8902370929718018, 0.8154076933860779, 0.8569172620773315];314.3218946456909
8600;[3.537524700164795, 3.1240789890289307, 3.091508626937866, 2.710110664367676, 2.6569063663482666, 2.5836281776428223];[0.4289161264896393, 0.3894241452217102, 0.38019731640815735, 0.3819035589694977, 0.37586283683776855, 0.38047295808792114];[-2.2009687423706055, -2.035876750946045, -2.158389091491699, -2.195669174194336, -2.257046937942505, -2.3176512718200684];[1.4654278755187988, 1.3012129068374634, 1.1547820568084717, 0.8912708759307861, 0.8706995248794556];313.1704626083374
8650;[3.4902520179748535, 3.0730223655700684, 2.534132957458496, 2.6166610717773438, 2.776754856109619, 2.638537645339966];[0.4298435151576996, 0.3578528165817261, 0.36238420009613037, 0.4229849576950073, 0.508988082408905, 0.4516836404800415];[-2.1816182136535645, -2.052432060241699, -2.049363613128662, -2.371446371078491, -2.8775908946990967, -2.706115961074829];[1.384202003479004, 1.343703269958496, 0.8850696086883545, 0.8401495218276978, 0.7925410866737366];315.16885924339294
8700;[3.4459896087646484, 2.638719081878662, 2.3441243171691895, 2.1379570960998535, 2.23503041267395, 2.227602005004883];[0.4349559545516968, 0.29961156845092773, 0.27453872561454773, 0.2734299898147583, 0.29990437626838684, 0.32479774951934814];[-2.1800506114959717, -1.8101965188980103, -1.8116240501403809, -1.7822741270065308, -1.9265271425247192, -2.0211997032165527];[1.3898839950561523, 1.175878882408142, 0.8671548962593079, 0.7933281660079956, 0.7910676598548889];316.1119406223297
8750;[3.5104923248291016, 2.5870516300201416, 2.4705495834350586, 2.5721113681793213, 2.5670008659362793, 2.5613815784454346];[0.43076255917549133, 0.3145231306552887, 0.33398014307022095, 0.3657839000225067, 0.39708220958709717, 0.4508388042449951];[-2.1839663982391357, -1.8857264518737793, -1.962192177772522, -2.0977749824523926, -2.170092821121216, -2.2926082611083984];[1.5018199682235718, 1.0399492979049683, 0.9010823965072632, 0.8360826969146729, 0.7888411283493042];320.3731508255005
8800;[3.4627010822296143, 2.851017713546753, 2.6535353660583496, 2.484773874282837, 2.234102964401245, 2.373035192489624];[0.42997217178344727, 0.3601791560649872, 0.3555886745452881, 0.3581203818321228, 0.32883593440055847, 0.3845943510532379];[-2.172520637512207, -1.9930667877197266, -2.0906662940979004, -2.1884262561798096, -1.993728756904602, -2.2081298828125];[1.4210615158081055, 1.1505937576293945, 0.9090115427970886, 0.8129281401634216, 0.757423996925354];315.65610361099243
8850;[3.55043625831604, 2.4908969402313232, 2.456404447555542, 2.389286756515503, 2.612489938735962, 2.382413148880005];[0.4316394031047821, 0.31273913383483887, 0.3029716908931732, 0.3089873790740967, 0.3547455966472626, 0.33463677763938904];[-2.1970880031585693, -1.865700364112854, -1.8811591863632202, -1.888535499572754, -2.1198341846466064, -1.9642668962478638];[1.4193295240402222, 0.9471490383148193, 0.9381580352783203, 0.8786281943321228, 0.8598204255104065];315.83249044418335
8900;[3.452826499938965, 2.607964038848877, 2.615161180496216, 2.6581029891967773, 2.6788156032562256, 2.7682788372039795];[0.42510244250297546, 0.36941492557525635, 0.380412757396698, 0.41257601976394653, 0.4953394830226898, 0.5235986113548279];[-2.1639912128448486, -1.9863929748535156, -2.050381898880005, -2.1921911239624023, -2.421443462371826, -2.5099925994873047];[1.3727089166641235, 0.9446849822998047, 0.9199673533439636, 0.9099661111831665, 0.9277393817901611];315.1973156929016
8950;[3.367286443710327, 2.69167423248291, 2.5517334938049316, 2.4226701259613037, 2.516770124435425, 2.4909257888793945];[0.43160152435302734, 0.3196757733821869, 0.2973819077014923, 0.2820030450820923, 0.28525808453559875, 0.2846583127975464];[-2.137305974960327, -1.8843964338302612, -1.8544150590896606, -1.793379545211792, -1.8328016996383667, -1.8226640224456787];[1.4077383279800415, 1.116996169090271, 0.9655706882476807, 0.9207948446273804, 0.9166876673698425];315.7341160774231
9000;[3.509927272796631, 2.777409076690674, 2.6726748943328857, 2.552460193634033, 2.4102025032043457, 2.3661580085754395];[0.43090856075286865, 0.33083823323249817, 0.3763595521450043, 0.3671015202999115, 0.35195034742355347, 0.3395307660102844];[-2.1901438236236572, -1.9482215642929077, -2.2868335247039795, -2.3369359970092773, -2.288081169128418, -2.249493360519409];[1.4987794160842896, 1.2681148052215576, 0.8426336050033569, 0.8103901147842407, 0.8092315793037415];311.86663460731506
9050;[3.5327253341674805, 2.9808690547943115, 2.637519359588623, 2.6847259998321533, 2.493229866027832, 2.2719008922576904];[0.42746472358703613, 0.40900859236717224, 0.4012959897518158, 0.399628609418869, 0.37601587176322937, 0.3493831157684326];[-2.1952664852142334, -2.165496349334717, -2.0733067989349365, -2.221766710281372, -2.22469425201416, -2.1225838661193848];[1.3728156089782715, 1.0347816944122314, 0.9258744120597839, 0.8633022308349609, 0.813618540763855];313.3805272579193
9100;[3.367696523666382, 2.568457841873169, 2.454045295715332, 2.6281511783599854, 2.627842664718628, 2.624403953552246];[0.4286576509475708, 0.30693140625953674, 0.35727056860923767, 0.45034313201904297, 0.506646990776062, 0.5574201345443726];[-2.1440486907958984, -1.8400673866271973, -2.0694541931152344, -2.3718855381011963, -2.5574638843536377, -2.821209192276001];[1.4475278854370117, 1.0920355319976807, 0.8539950251579285, 0.8320791125297546, 0.793537974357605];313.45046377182007
9150;[3.388803243637085, 2.7405083179473877, 2.4506711959838867, 2.358330488204956, 2.4168524742126465, 2.3995180130004883];[0.4229702651500702, 0.2990979850292206, 0.27305838465690613, 0.24484428763389587, 0.2659144699573517, 0.2742351293563843];[-2.1374030113220215, -1.8848627805709839, -1.7716655731201172, -1.7159829139709473, -1.75586998462677, -1.7659821510314941];[1.4225181341171265, 1.0925151109695435, 0.9761355519294739, 0.9650819301605225, 0.9867159128189087];311.93932914733887
9200;[3.5300161838531494, 2.680026054382324, 2.529207944869995, 2.6250574588775635, 2.9593141078948975, 2.890632152557373];[0.4437246024608612, 0.3145812153816223, 0.392470121383667, 0.5165085196495056, 0.6692928075790405, 0.7588534951210022];[-2.2258903980255127, -1.9167827367782593, -2.0642998218536377, -2.4706063270568848, -3.20009446144104, -3.7576775550842285];[1.4479050636291504, 1.0356988906860352, 0.9137134552001953, 0.8612764477729797, 0.8817780017852783];315.5322573184967
9250;[3.492786407470703, 2.6563191413879395, 2.687439203262329, 2.646730422973633, 2.788780450820923, 2.933504819869995];[0.4328988194465637, 0.37320491671562195, 0.4931449890136719, 0.5926960110664368, 0.6951234340667725, 0.7007468342781067];[-2.1787405014038086, -1.987195611000061, -2.4194936752319336, -2.8017783164978027, -3.3771677017211914, -3.591123580932617];[1.5706729888916016, 1.0078036785125732, 0.8401815295219421, 0.8285094499588013, 0.8393524289131165];312.7395749092102
9300;[3.4580459594726562, 2.6439616680145264, 2.732672929763794, 2.9501991271972656, 3.0848870277404785, 3.3062140941619873];[0.427882581949234, 0.34908977150917053, 0.5019838809967041, 0.6435630917549133, 0.719785213470459, 0.8003382682800293];[-2.165567636489868, -1.919819951057434, -2.398315191268921, -3.11572003364563, -3.5640292167663574, -4.158169269561768];[1.4044804573059082, 1.0500808954238892, 0.8685495853424072, 0.8249945044517517, 0.8188993334770203];312.01926732063293
9350;[3.5503883361816406, 2.6427319049835205, 2.232459545135498, 2.5300347805023193, 2.4160540103912354, 2.4254448413848877];[0.4310784637928009, 0.3158297836780548, 0.28545957803726196, 0.33406487107276917, 0.3348545432090759, 0.36941778659820557];[-2.1908836364746094, -1.9324887990951538, -1.7950952053070068, -2.0202651023864746, -2.0062484741210938, -2.1326303482055664];[1.423182487487793, 0.9607512950897217, 0.9052561521530151, 0.8863742351531982, 0.8560873866081238];315.17868185043335
9400;[3.467446804046631, 2.772733688354492, 2.5788111686706543, 2.326899766921997, 2.420672655105591, 2.5064780712127686];[0.43217605352401733, 0.3750016391277313, 0.4065715968608856, 0.38182532787323, 0.49255403876304626, 0.5125950574874878];[-2.187335252761841, -2.0453405380249023, -2.220973491668701, -2.1562891006469727, -2.5186781883239746, -2.64479398727417];[1.364986777305603, 1.0391157865524292, 0.7922961711883545, 0.7971197962760925, 0.7508489489555359];316.14195585250854
9450;[3.485985040664673, 2.417809247970581, 2.822232484817505, 2.5145742893218994, 2.7654619216918945, 2.383852481842041];[0.4293910562992096, 0.2622223198413849, 0.3584336042404175, 0.3489771783351898, 0.40179112553596497, 0.3410252332687378];[-2.175292730331421, -1.700394868850708, -2.0408711433410645, -1.9298713207244873, -2.1410720348358154, -1.8937263488769531];[1.4202622175216675, 1.1232799291610718, 0.9880074262619019, 0.972964346408844, 0.9742996096611023];318.21807193756104
9500;[3.4328224658966064, 2.6326136589050293, 2.4758777618408203, 2.518101692199707, 2.424257278442383, 2.56459379196167];[0.4145612120628357, 0.3015612065792084, 0.2743394672870636, 0.320986270904541, 0.3136744797229767, 0.4033817946910858];[-2.138206720352173, -1.873449444770813, -1.7791396379470825, -1.9016550779342651, -1.8578234910964966, -2.0968358516693115];[1.3816860914230347, 1.1134592294692993, 0.9552488327026367, 0.9420445561408997, 0.9290976524353027];315.70882511138916
9550;[3.4682490825653076, 2.590733289718628, 2.5868027210235596, 2.3441357612609863, 2.3393466472625732, 2.574331283569336];[0.4244554936885834, 0.3137058615684509, 0.31934431195259094, 0.308169424533844, 0.32881006598472595, 0.3622036576271057];[-2.1627941131591797, -1.8610221147537231, -1.929370641708374, -1.8934125900268555, -1.9304643869400024, -2.0706796646118164];[1.3812533617019653, 1.0299688577651978, 0.9028003215789795, 0.8815032243728638, 0.8817523717880249];314.4331855773926
9600;[3.472961902618408, 2.786043405532837, 2.9043192863464355, 3.443509578704834, 3.9239914417266846, 4.050796985626221];[0.4330383241176605, 0.3327140212059021, 0.4733733832836151, 0.7665841579437256, 0.8540909290313721, 0.9313234090805054];[-2.180123805999756, -1.9055476188659668, -2.325076103210449, -3.706451177597046, -4.929681777954102, -5.538531303405762];[1.440819501876831, 1.2032262086868286, 0.9740571975708008, 0.9270740151405334, 0.852142870426178];319.93497610092163
9650;[3.451794147491455, 2.730423927307129, 2.2975430488586426, 2.4706358909606934, 2.4765186309814453, 2.7052228450775146];[0.42521777749061584, 0.3344546854496002, 0.2683753967285156, 0.3044655919075012, 0.3802485764026642, 0.5204469561576843];[-2.1597330570220947, -1.9516335725784302, -1.7302136421203613, -1.8841722011566162, -2.030785083770752, -2.495471477508545];[1.4659302234649658, 1.0724214315414429, 0.9497487545013428, 0.8948035836219788, 0.8565368056297302];312.67974734306335
9700;[3.6129822731018066, 2.77567458152771, 2.6369946002960205, 2.407707691192627, 2.064060688018799, 2.350994110107422];[0.4114971458911896, 0.365505576133728, 0.343986839056015, 0.3354250490665436, 0.3007267415523529, 0.34931471943855286];[-2.2278079986572266, -1.9598208665847778, -2.0308501720428467, -2.106144905090332, -1.914544939994812, -2.192239761352539];[1.4089598655700684, 1.2581101655960083, 0.9106324911117554, 0.7778893113136292, 0.7648190855979919];314.34305143356323
9750;[3.4657483100891113, 2.603161573410034, 2.6792030334472656, 2.9150595664978027, 3.0806775093078613, 3.324472665786743];[0.4229542315006256, 0.31373265385627747, 0.4023680090904236, 0.5637661814689636, 0.7363103032112122, 0.7989654541015625];[-2.1522700786590576, -1.8783848285675049, -2.114776849746704, -2.7710020542144775, -3.6326630115509033, -4.204052925109863];[1.4220584630966187, 1.0480034351348877, 0.9182618856430054, 0.8579580783843994, 0.833872377872467];314.36392760276794
9800;[3.4745001792907715, 2.777811288833618, 2.723649024963379, 2.737359046936035, 2.6718170642852783, 2.7847611904144287];[0.43103888630867004, 0.2928771376609802, 0.35211101174354553, 0.4604801833629608, 0.5665466785430908, 0.6130324602127075];[-2.180635452270508, -1.8474148511886597, -1.975458025932312, -2.2805533409118652, -2.677924156188965, -2.9848406314849854];[1.4870306253433228, 1.22150719165802, 1.0195707082748413, 0.9220020771026611, 0.8233827352523804];318.006071805954
9850;[3.5591089725494385, 2.904670238494873, 2.9013757705688477, 2.594744920730591, 2.262795925140381, 2.2624218463897705];[0.4267617464065552, 0.32838451862335205, 0.3746739625930786, 0.3220535218715668, 0.2688045799732208, 0.27205997705459595];[-2.2096614837646484, -1.8836543560028076, -2.0959153175354004, -1.9760847091674805, -1.766586184501648, -1.8272783756256104];[1.440024971961975, 1.4972755908966064, 1.104512095451355, 0.9030411839485168, 0.8357354402542114];316.3965480327606
9900;[3.3933238983154297, 2.576662063598633, 2.428696632385254, 2.2430636882781982, 2.3562231063842773, 2.483781337738037];[0.43316057324409485, 0.2985514998435974, 0.32704755663871765, 0.39699697494506836, 0.44809597730636597, 0.4742424190044403];[-2.1431241035461426, -1.853973150253296, -1.9440739154815674, -2.1114819049835205, -2.27823805809021, -2.4548277854919434];[1.4773486852645874, 1.0197070837020874, 0.8418909907341003, 0.7780659794807434, 0.7702157497406006];314.26835227012634
9950;[3.403292179107666, 2.7643871307373047, 2.3050475120544434, 2.603494644165039, 2.399139165878296, 2.567281723022461];[0.430907279253006, 0.3496573567390442, 0.28807127475738525, 0.31344354152679443, 0.28951987624168396, 0.32199186086654663];[-2.139824628829956, -2.024273633956909, -1.7762722969055176, -1.9374667406082153, -1.8303871154785156, -1.9940664768218994];[1.4457627534866333, 1.0133483409881592, 0.9325576424598694, 0.9228298664093018, 0.9348323941230774];315.6944348812103
10000;[3.3262155055999756, 2.8444557189941406, 2.448168992996216, 2.511167526245117, 2.366572856903076, 2.491476058959961];[0.43026137351989746, 0.39036473631858826, 0.3846578001976013, 0.44544586539268494, 0.4385761320590973, 0.5125508904457092];[-2.11252760887146, -2.096557378768921, -2.0607361793518066, -2.322683334350586, -2.305464506149292, -2.5907399654388428];[1.381926417350769, 1.040994644165039, 0.852834165096283, 0.8115516901016235, 0.7993356585502625];313.0935809612274
