Seed;RMSE History;MMD History;Log-Likelihood History;Max EIG History;Deployment Time
50;[3.4535317420959473, 2.229369640350342, 1.9813389778137207, 1.7871321439743042, 1.724341630935669, 1.6003215312957764];[0.44550904631614685, 0.30877581238746643, 0.3094951808452606, 0.2779787480831146, 0.25413331389427185, 0.23206207156181335];[-2.1841557025909424, -2.021683692932129, -2.3183469772338867, -2.0599679946899414, -2.011401653289795, -1.8554937839508057];[1.4264227151870728, 0.8255599737167358, 0.5229597687721252, 0.320476233959198, 0.18210788071155548];379.9465973377228
100;[3.597290515899658, 3.4348576068878174, 3.9469265937805176, 3.584580659866333, 3.4211084842681885, 3.3901617527008057];[0.4178268313407898, 0.8120978474617004, 1.2661144733428955, 1.2343004941940308, 1.2167472839355469, 1.235567569732666];[-2.225539207458496, -3.5000758171081543, -9.971320152282715, -10.563836097717285, -11.50039291381836, -12.94227123260498];[1.3921425342559814, 0.911188006401062, 0.705712616443634, 0.5345566272735596, 0.3974164128303528];374.1821835041046
150;[3.4319088459014893, 2.430077075958252, 2.0402560234069824, 2.0084481239318848, 2.147209882736206, 1.9778915643692017];[0.43440350890159607, 0.32791218161582947, 0.3325202763080597, 0.3662070631980896, 0.4036847651004791, 0.3361349403858185];[-2.1458182334899902, -2.1505284309387207, -2.446448802947998, -2.7332589626312256, -3.05397891998291, -2.6384482383728027];[1.4685475826263428, 0.8065126538276672, 0.4281793534755707, 0.22124598920345306, 0.13710595667362213];379.28177523612976
200;[3.4882147312164307, 2.400768995285034, 2.1436970233917236, 2.0225324630737305, 1.8066493272781372, 1.985626220703125];[0.43370386958122253, 0.3422137498855591, 0.41622838377952576, 0.3903029263019562, 0.32868877053260803, 0.3787170648574829];[-2.181112289428711, -2.1635923385620117, -2.7311782836914062, -2.723419666290283, -2.3848373889923096, -2.800962448120117];[1.4078642129898071, 0.7948923110961914, 0.46704989671707153, 0.33634787797927856, 0.20938950777053833];380.482385635376
250;[3.4891486167907715, 2.0917108058929443, 1.861107587814331, 1.7125966548919678, 1.65460205078125, 1.5864042043685913];[0.43905624747276306, 0.3182644844055176, 0.2934328019618988, 0.2735847234725952, 0.2514873445034027, 0.24302031099796295];[-2.1856272220611572, -2.1334824562072754, -2.1686136722564697, -1.9758151769638062, -1.9270665645599365, -1.878328561782837];[1.4171242713928223, 0.7148329019546509, 0.4638284146785736, 0.26903286576271057, 0.14806194603443146];375.36690521240234
300;[3.4684314727783203, 2.403829574584961, 2.1901140213012695, 1.911036729812622, 1.9813932180404663, 1.8266147375106812];[0.433230459690094, 0.3467459976673126, 0.39017900824546814, 0.33214280009269714, 0.3365926146507263, 0.30545148253440857];[-2.175381660461426, -2.2048778533935547, -2.8605844974517822, -2.55269455909729, -2.6240346431732178, -2.405057668685913];[1.416370153427124, 0.7957216501235962, 0.4776516258716583, 0.32375025749206543, 0.22107450664043427];382.00997495651245
350;[3.426074743270874, 2.615743637084961, 2.0384268760681152, 1.9289438724517822, 2.040522813796997, 1.7360761165618896];[0.4136400818824768, 0.3706227242946625, 0.3258076608181, 0.32519522309303284, 0.3513769209384918, 0.27902916073799133];[-2.1508469581604004, -2.357964277267456, -2.437715768814087, -2.4313509464263916, -2.633035659790039, -2.21744704246521];[1.4400101900100708, 0.791114091873169, 0.45698583126068115, 0.30886271595954895, 0.2050720900297165];372.95751786231995
400;[3.480447769165039, 2.2613322734832764, 1.8448599576950073, 1.6589182615280151, 1.6181118488311768, 1.491409182548523];[0.4406643807888031, 0.2912047803401947, 0.23817193508148193, 0.19218853116035461, 0.18377065658569336, 0.1698506772518158];[-2.1900761127471924, -1.953133225440979, -1.797401785850525, -1.6274938583374023, -1.6195766925811768, -1.5590401887893677];[1.4105747938156128, 0.8298233151435852, 0.5416368246078491, 0.39523637294769287, 0.27159011363983154];380.82507944107056
450;[3.629896402359009, 2.186455249786377, 1.929810881614685, 1.7912510633468628, 1.645106315612793, 1.6139955520629883];[0.42785149812698364, 0.3468950092792511, 0.3732737898826599, 0.356452077627182, 0.30708613991737366, 0.3294709324836731];[-2.2236576080322266, -2.2971248626708984, -2.3781354427337646, -2.2386794090270996, -2.0323691368103027, -2.078359842300415];[1.562289834022522, 0.684241533279419, 0.4453214406967163, 0.26475009322166443, 0.1806214302778244];386.4620568752289
500;[3.3648812770843506, 2.2036514282226562, 1.9751253128051758, 1.7854243516921997, 1.734926462173462, 1.5500757694244385];[0.44050097465515137, 0.3200762867927551, 0.32487428188323975, 0.31491029262542725, 0.2999657392501831, 0.23400886356830597];[-2.117938995361328, -2.231025457382202, -2.35660457611084, -2.132002592086792, -2.0535166263580322, -1.801859736442566];[1.525174617767334, 0.7092678546905518, 0.529610812664032, 0.37027883529663086, 0.23198598623275757];380.7434105873108
550;[3.362457513809204, 2.5684432983398438, 2.6109561920166016, 2.28171968460083, 2.2142858505249023, 1.9559394121170044];[0.4273624122142792, 0.4103116989135742, 0.6737558245658875, 0.5604425668716431, 0.5679662823677063, 0.4933392405509949];[-2.1138741970062256, -2.2693188190460205, -4.201850414276123, -3.5470635890960693, -3.718214988708496, -3.238668441772461];[1.3570165634155273, 0.8674240112304688, 0.48495450615882874, 0.34229251742362976, 0.21668720245361328];380.61532616615295
600;[3.4779739379882812, 2.6786398887634277, 2.130322217941284, 2.1449942588806152, 1.9813172817230225, 1.8012146949768066];[0.42433440685272217, 0.37959256768226624, 0.3858771026134491, 0.3937455713748932, 0.3850427567958832, 0.3415799140930176];[-2.1737163066864014, -2.390568256378174, -2.6363980770111084, -2.8445701599121094, -2.7707324028015137, -2.525862693786621];[1.4240550994873047, 0.7658287882804871, 0.49436822533607483, 0.3000739812850952, 0.17640838027000427];382.63001680374146
650;[3.5407519340515137, 2.612781524658203, 2.4600284099578857, 2.3496181964874268, 2.1210291385650635, 2.0855751037597656];[0.43656808137893677, 0.45131269097328186, 0.5339440107345581, 0.555546224117279, 0.5087698101997375, 0.47604724764823914];[-2.2121787071228027, -2.4554266929626465, -3.213726758956909, -3.529059410095215, -3.2967236042022705, -3.167647361755371];[1.4594218730926514, 0.8111060261726379, 0.5382070541381836, 0.37071630358695984, 0.23699916899204254];378.1900646686554
700;[3.4655158519744873, 2.462473154067993, 2.364424228668213, 1.9670512676239014, 1.7863432168960571, 1.9575709104537964];[0.4309043884277344, 0.32460907101631165, 0.5096319913864136, 0.4079411029815674, 0.36257532238960266, 0.4335290491580963];[-2.1853156089782715, -2.0159428119659424, -3.228567123413086, -2.759159803390503, -2.561897039413452, -3.0542068481445312];[1.3925169706344604, 0.853217363357544, 0.4443339705467224, 0.23788796365261078, 0.11969147622585297];385.3069519996643
750;[3.474484443664551, 2.5813138484954834, 2.128535270690918, 1.9522767066955566, 1.7985399961471558, 1.7982614040374756];[0.4471079111099243, 0.3756750822067261, 0.33908045291900635, 0.32928478717803955, 0.28042274713516235, 0.26876744627952576];[-2.1904795169830322, -2.4560585021972656, -2.5964388847351074, -2.5630788803100586, -2.2461252212524414, -2.2285842895507812];[1.4034637212753296, 0.7503079771995544, 0.4564228951931, 0.2460649162530899, 0.14993241429328918];387.9186658859253
800;[3.5488901138305664, 2.3156397342681885, 2.0956883430480957, 2.0001590251922607, 1.6522630453109741, 1.655070185661316];[0.4226207137107849, 0.3396381735801697, 0.35267749428749084, 0.3186316192150116, 0.2202385663986206, 0.2247885763645172];[-2.211388349533081, -2.2313003540039062, -2.578197479248047, -2.4333157539367676, -1.8801381587982178, -1.923905611038208];[1.4197908639907837, 0.7248836159706116, 0.4848996698856354, 0.29318493604660034, 0.19430296123027802];373.54012155532837
850;[3.3409130573272705, 2.0666050910949707, 2.024879217147827, 1.7774757146835327, 1.7446959018707275, 1.6058095693588257];[0.43717724084854126, 0.36523550748825073, 0.43758490681648254, 0.38226231932640076, 0.3519337773323059, 0.39341607689857483];[-2.1206741333007812, -2.2313151359558105, -2.6285462379455566, -2.321859836578369, -2.2193007469177246, -2.2871336936950684];[1.4117730855941772, 0.7784383893013, 0.5103382468223572, 0.3152720332145691, 0.18698790669441223];373.8744239807129
900;[3.5120975971221924, 2.1854300498962402, 2.322309970855713, 2.0790486335754395, 1.9484235048294067, 1.7401149272918701];[0.43827444314956665, 0.2935941815376282, 0.404731422662735, 0.37428125739097595, 0.3373890221118927, 0.2797839343547821];[-2.1942410469055176, -1.9615132808685303, -2.9200432300567627, -2.790633201599121, -2.5810763835906982, -2.2370400428771973];[1.4822183847427368, 0.8146377205848694, 0.4695216715335846, 0.2825409770011902, 0.16844962537288666];379.4257023334503
950;[3.4888288974761963, 2.5796196460723877, 2.265460729598999, 2.34913969039917, 2.210858106613159, 2.15421986579895];[0.4305139482021332, 0.43906012177467346, 0.490984708070755, 0.5471907258033752, 0.511427104473114, 0.48316290974617004];[-2.1909918785095215, -2.2721612453460693, -2.966966390609741, -3.4331839084625244, -3.2172646522521973, -3.1759893894195557];[1.3763808012008667, 0.8850231170654297, 0.5501581430435181, 0.4071580469608307, 0.2602906823158264];378.5590076446533
1000;[3.4790709018707275, 2.507723093032837, 1.9674710035324097, 1.7199485301971436, 1.5986409187316895, 1.673154354095459];[0.4421994388103485, 0.34974831342697144, 0.3114018738269806, 0.2596210837364197, 0.22264736890792847, 0.23111383616924286];[-2.195986032485962, -2.3351025581359863, -2.308858633041382, -2.055619955062866, -1.8934369087219238, -1.983380913734436];[1.4298933744430542, 0.756462574005127, 0.41490527987480164, 0.23972539603710175, 0.141874298453331];377.0966167449951
1050;[3.4341771602630615, 2.689858913421631, 2.2749743461608887, 2.435990571975708, 2.196613073348999, 1.9646245241165161];[0.4304201006889343, 0.4674070477485657, 0.5587135553359985, 0.6782344579696655, 0.5665514469146729, 0.4829182028770447];[-2.155642032623291, -2.4718713760375977, -3.2776899337768555, -4.364964485168457, -3.635906934738159, -3.168945789337158];[1.3702319860458374, 0.8771112561225891, 0.5159234404563904, 0.33805713057518005, 0.21518586575984955];365.2119915485382
1100;[3.5694146156311035, 2.5253701210021973, 2.495859384536743, 2.65311598777771, 2.16739821434021, 2.3098700046539307];[0.4306790828704834, 0.4172479212284088, 0.6375209093093872, 0.6748374104499817, 0.5706352591514587, 0.5572673678398132];[-2.2354342937469482, -2.1991584300994873, -4.02029275894165, -4.662161827087402, -3.799269199371338, -3.918356418609619];[1.4891663789749146, 0.8350424766540527, 0.5256491899490356, 0.3531169891357422, 0.24892282485961914];376.88446068763733
1150;[3.4858319759368896, 2.8734543323516846, 2.8979132175445557, 2.4804599285125732, 2.1399054527282715, 2.138491630554199];[0.43737438321113586, 0.6406089067459106, 0.8770204782485962, 0.7272209525108337, 0.6727249622344971, 0.6718289256095886];[-2.1709494590759277, -2.799999713897705, -4.811070442199707, -4.0028510093688965, -3.818115711212158, -4.103423595428467];[1.4211032390594482, 0.9236384034156799, 0.6288077235221863, 0.46145835518836975, 0.32800623774528503];379.2225093841553
1200;[3.437978982925415, 2.275191307067871, 1.934708833694458, 1.8997585773468018, 1.8259526491165161, 1.6757949590682983];[0.4222293496131897, 0.358617901802063, 0.3427360951900482, 0.3439423441886902, 0.34039783477783203, 0.3090546131134033];[-2.1453921794891357, -2.3396525382995605, -2.423490285873413, -2.3795599937438965, -2.3077690601348877, -2.0517258644104004];[1.4090831279754639, 0.7045842409133911, 0.49390459060668945, 0.3320407271385193, 0.24003058671951294];373.7680037021637
1250;[3.4220948219299316, 2.5453944206237793, 2.3243184089660645, 1.8934820890426636, 1.7962169647216797, 1.7913384437561035];[0.4305312931537628, 0.35834041237831116, 0.39336061477661133, 0.30603301525115967, 0.28428274393081665, 0.2856883108615875];[-2.1536736488342285, -2.2736363410949707, -2.901348114013672, -2.33215594291687, -2.2402825355529785, -2.3017852306365967];[1.4425804615020752, 0.7883285284042358, 0.49428799748420715, 0.32700860500335693, 0.19186247885227203];376.12516260147095
1300;[3.4729998111724854, 2.3606345653533936, 2.1098549365997314, 1.9247969388961792, 1.8219157457351685, 1.9258811473846436];[0.4191039800643921, 0.31068331003189087, 0.3924669623374939, 0.3319922089576721, 0.2922799587249756, 0.3348921537399292];[-2.148639678955078, -2.09333872795105, -2.7842066287994385, -2.4531588554382324, -2.2443995475769043, -2.5567829608917236];[1.4331846237182617, 0.7749091386795044, 0.45608896017074585, 0.34935125708580017, 0.24233300983905792];374.7392156124115
1350;[3.4616544246673584, 2.315208911895752, 1.9759676456451416, 1.7891745567321777, 1.8358852863311768, 1.7321408987045288];[0.43835362792015076, 0.35592836141586304, 0.3033776879310608, 0.2655053734779358, 0.2778800129890442, 0.2386416345834732];[-2.1895406246185303, -2.2109529972076416, -2.2120184898376465, -2.065462112426758, -2.199242353439331, -2.0145082473754883];[1.4399313926696777, 0.7661069631576538, 0.513161301612854, 0.34112825989723206, 0.1955244243144989];375.8304879665375
1400;[3.5098540782928467, 2.992886781692505, 2.675072431564331, 2.3019344806671143, 2.3522675037384033, 2.1230125427246094];[0.44667667150497437, 0.6334490180015564, 0.777580201625824, 0.7374471426010132, 0.7499584555625916, 0.6629268527030945];[-2.196889638900757, -2.86080265045166, -4.212289810180664, -4.289796352386475, -4.730079174041748, -4.199228286743164];[1.5062978267669678, 0.9077229499816895, 0.5825631618499756, 0.3376847803592682, 0.1764763742685318];376.8436486721039
1450;[3.398092031478882, 2.402552843093872, 2.380910634994507, 2.02260684967041, 2.1279306411743164, 1.979376196861267];[0.4274410307407379, 0.3836119472980499, 0.4600059688091278, 0.4280026853084564, 0.42936840653419495, 0.3757016360759735];[-2.136824607849121, -2.1293652057647705, -2.7943596839904785, -2.6850905418395996, -2.8343214988708496, -2.6106181144714355];[1.4827321767807007, 0.8366076946258545, 0.5802615284919739, 0.40681371092796326, 0.2789444327354431];370.6136462688446
1500;[3.3999791145324707, 2.2814903259277344, 2.061444044113159, 1.8472856283187866, 1.8200310468673706, 1.5904841423034668];[0.42848700284957886, 0.32730212807655334, 0.31534937024116516, 0.2763816714286804, 0.25742781162261963, 0.20183870196342468];[-2.1453912258148193, -2.1867258548736572, -2.4238340854644775, -2.1755197048187256, -2.0931222438812256, -1.7851812839508057];[1.4814077615737915, 0.7591872215270996, 0.5074223875999451, 0.32606837153434753, 0.2270008772611618];377.85105872154236
1550;[3.435685157775879, 2.6174538135528564, 2.1763241291046143, 2.0912492275238037, 2.169670581817627, 1.8771898746490479];[0.42411941289901733, 0.3748874366283417, 0.390309602022171, 0.4306764602661133, 0.4487074613571167, 0.3494919240474701];[-2.1512887477874756, -2.2784621715545654, -2.8244733810424805, -3.0600359439849854, -3.2968332767486572, -2.639478921890259];[1.4545917510986328, 0.8208930492401123, 0.47596806287765503, 0.32951483130455017, 0.19210252165794373];373.08857464790344
1600;[3.5344862937927246, 2.2918570041656494, 1.931429386138916, 1.7000725269317627, 1.633970022201538, 1.718849778175354];[0.437140554189682, 0.33557358384132385, 0.3046538531780243, 0.26873070001602173, 0.24245142936706543, 0.25075235962867737];[-2.198368787765503, -2.1436173915863037, -2.248138189315796, -1.9865047931671143, -1.9095618724822998, -2.030496597290039];[1.3467326164245605, 0.7736464142799377, 0.4573840796947479, 0.2771165668964386, 0.15298105776309967];383.1876468658447
1650;[3.3729896545410156, 2.351365089416504, 1.9852577447891235, 1.8715776205062866, 1.6399385929107666, 1.614019513130188];[0.4261898100376129, 0.3101162016391754, 0.270018994808197, 0.25544971227645874, 0.20153173804283142, 0.2086162567138672];[-2.128889560699463, -2.097104787826538, -2.0668411254882812, -2.044402599334717, -1.7457170486450195, -1.777693510055542];[1.4399919509887695, 0.7478238344192505, 0.4388786554336548, 0.2897670269012451, 0.175040602684021];382.04300570487976
1700;[3.3907694816589355, 2.2121126651763916, 1.897611141204834, 1.842151165008545, 1.8840264081954956, 1.7132452726364136];[0.41682669520378113, 0.3218354880809784, 0.28723764419555664, 0.2913789749145508, 0.27844324707984924, 0.2508455514907837];[-2.115798234939575, -2.2022390365600586, -2.1455342769622803, -2.19777774810791, -2.205627202987671, -2.0128798484802246];[1.4486035108566284, 0.7297542691230774, 0.5055659413337708, 0.3425295948982239, 0.2422807365655899];371.0932950973511
1750;[3.4865918159484863, 2.2362637519836426, 1.9978429079055786, 1.8618731498718262, 1.773313283920288, 1.7402878999710083];[0.43417859077453613, 0.3397068977355957, 0.3383018374443054, 0.3157072067260742, 0.3015952408313751, 0.28755053877830505];[-2.1764469146728516, -2.2253403663635254, -2.4283645153045654, -2.333085775375366, -2.1849865913391113, -2.1384060382843018];[1.478678584098816, 0.7278516292572021, 0.4994865357875824, 0.3166450262069702, 0.20890754461288452];375.54010224342346
1800;[3.542616844177246, 2.452084541320801, 2.2396864891052246, 1.9784364700317383, 1.8869887590408325, 1.7761245965957642];[0.43504461646080017, 0.3399668037891388, 0.3689863681793213, 0.3346422016620636, 0.3001289963722229, 0.2707492411136627];[-2.2129921913146973, -2.2147085666656494, -2.7007508277893066, -2.5515167713165283, -2.366323709487915, -2.220317840576172];[1.3986296653747559, 0.8244558572769165, 0.48536938428878784, 0.3275061249732971, 0.20967800915241241];377.0482051372528
1850;[3.523024320602417, 2.4012610912323, 2.1167261600494385, 2.0539169311523438, 2.0138051509857178, 1.8284814357757568];[0.43340134620666504, 0.35558468103408813, 0.4241275191307068, 0.4157489538192749, 0.41822052001953125, 0.34720462560653687];[-2.2051966190338135, -2.1721999645233154, -2.8590586185455322, -2.8980493545532227, -3.030534505844116, -2.568286657333374];[1.4456795454025269, 0.8604470491409302, 0.4928133189678192, 0.2955428957939148, 0.1910409927368164];376.82756543159485
1900;[3.5153372287750244, 2.5239694118499756, 2.2067601680755615, 2.1188414096832275, 1.80878746509552, 1.7634419202804565];[0.4438469111919403, 0.3502945601940155, 0.39674535393714905, 0.38031503558158875, 0.29411935806274414, 0.28959333896636963];[-2.202637195587158, -2.2211732864379883, -2.7711942195892334, -2.7180216312408447, -2.2498538494110107, -2.264190912246704];[1.3942899703979492, 0.7961794137954712, 0.5343085527420044, 0.3544558584690094, 0.22331562638282776];375.3304569721222
1950;[3.449302911758423, 2.3382630348205566, 1.8404818773269653, 1.806396484375, 1.760331392288208, 1.6748502254486084];[0.4420658349990845, 0.3956006169319153, 0.24912582337856293, 0.26062437891960144, 0.25538352131843567, 0.22607573866844177];[-2.188352108001709, -2.362945318222046, -1.9207297563552856, -2.019817352294922, -2.055133581161499, -1.9255895614624023];[1.430879831314087, 0.8285091519355774, 0.5029172897338867, 0.33434125781059265, 0.21119464933872223];377.68096709251404
2000;[3.5128579139709473, 2.2459394931793213, 1.8200790882110596, 1.6169432401657104, 1.5493513345718384, 1.448427438735962];[0.43277543783187866, 0.3090578019618988, 0.2579086720943451, 0.23338238894939423, 0.2056998610496521, 0.21580816805362701];[-2.1851656436920166, -2.1642754077911377, -1.9524468183517456, -1.748627781867981, -1.6834015846252441, -1.6421374082565308];[1.4451537132263184, 0.7153674960136414, 0.4846107065677643, 0.30393341183662415, 0.16974863409996033];371.8477158546448
2050;[3.4718825817108154, 2.2598743438720703, 2.0339088439941406, 1.6308677196502686, 1.808956503868103, 1.6880840063095093];[0.435119092464447, 0.3171021342277527, 0.3226875066757202, 0.2720359265804291, 0.280851274728775, 0.2607279121875763];[-2.168713331222534, -2.176215648651123, -2.363346576690674, -1.9738293886184692, -2.1481943130493164, -2.000821590423584];[1.3899706602096558, 0.7408780455589294, 0.48209765553474426, 0.3448917865753174, 0.19328317046165466];385.2682476043701
2100;[3.4577395915985107, 2.040632963180542, 2.033637762069702, 1.8120131492614746, 1.7898659706115723, 1.7448748350143433];[0.4313388168811798, 0.4189818203449249, 0.5292811393737793, 0.49792590737342834, 0.4523932933807373, 0.41186171770095825];[-2.1701595783233643, -2.449732780456543, -2.927210807800293, -2.71525502204895, -2.598848581314087, -2.4570603370666504];[1.4028916358947754, 0.6677535176277161, 0.41961905360221863, 0.28827914595603943, 0.15596139430999756];378.74369525909424
2150;[3.5250561237335205, 2.426016092300415, 2.3535940647125244, 2.209756851196289, 2.029843807220459, 1.9429482221603394];[0.42883846163749695, 0.3481970429420471, 0.5667027235031128, 0.5060397386550903, 0.4493453800678253, 0.45139724016189575];[-2.201998710632324, -2.0471103191375732, -3.4681525230407715, -3.2604331970214844, -2.956653594970703, -2.9862520694732666];[1.469148874282837, 0.8474389910697937, 0.5238856673240662, 0.3560180962085724, 0.2388850301504135];381.7943322658539
2200;[3.4772369861602783, 2.4566612243652344, 1.9356942176818848, 1.7317782640457153, 1.5576387643814087, 1.5334607362747192];[0.43342170119285583, 0.3815727233886719, 0.25105994939804077, 0.22035440802574158, 0.18913422524929047, 0.169093057513237];[-2.167332649230957, -2.0949723720550537, -1.7868841886520386, -1.6895873546600342, -1.5836344957351685, -1.576366901397705];[1.5389820337295532, 0.8848665952682495, 0.6285247802734375, 0.4368678629398346, 0.2819278836250305];377.7869896888733
2250;[3.447732448577881, 2.7209010124206543, 2.2455894947052, 1.999340534210205, 1.7146412134170532, 1.5863606929779053];[0.42744630575180054, 0.5640100836753845, 0.4412858188152313, 0.42563366889953613, 0.3453190326690674, 0.2748892307281494];[-2.1626577377319336, -2.547889471054077, -2.291163921356201, -2.3458328247070312, -2.049595355987549, -1.8824753761291504];[1.4969102144241333, 0.8660432696342468, 0.6236371397972107, 0.45189303159713745, 0.3222024738788605];378.921719789505
2300;[3.4258675575256348, 2.361950159072876, 2.3162617683410645, 1.9133248329162598, 1.932327151298523, 1.9516160488128662];[0.43996262550354004, 0.3249138295650482, 0.40338435769081116, 0.32057878375053406, 0.33805781602859497, 0.34427326917648315];[-2.155377149581909, -2.0163791179656982, -2.829601526260376, -2.367100477218628, -2.5378692150115967, -2.6678359508514404];[1.3730943202972412, 0.8009469509124756, 0.5125756859779358, 0.33551743626594543, 0.21618393063545227];384.3464617729187
2350;[3.479848861694336, 2.0884265899658203, 2.1313326358795166, 1.9507838487625122, 1.6768301725387573, 1.6986232995986938];[0.4281454086303711, 0.27317583560943604, 0.31953057646751404, 0.2910101115703583, 0.23989734053611755, 0.2161063700914383];[-2.1800904273986816, -1.884093165397644, -2.3914637565612793, -2.2518413066864014, -1.9616777896881104, -1.8784254789352417];[1.4287128448486328, 0.7389634251594543, 0.461993932723999, 0.3180442750453949, 0.20861250162124634];386.7570059299469
2400;[3.453928232192993, 2.507276773452759, 2.1638708114624023, 2.091825485229492, 1.9450777769088745, 2.1046111583709717];[0.42348501086235046, 0.41192081570625305, 0.5109748244285583, 0.47700411081314087, 0.4290039539337158, 0.4609932601451874];[-2.1593546867370605, -2.2351367473602295, -3.004150152206421, -3.034271717071533, -2.821699857711792, -3.1312735080718994];[1.4247595071792603, 0.8299329280853271, 0.512184202671051, 0.33839917182922363, 0.19817370176315308];379.28713607788086
2450;[3.443373441696167, 2.522102117538452, 2.2637624740600586, 2.096683979034424, 1.9921671152114868, 1.971121072769165];[0.4253566563129425, 0.3690330982208252, 0.4543454051017761, 0.44465160369873047, 0.4088536500930786, 0.388681024312973];[-2.157527446746826, -2.241800308227539, -3.228940486907959, -3.13871169090271, -2.9059672355651855, -2.827409505844116];[1.5208905935287476, 0.795814037322998, 0.4872199594974518, 0.3323335349559784, 0.22009819746017456];375.26883602142334
2500;[3.500199317932129, 2.159242630004883, 2.1125128269195557, 1.9480221271514893, 1.7367478609085083, 1.5439265966415405];[0.4217135012149811, 0.29156890511512756, 0.32266923785209656, 0.30694475769996643, 0.2534042298793793, 0.2023291140794754];[-2.151613235473633, -1.98451828956604, -2.516771078109741, -2.393387794494629, -2.046066999435425, -1.7380766868591309];[1.3893779516220093, 0.7446591258049011, 0.4961809515953064, 0.33332884311676025, 0.2577483654022217];376.46094012260437
2550;[3.422832489013672, 2.2712836265563965, 2.0677707195281982, 1.8940829038619995, 1.904779076576233, 1.6611049175262451];[0.439088374376297, 0.29629096388816833, 0.3508882224559784, 0.3374710977077484, 0.30878597497940063, 0.24749606847763062];[-2.157212495803833, -1.964661955833435, -2.6322882175445557, -2.5523521900177, -2.4366955757141113, -2.0525975227355957];[1.3986759185791016, 0.7937424182891846, 0.4940372109413147, 0.3119329512119293, 0.20357392728328705];379.110741853714
2600;[3.394423484802246, 3.2964556217193604, 3.5941033363342285, 3.27915096282959, 3.0881612300872803, 3.022733449935913];[0.44063636660575867, 0.8203392624855042, 1.170181155204773, 1.1649314165115356, 1.1249552965164185, 1.1755070686340332];[-2.1647140979766846, -3.355015516281128, -7.958935737609863, -9.039775848388672, -9.382131576538086, -11.251489639282227];[1.3757927417755127, 0.9623528122901917, 0.6870930790901184, 0.4989743232727051, 0.35575535893440247];375.10191464424133
2650;[3.442821979522705, 2.240913152694702, 1.9807378053665161, 1.754465103149414, 1.6348607540130615, 1.6337119340896606];[0.4292795956134796, 0.3127158284187317, 0.3122110962867737, 0.25522100925445557, 0.22254936397075653, 0.223164364695549];[-2.150250196456909, -2.120112657546997, -2.3158557415008545, -1.9976001977920532, -1.8692761659622192, -1.9245755672454834];[1.4356052875518799, 0.738227903842926, 0.4451136589050293, 0.257174015045166, 0.1618407666683197];383.5962779521942
2700;[3.5615553855895996, 2.5744001865386963, 1.9404492378234863, 1.7466503381729126, 1.627699613571167, 1.5731182098388672];[0.4321097135543823, 0.3763290345668793, 0.3068994879722595, 0.28904932737350464, 0.26286521553993225, 0.24709002673625946];[-2.211458683013916, -2.571011781692505, -2.2358975410461426, -2.022610664367676, -1.8594610691070557, -1.815530776977539];[1.381988525390625, 0.7377170920372009, 0.4323386251926422, 0.29514655470848083, 0.20550858974456787];371.4433579444885
2750;[3.5089309215545654, 2.1451148986816406, 2.0195162296295166, 1.7994513511657715, 1.6965240240097046, 1.651817798614502];[0.43499210476875305, 0.2826031744480133, 0.2954215705394745, 0.2572924494743347, 0.22565415501594543, 0.21031799912452698];[-2.196744441986084, -1.982174277305603, -2.3012170791625977, -2.055694341659546, -1.8559175729751587, -1.8315588235855103];[1.5251234769821167, 0.7263997793197632, 0.4895256757736206, 0.30882716178894043, 0.23675182461738586];378.71317172050476
2800;[3.548353433609009, 2.2298970222473145, 1.9798908233642578, 1.862392544746399, 1.6975566148757935, 1.6964572668075562];[0.42625173926353455, 0.3256325125694275, 0.31883925199508667, 0.29795581102371216, 0.27457600831985474, 0.2510873079299927];[-2.2053003311157227, -2.195068359375, -2.3217172622680664, -2.2138659954071045, -2.0545670986175537, -1.9887677431106567];[1.415387749671936, 0.7283222675323486, 0.4624031186103821, 0.29924526810646057, 0.19435656070709229];379.7100067138672
2850;[3.4069786071777344, 2.2172319889068604, 1.8865160942077637, 1.862412452697754, 1.7853872776031494, 1.627232551574707];[0.42313840985298157, 0.40955519676208496, 0.3496457040309906, 0.33943623304367065, 0.315128892660141, 0.30686792731285095];[-2.1496262550354004, -2.214991807937622, -2.229149341583252, -2.214961528778076, -2.1217539310455322, -2.0244102478027344];[1.4206163883209229, 0.7618774175643921, 0.455445796251297, 0.30536553263664246, 0.19426396489143372];376.60740876197815
2900;[3.4786903858184814, 2.2674639225006104, 1.9751548767089844, 1.731269121170044, 1.6781951189041138, 1.5208885669708252];[0.4198276996612549, 0.2907363474369049, 0.2691766619682312, 0.2418394237756729, 0.20719176530838013, 0.16567020118236542];[-2.169485092163086, -2.047598123550415, -2.0518438816070557, -1.8323662281036377, -1.7338109016418457, -1.5629526376724243];[1.5595101118087769, 0.8057352900505066, 0.5828219056129456, 0.3954531252384186, 0.2698977589607239];376.14341020584106
2950;[3.457639694213867, 2.172886610031128, 1.794387698173523, 1.82657790184021, 1.7279566526412964, 1.4862741231918335];[0.41961294412612915, 0.3133673667907715, 0.2832840383052826, 0.27591559290885925, 0.26600030064582825, 0.22626669704914093];[-2.1645867824554443, -2.0960824489593506, -2.037804365158081, -2.066629409790039, -1.9827191829681396, -1.7440015077590942];[1.4005879163742065, 0.7344213724136353, 0.5210182070732117, 0.32086193561553955, 0.22187289595603943];384.81385111808777
3000;[3.4256255626678467, 2.27380633354187, 1.9291836023330688, 1.8831113576889038, 1.5830508470535278, 1.4969769716262817];[0.4304555654525757, 0.30724504590034485, 0.2939397692680359, 0.27594706416130066, 0.2021157443523407, 0.1799752414226532];[-2.1510977745056152, -2.060641288757324, -2.2455222606658936, -2.178488254547119, -1.7449454069137573, -1.6483596563339233];[1.4508298635482788, 0.7728031277656555, 0.44182920455932617, 0.30023810267448425, 0.19461190700531006];372.30249667167664
3050;[3.5232760906219482, 2.3174760341644287, 1.9276673793792725, 1.584047794342041, 1.7281051874160767, 1.6658942699432373];[0.4335034191608429, 0.3273496627807617, 0.32748231291770935, 0.2763598561286926, 0.2732275426387787, 0.27913498878479004];[-2.183851718902588, -2.2582101821899414, -2.1814041137695312, -1.8809949159622192, -1.9926472902297974, -1.9776042699813843];[1.4893990755081177, 0.7259951829910278, 0.4525614380836487, 0.2705472409725189, 0.15870338678359985];378.8664572238922
3100;[3.5262510776519775, 2.963468551635742, 2.5858843326568604, 2.3079161643981934, 2.1132633686065674, 2.020641803741455];[0.4273252487182617, 0.5384789705276489, 0.6512131094932556, 0.6043052077293396, 0.5752460360527039, 0.5918352603912354];[-2.1755728721618652, -2.5031468868255615, -3.0645055770874023, -3.0159292221069336, -3.089277744293213, -3.312556505203247];[1.466610312461853, 0.9437092542648315, 0.6815276145935059, 0.555483877658844, 0.34484440088272095];377.9247577190399
3150;[3.481098175048828, 2.4889676570892334, 2.2265095710754395, 2.2673776149749756, 2.0856542587280273, 1.9598329067230225];[0.4412480592727661, 0.3650735914707184, 0.5259129405021667, 0.5394702553749084, 0.49737218022346497, 0.445570170879364];[-2.1739420890808105, -2.1090145111083984, -3.1594362258911133, -3.489342451095581, -3.2792441844940186, -3.0259575843811035];[1.3970140218734741, 0.8234906196594238, 0.471317321062088, 0.2853730320930481, 0.1678031086921692];375.2712287902832
3200;[3.5564115047454834, 2.52581787109375, 1.7623462677001953, 1.6667323112487793, 1.4902924299240112, 1.5483092069625854];[0.42679154872894287, 0.3756524622440338, 0.2137976437807083, 0.20142461359500885, 0.13907766342163086, 0.12820574641227722];[-2.2020366191864014, -2.2273733615875244, -1.700500726699829, -1.6788579225540161, -1.478110432624817, -1.5020570755004883];[1.4627749919891357, 0.8154138326644897, 0.5496470928192139, 0.364326536655426, 0.22847160696983337];377.7191917896271
3250;[3.5460596084594727, 2.566307544708252, 1.9554179906845093, 1.9353313446044922, 1.8000518083572388, 1.695300817489624];[0.44870391488075256, 0.3850591480731964, 0.30949363112449646, 0.3181208074092865, 0.2857895493507385, 0.2343868464231491];[-2.22725510597229, -2.3311524391174316, -2.201338529586792, -2.320600986480713, -2.178281545639038, -1.939896583557129];[1.4305607080459595, 0.8102185726165771, 0.47317036986351013, 0.36732247471809387, 0.2642779052257538];382.1995599269867
3300;[3.5628983974456787, 2.401214838027954, 2.234405279159546, 1.7561606168746948, 1.6163685321807861, 1.6017563343048096];[0.4286653399467468, 0.3456469774246216, 0.35536858439445496, 0.2783941626548767, 0.23939505219459534, 0.22516301274299622];[-2.204709529876709, -2.3646419048309326, -2.687014102935791, -2.0774009227752686, -1.8744853734970093, -1.8514317274093628];[1.3652318716049194, 0.7536958456039429, 0.4858425259590149, 0.31951504945755005, 0.18463194370269775];378.77823638916016
3350;[3.4647178649902344, 2.2283449172973633, 2.0276334285736084, 1.796971321105957, 1.7763715982437134, 1.6457419395446777];[0.42730820178985596, 0.3153964579105377, 0.31139498949050903, 0.2825717628002167, 0.2715637981891632, 0.24874520301818848];[-2.1585211753845215, -2.205094337463379, -2.3276162147521973, -2.089294195175171, -2.098294496536255, -1.9895133972167969];[1.3729313611984253, 0.7335150241851807, 0.5077409744262695, 0.3332051932811737, 0.21517474949359894];367.4307699203491
3400;[3.4300949573516846, 2.287597179412842, 2.1019527912139893, 1.7646626234054565, 1.9101101160049438, 1.7855182886123657];[0.4225103259086609, 0.3154184818267822, 0.3263052701950073, 0.2700707018375397, 0.3017885982990265, 0.26668259501457214];[-2.153245210647583, -2.1302571296691895, -2.5262796878814697, -2.0856621265411377, -2.3678040504455566, -2.1606454849243164];[1.3664191961288452, 0.7783462405204773, 0.4852272868156433, 0.3043416738510132, 0.20702871680259705];373.3997142314911
3450;[3.4317879676818848, 2.345870018005371, 2.0558042526245117, 1.8541837930679321, 1.800990343093872, 1.7788535356521606];[0.42851898074150085, 0.3207376003265381, 0.33169862627983093, 0.29708990454673767, 0.2692151665687561, 0.2669341266155243];[-2.1599225997924805, -2.16999888420105, -2.362192392349243, -2.1741867065429688, -2.0861895084381104, -2.117170572280884];[1.359683632850647, 0.7641440629959106, 0.5078365206718445, 0.3812866806983948, 0.22724857926368713];379.9923486709595
3500;[3.43996524810791, 3.488447427749634, 3.438286066055298, 3.116849184036255, 2.850964069366455, 2.7597129344940186];[0.4161004424095154, 0.9028476476669312, 1.181548833847046, 1.1139873266220093, 1.1073336601257324, 1.0880292654037476];[-2.1366357803344727, -3.819040298461914, -8.599613189697266, -8.289029121398926, -9.047988891601562, -9.721023559570312];[1.510897159576416, 0.9216166138648987, 0.653185248374939, 0.4620054066181183, 0.271457314491272];373.59704208374023
3550;[3.530898094177246, 2.2061238288879395, 2.0410192012786865, 1.9755439758300781, 1.851543664932251, 1.6299477815628052];[0.4299246668815613, 0.3704027533531189, 0.42913818359375, 0.4085392951965332, 0.39860573410987854, 0.35271531343460083];[-2.201012134552002, -2.3442113399505615, -2.572434425354004, -2.52716064453125, -2.422592878341675, -2.1533687114715576];[1.4692564010620117, 0.7017565369606018, 0.457499623298645, 0.28146496415138245, 0.1717403382062912];374.71353912353516
3600;[3.4477524757385254, 2.5511395931243896, 2.047098398208618, 2.0044586658477783, 1.9045991897583008, 1.7848029136657715];[0.4325738847255707, 0.3347039520740509, 0.3670486807823181, 0.37326323986053467, 0.33470797538757324, 0.33086737990379333];[-2.174731731414795, -2.1166961193084717, -2.544247627258301, -2.6327946186065674, -2.514589309692383, -2.481978416442871];[1.6281895637512207, 0.8523605465888977, 0.5358803272247314, 0.3107622563838959, 0.19118377566337585];388.02869749069214
3650;[3.540844678878784, 2.576427936553955, 2.6940677165985107, 2.1638412475585938, 2.3703486919403076, 2.302685022354126];[0.4399881660938263, 0.33945634961128235, 0.5098092555999756, 0.4330666661262512, 0.4638882875442505, 0.4439625144004822];[-2.20306396484375, -1.9576109647750854, -4.3502888679504395, -3.677133560180664, -3.947084903717041, -3.8045785427093506];[1.4857816696166992, 0.9421005845069885, 0.6221338510513306, 0.3973027765750885, 0.26814207434654236];367.49930119514465
3700;[3.4027581214904785, 2.4786107540130615, 1.8916335105895996, 1.5813002586364746, 1.5416597127914429, 1.4521230459213257];[0.43114277720451355, 0.3469386696815491, 0.27459749579429626, 0.19961611926555634, 0.17667262256145477, 0.16825462877750397];[-2.1527085304260254, -2.3779497146606445, -1.9561115503311157, -1.643785834312439, -1.5999078750610352, -1.548524022102356];[1.4258722066879272, 0.8006583452224731, 0.496366411447525, 0.2959972023963928, 0.182855024933815];384.073611497879
3750;[3.417722225189209, 2.5516436100006104, 2.0491509437561035, 2.137180805206299, 1.920562505722046, 1.880444049835205];[0.4201606214046478, 0.35636666417121887, 0.39090895652770996, 0.42243123054504395, 0.34374377131462097, 0.3521236479282379];[-2.120706558227539, -2.2657358646392822, -2.58827543258667, -2.941352605819702, -2.508702039718628, -2.6144208908081055];[1.5076102018356323, 0.8510890603065491, 0.5032001733779907, 0.27973827719688416, 0.18017534911632538];368.31218099594116
3800;[3.5380775928497314, 2.627495050430298, 1.9130346775054932, 1.6726963520050049, 1.7456555366516113, 1.6781798601150513];[0.4449352025985718, 0.454427570104599, 0.2648372948169708, 0.2269187569618225, 0.27437442541122437, 0.23790724575519562];[-2.1953392028808594, -2.37068772315979, -1.8577909469604492, -1.7444568872451782, -2.004138708114624, -1.916190505027771];[1.437378168106079, 0.8659297823905945, 0.531912088394165, 0.35615575313568115, 0.17529787123203278];377.6724519729614
3850;[3.3782663345336914, 2.120426654815674, 1.9535452127456665, 1.8305295705795288, 1.8477321863174438, 1.6528738737106323];[0.43335577845573425, 0.3455340266227722, 0.3878385126590729, 0.35298553109169006, 0.3426448404788971, 0.3344101309776306];[-2.1257143020629883, -2.273634433746338, -2.4287166595458984, -2.3303329944610596, -2.3194007873535156, -2.1135363578796387];[1.3927130699157715, 0.6985811591148376, 0.4901401400566101, 0.2801586389541626, 0.18021544814109802];370.8867576122284
3900;[3.400075674057007, 3.0385982990264893, 2.339639663696289, 1.9255433082580566, 1.666042685508728, 1.5848197937011719];[0.42518237233161926, 0.6582347750663757, 0.5069928169250488, 0.4613786041736603, 0.3139106333255768, 0.3434523940086365];[-2.1462230682373047, -2.8485469818115234, -2.4939873218536377, -2.4454843997955322, -1.9755370616912842, -2.1329386234283447];[1.5412731170654297, 0.9751547574996948, 0.6680436730384827, 0.41800302267074585, 0.30418336391448975];371.85963249206543
3950;[3.5219907760620117, 2.3201239109039307, 1.943578839302063, 1.654582142829895, 1.4998044967651367, 1.4404391050338745];[0.43788301944732666, 0.3009609282016754, 0.23588553071022034, 0.17931953072547913, 0.12917108833789825, 0.11636407673358917];[-2.1906542778015137, -1.9990402460098267, -1.8317288160324097, -1.6003363132476807, -1.4460780620574951, -1.404522180557251];[1.4576197862625122, 0.8085027933120728, 0.5046660304069519, 0.3490164577960968, 0.2191929966211319];380.88513946533203
4000;[3.4889564514160156, 2.7140862941741943, 2.877991199493408, 2.2947301864624023, 2.361147165298462, 2.067909002304077];[0.419704794883728, 0.38709211349487305, 0.6736095547676086, 0.557907223701477, 0.5805997252464294, 0.4953930079936981];[-2.1676790714263916, -2.1634693145751953, -4.649598121643066, -3.7592453956604004, -4.0659403800964355, -3.5040104389190674];[1.4340693950653076, 0.9104101657867432, 0.48618370294570923, 0.3183812201023102, 0.18868428468704224];373.7306513786316
4050;[3.568859577178955, 2.6245296001434326, 1.8869105577468872, 1.6673147678375244, 1.506464958190918, 1.5595319271087646];[0.4272952973842621, 0.3962114453315735, 0.2332053780555725, 0.1965959519147873, 0.14752475917339325, 0.1495366096496582];[-2.2002525329589844, -2.37430477142334, -1.8184654712677002, -1.6740580797195435, -1.4990941286087036, -1.5698721408843994];[1.3979111909866333, 0.8547435402870178, 0.5381163954734802, 0.32928475737571716, 0.18438050150871277];379.19911789894104
4100;[3.4559199810028076, 2.275113105773926, 1.9613136053085327, 1.882074236869812, 1.807237982749939, 1.769949197769165];[0.43601733446121216, 0.4376016855239868, 0.4410247802734375, 0.40706831216812134, 0.42074909806251526, 0.39431363344192505];[-2.1943347454071045, -2.6139132976531982, -2.545090913772583, -2.4647419452667236, -2.4449687004089355, -2.354254722595215];[1.4656541347503662, 0.6672438383102417, 0.46696025133132935, 0.2718823254108429, 0.18311356008052826];378.2398986816406
4150;[3.433300495147705, 2.2044155597686768, 1.9574624300003052, 1.891319751739502, 1.7078434228897095, 1.7387081384658813];[0.4243253767490387, 0.32271209359169006, 0.3245721161365509, 0.33021166920661926, 0.27896302938461304, 0.26704123616218567];[-2.129598617553711, -2.204967737197876, -2.3141064643859863, -2.278053045272827, -2.050410747528076, -2.050168991088867];[1.4008816480636597, 0.7317206859588623, 0.462004154920578, 0.2707016170024872, 0.17362260818481445];373.505646944046
4200;[3.552973985671997, 1.989740252494812, 1.89913809299469, 1.7757755517959595, 1.653753399848938, 1.5380316972732544];[0.4355594515800476, 0.3597777187824249, 0.3699708878993988, 0.3661669194698334, 0.3489934802055359, 0.3272196054458618];[-2.2056286334991455, -2.198596715927124, -2.303846836090088, -2.237109899520874, -2.1297528743743896, -2.043987989425659];[1.4416403770446777, 0.6828230619430542, 0.4320307970046997, 0.28719884157180786, 0.20497675240039825];372.83083486557007
4250;[3.439617872238159, 2.2963428497314453, 1.8559099435806274, 1.9399924278259277, 1.6826790571212769, 1.6812418699264526];[0.4486544132232666, 0.3046039342880249, 0.2611091434955597, 0.2773986756801605, 0.23560075461864471, 0.22614967823028564];[-2.158219337463379, -2.1199867725372314, -2.018460988998413, -2.143780469894409, -1.846632719039917, -1.8298588991165161];[1.4138010740280151, 0.7391723394393921, 0.5198018550872803, 0.41228583455085754, 0.2605484426021576];384.58389472961426
4300;[3.4404165744781494, 2.3142013549804688, 1.8907208442687988, 1.637399673461914, 1.5371147394180298, 1.4614921808242798];[0.4380873441696167, 0.31733646988868713, 0.2645435035228729, 0.23147515952587128, 0.18141122162342072, 0.173017218708992];[-2.167135715484619, -2.1688735485076904, -1.9496585130691528, -1.7316824197769165, -1.5939805507659912, -1.5636407136917114];[1.4293386936187744, 0.7366130352020264, 0.5030483603477478, 0.3229033052921295, 0.18803875148296356];376.8737881183624
4350;[3.5066659450531006, 2.276932716369629, 2.2127726078033447, 1.957666277885437, 1.6559174060821533, 1.6765979528427124];[0.42971107363700867, 0.3276969790458679, 0.36304545402526855, 0.3181425929069519, 0.2320413738489151, 0.2171601802110672];[-2.201038360595703, -2.1069531440734863, -2.6551871299743652, -2.409602165222168, -1.932122826576233, -1.91386079788208];[1.4041314125061035, 0.7773472666740417, 0.5221659541130066, 0.30086567997932434, 0.18457096815109253];373.35159969329834
4400;[3.388012409210205, 2.631349802017212, 1.9163373708724976, 1.8145437240600586, 1.8711694478988647, 1.7150734663009644];[0.43449947237968445, 0.38855254650115967, 0.27865850925445557, 0.29903915524482727, 0.28862786293029785, 0.25890883803367615];[-2.1369526386260986, -2.4698472023010254, -2.1017253398895264, -2.231750726699829, -2.269550323486328, -2.1183531284332275];[1.4521327018737793, 0.8116602897644043, 0.49430611729621887, 0.28310781717300415, 0.1868869513273239];377.0309910774231
4450;[3.46403431892395, 2.523267984390259, 2.338176965713501, 1.8278512954711914, 1.8219597339630127, 1.7490180730819702];[0.4295528829097748, 0.373474657535553, 0.45644181966781616, 0.33852794766426086, 0.30607911944389343, 0.28601759672164917];[-2.17692232131958, -2.207397937774658, -3.0167274475097656, -2.352186918258667, -2.26281476020813, -2.191286325454712];[1.5305474996566772, 0.8221182823181152, 0.5116255879402161, 0.3179161548614502, 0.19081328809261322];373.9035277366638
4500;[3.435029983520508, 2.1470589637756348, 1.891390323638916, 1.816024661064148, 1.7239837646484375, 1.7025537490844727];[0.4312841594219208, 0.30493229627609253, 0.3016097843647003, 0.2959035038948059, 0.2729113698005676, 0.24665603041648865];[-2.1519405841827393, -2.056427478790283, -2.1930086612701416, -2.1570942401885986, -2.0777499675750732, -1.9822560548782349];[1.4830230474472046, 0.7435160875320435, 0.47030356526374817, 0.324211061000824, 0.2071283459663391];373.39577651023865
4550;[3.4912192821502686, 2.263747453689575, 2.1336605548858643, 2.0274224281311035, 1.7430585622787476, 1.7569084167480469];[0.41575321555137634, 0.33401909470558167, 0.346981406211853, 0.3366645872592926, 0.28230521082878113, 0.2612084448337555];[-2.1820414066314697, -2.099224328994751, -2.49149489402771, -2.484588861465454, -2.168203115463257, -2.1298465728759766];[1.4108039140701294, 0.8194147348403931, 0.4866485297679901, 0.29824239015579224, 0.20931999385356903];386.408002614975
4600;[3.322650909423828, 2.678429365158081, 2.1137843132019043, 2.130316734313965, 1.9576334953308105, 2.015923261642456];[0.43635958433151245, 0.4664264917373657, 0.4050195813179016, 0.45030590891838074, 0.41686829924583435, 0.3808310031890869];[-2.133258819580078, -2.3903050422668457, -2.4764275550842285, -2.8085618019104004, -2.6223793029785156, -2.556006669998169];[1.4707304239273071, 0.8526765704154968, 0.6356794238090515, 0.47561928629875183, 0.3229939937591553];373.2553696632385
4650;[3.4254584312438965, 2.2334372997283936, 2.1198763847351074, 2.079996347427368, 1.7763501405715942, 1.6834869384765625];[0.4274805188179016, 0.3033068776130676, 0.34154370427131653, 0.3502146005630493, 0.27958548069000244, 0.23620308935642242];[-2.1472837924957275, -2.0626680850982666, -2.5656895637512207, -2.6741883754730225, -2.205568552017212, -1.9933793544769287];[1.4355543851852417, 0.7756963968276978, 0.5110207200050354, 0.34853437542915344, 0.23743171989917755];379.7612771987915
4700;[3.4441146850585938, 2.376322031021118, 2.1595540046691895, 2.1588621139526367, 2.104006767272949, 1.9787894487380981];[0.4355427324771881, 0.31617867946624756, 0.39980995655059814, 0.38352537155151367, 0.3979610800743103, 0.3495863974094391];[-2.167985439300537, -1.96156644821167, -2.811716079711914, -2.8537204265594482, -3.0065810680389404, -2.7217023372650146];[1.4566947221755981, 0.8522438406944275, 0.4980558454990387, 0.3570961058139801, 0.21644487977027893];380.2865538597107
4750;[3.427764654159546, 2.270568609237671, 1.918649673461914, 1.7647202014923096, 1.9182342290878296, 1.8378422260284424];[0.43967872858047485, 0.3028745651245117, 0.2954171299934387, 0.27289021015167236, 0.294603168964386, 0.28696972131729126];[-2.1648216247558594, -1.9792425632476807, -2.2460851669311523, -2.1283390522003174, -2.330777883529663, -2.3386359214782715];[1.4229375123977661, 0.7967571020126343, 0.48435986042022705, 0.29319947957992554, 0.17593801021575928];377.49708342552185
4800;[3.6132876873016357, 3.0017733573913574, 2.8604824542999268, 2.6272168159484863, 2.4518697261810303, 2.231642723083496];[0.43190473318099976, 0.7128650546073914, 0.8938450217247009, 0.8683326840400696, 0.7972186207771301, 0.7809605598449707];[-2.2278809547424316, -2.9566783905029297, -4.35255765914917, -4.63195276260376, -4.45354700088501, -4.604146957397461];[1.4324054718017578, 0.9612874984741211, 0.6499155759811401, 0.507240891456604, 0.3699778914451599];371.6874043941498
4850;[3.4939403533935547, 2.91395902633667, 3.2996602058410645, 2.950096607208252, 2.737807035446167, 2.588005304336548];[0.42048031091690063, 0.6214910745620728, 1.0473135709762573, 1.0469533205032349, 1.0101498365402222, 0.9469794034957886];[-2.1906533241271973, -2.6174099445343018, -6.033415794372559, -6.7607741355896, -6.974493503570557, -6.4664411544799805];[1.401949405670166, 0.9503990411758423, 0.6727901101112366, 0.4857151508331299, 0.33364617824554443];376.9276897907257
4900;[3.500035047531128, 2.5753157138824463, 2.530121326446533, 2.3541674613952637, 2.3828094005584717, 2.1745896339416504];[0.43954998254776, 0.40387067198753357, 0.6282835602760315, 0.6326714158058167, 0.6385977864265442, 0.566179633140564];[-2.187502145767212, -2.2856850624084473, -3.866237163543701, -4.2214884757995605, -4.401408672332764, -3.9550797939300537];[1.4528001546859741, 0.8323516845703125, 0.475588858127594, 0.3404131233692169, 0.1973084956407547];384.2507255077362
4950;[3.6074352264404297, 3.501753091812134, 3.106457471847534, 3.067112684249878, 2.738126039505005, 2.432798385620117];[0.4442906975746155, 0.8259024620056152, 0.9959810972213745, 1.0413024425506592, 0.99973464012146, 0.8951999545097351];[-2.2326273918151855, -3.457381010055542, -4.957594394683838, -6.337724208831787, -6.511692047119141, -5.979043960571289];[1.477205514907837, 1.0022056102752686, 0.7606316208839417, 0.6168906688690186, 0.41783246397972107];383.46053290367126
5000;[3.4515857696533203, 3.4516797065734863, 3.2635393142700195, 2.732400894165039, 2.379859685897827, 2.329105854034424];[0.4284898042678833, 0.9706084132194519, 1.0691559314727783, 0.9459973573684692, 0.9036812782287598, 0.8439772129058838];[-2.155395984649658, -4.16003942489624, -6.008879661560059, -5.405381679534912, -5.630536079406738, -5.743548393249512];[1.4226378202438354, 0.9661993384361267, 0.7046285271644592, 0.4730623662471771, 0.29433101415634155];375.9464068412781
