Seed;RMSE History;MMD History;Log-Likelihood History;Max EIG History;Deployment Time
50;[3.4535317420959473, 2.699355125427246, 2.4196107387542725, 2.17999529838562, 2.358065128326416, 2.2893378734588623];[0.44550904631614685, 0.3428652286529541, 0.31762823462486267, 0.30559787154197693, 0.3483824133872986, 0.33665701746940613];[-2.1841557025909424, -1.9502760171890259, -1.9622836112976074, -1.9068176746368408, -2.131294012069702, -2.1738619804382324];[1.4264227151870728, 1.0269196033477783, 0.8778790235519409, 0.8497483134269714, 0.8109043836593628];321.81273651123047
100;[3.597290515899658, 3.0126004219055176, 2.955047607421875, 3.390709161758423, 4.191874027252197, 4.571341037750244];[0.4178268313407898, 0.37112101912498474, 0.3301173150539398, 0.49718496203422546, 0.8031173348426819, 0.898224413394928];[-2.225539207458496, -2.057925224304199, -1.970344066619873, -2.3785059452056885, -4.234013557434082, -5.632106304168701];[1.3921425342559814, 1.3631361722946167, 1.427567958831787, 1.2019864320755005, 0.9968931674957275];311.70101833343506
150;[3.4319088459014893, 3.8812520503997803, 4.103950023651123, 4.190687656402588, 4.258032321929932, 4.60956335067749];[0.43440350890159607, 0.813243567943573, 0.8933347463607788, 0.9683114290237427, 0.9899539947509766, 1.048593521118164];[-2.1458182334899902, -4.319192886352539, -5.448219299316406, -6.443109035491943, -6.922036647796631, -7.884212970733643];[1.4685475826263428, 0.9174598455429077, 0.8646279573440552, 0.8168706893920898, 0.7922078967094421];312.17446660995483
200;[3.4882147312164307, 3.295055627822876, 3.3654673099517822, 3.519761562347412, 3.812978506088257, 3.7738959789276123];[0.43370386958122253, 0.701065182685852, 0.785172700881958, 0.8514950275421143, 0.9271554350852966, 0.9354057908058167];[-2.181112289428711, -3.3678066730499268, -4.130812168121338, -4.617405414581299, -5.522644519805908, -5.749661445617676];[1.4078642129898071, 0.8697887659072876, 0.8425016403198242, 0.8386057615280151, 0.833701491355896];309.3356702327728
250;[3.4891486167907715, 2.5437543392181396, 2.4521944522857666, 2.5409858226776123, 2.6423416137695312, 2.8018863201141357];[0.43905624747276306, 0.33992084860801697, 0.4240696430206299, 0.492214173078537, 0.5834375023841858, 0.6573221683502197];[-2.1856272220611572, -1.936874270439148, -2.1620848178863525, -2.4133949279785156, -2.781737804412842, -3.134425401687622];[1.4171242713928223, 0.9712076187133789, 0.8592736124992371, 0.8940226435661316, 0.8219792246818542];314.4044096469879
300;[3.4684314727783203, 2.986178159713745, 3.12833833694458, 3.414414882659912, 3.7106683254241943, 4.00211763381958];[0.433230459690094, 0.5740801095962524, 0.6775899529457092, 0.7863116264343262, 0.8609790802001953, 0.9417665600776672];[-2.175381660461426, -2.6288633346557617, -3.280877113342285, -4.192704200744629, -4.902249336242676, -5.932472229003906];[1.416370153427124, 0.9252507090568542, 0.8707705140113831, 0.868848443031311, 0.8781988024711609];310.3714818954468
350;[3.426074743270874, 4.243165016174316, 4.294201374053955, 4.453794479370117, 4.646998882293701, 4.942579746246338];[0.4136400818824768, 0.8248859643936157, 0.9650799632072449, 1.0142393112182617, 1.0128638744354248, 1.115457534790039];[-2.1508469581604004, -4.526109218597412, -6.147733688354492, -6.909798622131348, -7.201444625854492, -8.884003639221191];[1.4400101900100708, 0.9218226671218872, 0.8602045774459839, 0.8659633994102478, 0.864467203617096];310.90793657302856
400;[3.480447769165039, 2.650993585586548, 2.4630017280578613, 2.3870742321014404, 2.4659502506256104, 2.2878644466400146];[0.4406643807888031, 0.31534382700920105, 0.2988522946834564, 0.284145325422287, 0.30209803581237793, 0.28755900263786316];[-2.1900761127471924, -1.8843942880630493, -1.8336491584777832, -1.8187772035598755, -1.874178171157837, -1.809398889541626];[1.4105747938156128, 0.9965319633483887, 0.9267059564590454, 0.926504909992218, 0.9370982646942139];309.88099193573
450;[3.629896402359009, 2.617861032485962, 2.4588193893432617, 2.5951321125030518, 2.5323095321655273, 2.535358190536499];[0.42785149812698364, 0.3985476791858673, 0.43377381563186646, 0.5230638384819031, 0.5871607065200806, 0.6110888123512268];[-2.2236576080322266, -2.065486431121826, -2.271676778793335, -2.6611521244049072, -2.8686647415161133, -3.0452919006347656];[1.562289834022522, 0.8895115256309509, 0.7628905773162842, 0.7568976283073425, 0.7079489231109619];313.0283958911896
500;[3.3648812770843506, 2.5618531703948975, 2.4758825302124023, 2.5374200344085693, 2.455052137374878, 2.4848392009735107];[0.44050097465515137, 0.31926167011260986, 0.36896201968193054, 0.4090883135795593, 0.45084014534950256, 0.4771304130554199];[-2.117938995361328, -1.9317951202392578, -2.0865652561187744, -2.2035152912139893, -2.3105430603027344, -2.3938608169555664];[1.525174617767334, 0.9359915852546692, 0.8858227729797363, 0.8436219692230225, 0.8572322130203247];312.9441909790039
550;[3.362457513809204, 2.8041927814483643, 2.5083792209625244, 2.443342685699463, 2.491023063659668, 2.388964891433716];[0.4273624122142792, 0.3181515336036682, 0.3211662769317627, 0.3639463484287262, 0.4334401786327362, 0.443115770816803];[-2.1138741970062256, -1.885577917098999, -1.918636441230774, -1.984182596206665, -2.229658842086792, -2.2432515621185303];[1.3570165634155273, 1.2880396842956543, 0.9283435344696045, 0.8949933648109436, 0.8900958299636841];316.53754568099976
600;[3.4779739379882812, 3.286206007003784, 2.9535930156707764, 3.0027925968170166, 3.056835889816284, 3.1613285541534424];[0.42433440685272217, 0.6438403129577637, 0.6697078347206116, 0.7344402074813843, 0.7505363821983337, 0.7908272743225098];[-2.1737163066864014, -3.153167724609375, -3.2525715827941895, -3.5948188304901123, -3.7385761737823486, -4.172756671905518];[1.4240550994873047, 0.8890559673309326, 0.8604074120521545, 0.8611353635787964, 0.8363722562789917];313.70240807533264
650;[3.5407519340515137, 2.638601541519165, 2.457793951034546, 2.6117396354675293, 2.8020215034484863, 2.934668779373169];[0.43656808137893677, 0.3072860836982727, 0.3245008885860443, 0.505098819732666, 0.6305558085441589, 0.7310199737548828];[-2.2121787071228027, -1.856408953666687, -1.8658756017684937, -2.424143075942993, -3.0361900329589844, -3.6835343837738037];[1.4594218730926514, 1.14793062210083, 0.9416205883026123, 0.926919162273407, 0.8308174014091492];311.5707790851593
700;[3.4655158519744873, 2.973414659500122, 3.1621201038360596, 3.4628021717071533, 3.4405152797698975, 3.5946762561798096];[0.4309043884277344, 0.5909464359283447, 0.7396451234817505, 0.8302811980247498, 0.8372302055358887, 0.9080130457878113];[-2.1853156089782715, -2.752960443496704, -3.7796876430511475, -4.521994113922119, -4.732783794403076, -5.35520076751709];[1.3925169706344604, 0.892512321472168, 0.8435859084129333, 0.8769451975822449, 0.786734938621521];308.7931249141693
750;[3.474484443664551, 3.6405656337738037, 3.7008535861968994, 3.862182140350342, 4.157497406005859, 4.359119415283203];[0.4471079111099243, 0.7604702711105347, 0.8527979254722595, 0.9216569662094116, 0.9986855983734131, 1.0518180131912231];[-2.1904795169830322, -3.869494915008545, -4.541881084442139, -5.555191516876221, -6.547086715698242, -7.400070667266846];[1.4034637212753296, 0.8623865246772766, 0.8473833203315735, 0.8328681588172913, 0.828123152256012];310.0186412334442
800;[3.5488901138305664, 3.652320384979248, 3.5715689659118652, 3.748715400695801, 3.6429810523986816, 3.803530693054199];[0.4226207137107849, 0.7947012186050415, 0.8276388645172119, 0.8461338877677917, 0.9156849980354309, 0.9611169695854187];[-2.211388349533081, -3.8947272300720215, -4.363187313079834, -4.732270240783691, -5.3736572265625, -5.79576301574707];[1.4197908639907837, 0.9326286911964417, 0.8586859107017517, 0.8771382570266724, 0.8317855596542358];306.87432527542114
850;[3.3409130573272705, 3.865504503250122, 4.088453769683838, 4.243113994598389, 4.304879188537598, 4.453827857971191];[0.43717724084854126, 0.8189314007759094, 0.942041277885437, 0.9899373650550842, 1.0358039140701294, 1.0234096050262451];[-2.1206741333007812, -4.21087646484375, -5.733694076538086, -6.554470062255859, -7.366939544677734, -7.648612022399902];[1.4117730855941772, 0.9760115146636963, 0.8409085869789124, 0.7931497097015381, 0.7951118350028992];311.0090448856354
900;[3.5120975971221924, 2.972062587738037, 3.1544418334960938, 3.4724998474121094, 3.532294988632202, 3.6712732315063477];[0.43827444314956665, 0.6189303994178772, 0.7103911638259888, 0.7874760627746582, 0.8871248364448547, 0.8900647163391113];[-2.1942410469055176, -2.7687900066375732, -3.404374599456787, -4.056329250335693, -4.849521636962891, -5.2014312744140625];[1.4822183847427368, 0.903426468372345, 0.8716164231300354, 0.8774227499961853, 0.8437458276748657];308.0085256099701
950;[3.4888288974761963, 2.6043248176574707, 2.558702230453491, 2.5236928462982178, 2.5602200031280518, 2.467989444732666];[0.4305139482021332, 0.3093497157096863, 0.2952407896518707, 0.30241674184799194, 0.3319619297981262, 0.3920896053314209];[-2.1909918785095215, -1.8836215734481812, -1.884932518005371, -1.884744644165039, -1.9535415172576904, -2.0733165740966797];[1.3763808012008667, 1.1457464694976807, 0.9226953387260437, 0.9039213061332703, 0.893890917301178];317.18706941604614
1000;[3.4790709018707275, 2.9219799041748047, 2.6964359283447266, 2.7687160968780518, 2.8426051139831543, 2.9601991176605225];[0.4421994388103485, 0.35284021496772766, 0.47148609161376953, 0.5988337993621826, 0.6658897995948792, 0.6656733751296997];[-2.195986032485962, -2.0284175872802734, -2.3232972621917725, -2.83388614654541, -3.2072336673736572, -3.3251466751098633];[1.4298933744430542, 1.122992753982544, 0.8880970478057861, 0.8735589981079102, 0.854368269443512];310.67939043045044
1050;[3.4341771602630615, 2.817250967025757, 2.9224860668182373, 2.8077099323272705, 2.9139316082000732, 3.3132050037384033];[0.4304201006889343, 0.34535568952560425, 0.3751962184906006, 0.4535694420337677, 0.5787705183029175, 0.7097476720809937];[-2.155642032623291, -1.9908448457717896, -2.125213861465454, -2.213395595550537, -2.635517120361328, -3.4548113346099854];[1.3702319860458374, 1.1632729768753052, 1.0067262649536133, 0.9305375218391418, 0.9086101651191711];313.85239934921265
1100;[3.5694146156311035, 3.148606061935425, 3.330235242843628, 3.463477373123169, 3.6487550735473633, 3.7062246799468994];[0.4306790828704834, 0.7000386714935303, 0.8076871633529663, 0.8444800972938538, 0.9136258363723755, 0.947127640247345];[-2.2354342937469482, -3.310560464859009, -4.084610939025879, -4.559029579162598, -5.309848785400391, -5.736688613891602];[1.4891663789749146, 0.9070349335670471, 0.8756203055381775, 0.8636295199394226, 0.9200283885002136];310.0147874355316
1150;[3.4858319759368896, 2.697499990463257, 2.557605504989624, 2.5674169063568115, 2.806209087371826, 3.2858762741088867];[0.43737438321113586, 0.35636958479881287, 0.3125288188457489, 0.3181881010532379, 0.45605701208114624, 0.6739876866340637];[-2.1709494590759277, -2.006221294403076, -1.8969870805740356, -1.8741284608840942, -2.2233760356903076, -3.313124895095825];[1.4211032390594482, 1.2036713361740112, 1.033185601234436, 0.9569856524467468, 0.9931647181510925];311.7881290912628
1200;[3.437978982925415, 3.3328330516815186, 3.554764986038208, 3.6566684246063232, 3.726475238800049, 3.844604253768921];[0.4222293496131897, 0.7013477087020874, 0.7926771640777588, 0.8969083428382874, 0.9510670304298401, 0.9620646238327026];[-2.1453921794891357, -3.317199230194092, -4.15241003036499, -5.182170391082764, -5.778441429138184, -6.201815605163574];[1.4090831279754639, 0.8900320529937744, 0.8781834840774536, 0.8619344830513, 0.8432676792144775];310.1945788860321
1250;[3.4220948219299316, 2.893872022628784, 2.877570629119873, 3.0056326389312744, 3.2701454162597656, 3.365084648132324];[0.4305312931537628, 0.3526863157749176, 0.44195204973220825, 0.6124075055122375, 0.7565830945968628, 0.8572681546211243];[-2.1536736488342285, -2.0206151008605957, -2.2912230491638184, -2.9034385681152344, -3.8200888633728027, -4.659077167510986];[1.4425804615020752, 1.0914483070373535, 0.9294537305831909, 0.8823060393333435, 0.8539119362831116];309.78506207466125
1300;[3.4729998111724854, 2.6290595531463623, 2.596747636795044, 2.8581714630126953, 2.671663284301758, 3.0456814765930176];[0.4191039800643921, 0.294147789478302, 0.36538517475128174, 0.4747203290462494, 0.5769121646881104, 0.7325440645217896];[-2.148639678955078, -1.8330179452896118, -1.9793552160263062, -2.370312213897705, -2.6903350353240967, -3.6047372817993164];[1.4331846237182617, 1.2101167440414429, 0.9269643425941467, 0.9160993099212646, 0.8555322289466858];313.2721848487854
1350;[3.4616544246673584, 2.600738763809204, 2.810161590576172, 2.7867534160614014, 2.906144857406616, 3.3548383712768555];[0.43835362792015076, 0.3255201280117035, 0.3962136209011078, 0.4637761414051056, 0.5822606682777405, 0.7468377351760864];[-2.1895406246185303, -1.8594993352890015, -2.132997989654541, -2.295119285583496, -2.7125084400177, -3.6698668003082275];[1.4399313926696777, 1.0680614709854126, 0.9844334721565247, 0.930504560470581, 0.93145352602005];307.97484731674194
1400;[3.5098540782928467, 2.8363847732543945, 2.6697020530700684, 2.7175896167755127, 3.004638671875, 3.0924618244171143];[0.44667667150497437, 0.3439030349254608, 0.31352531909942627, 0.3987533450126648, 0.6166860461235046, 0.7087015509605408];[-2.196889638900757, -1.9905815124511719, -1.8875017166137695, -2.0571274757385254, -2.96103835105896, -3.456756353378296];[1.5062978267669678, 1.2584651708602905, 1.145951509475708, 0.979289174079895, 0.8714168071746826];308.4578626155853
1450;[3.398092031478882, 2.545941114425659, 2.7370338439941406, 2.3776767253875732, 2.31762957572937, 2.183706760406494];[0.4274410307407379, 0.29753631353378296, 0.3235223591327667, 0.28245118260383606, 0.2644551992416382, 0.2615187466144562];[-2.136824607849121, -1.8284777402877808, -1.9664896726608276, -1.7933818101882935, -1.7643688917160034, -1.681307315826416];[1.4827321767807007, 1.2405847311019897, 0.9656006097793579, 0.9126068353652954, 0.9004857540130615];313.1559453010559
1500;[3.3999791145324707, 4.585393905639648, 4.829405307769775, 4.747235298156738, 5.153881549835205, 5.235180854797363];[0.42848700284957886, 0.9077975749969482, 0.945184588432312, 0.9877530932426453, 1.029178261756897, 1.0458109378814697];[-2.1453912258148193, -5.297900199890137, -6.332784652709961, -6.749566078186035, -8.121599197387695, -8.585783004760742];[1.4814077615737915, 0.9608290791511536, 0.9212222695350647, 0.8877386450767517, 0.8423216938972473];309.539763212204
1550;[3.435685157775879, 2.9237308502197266, 2.525850534439087, 2.674738883972168, 2.5030481815338135, 2.5402090549468994];[0.42411941289901733, 0.3543558418750763, 0.31110435724258423, 0.35929346084594727, 0.33891791105270386, 0.355080246925354];[-2.1512887477874756, -1.9650607109069824, -1.903016448020935, -2.145594835281372, -2.0855538845062256, -2.229177713394165];[1.4545917510986328, 1.2148845195770264, 0.9494879841804504, 0.9070079326629639, 0.856110155582428];315.68215441703796
1600;[3.5344862937927246, 2.788884162902832, 2.3292977809906006, 2.274489641189575, 2.3509905338287354, 2.0506324768066406];[0.437140554189682, 0.38993847370147705, 0.3041883409023285, 0.31024453043937683, 0.345437616109848, 0.3083573877811432];[-2.198368787765503, -2.04595947265625, -1.9039973020553589, -1.973374366760254, -2.188472032546997, -1.9743213653564453];[1.3467326164245605, 1.0367343425750732, 0.8731489181518555, 0.8059459328651428, 0.7592952847480774];312.48269391059875
1650;[3.3729896545410156, 2.6575496196746826, 2.5535662174224854, 2.280468702316284, 2.432382106781006, 2.502823829650879];[0.4261898100376129, 0.31098732352256775, 0.3375164866447449, 0.318785160779953, 0.3869401812553406, 0.4394991397857666];[-2.128889560699463, -1.9194194078445435, -1.9900693893432617, -1.9013466835021973, -2.085373878479004, -2.2194018363952637];[1.4399919509887695, 0.9515624046325684, 0.8629627823829651, 0.8905615210533142, 0.8953678607940674];313.78302478790283
1700;[3.3907694816589355, 3.3052303791046143, 3.5528924465179443, 3.655757188796997, 3.8844871520996094, 4.111039638519287];[0.41682669520378113, 0.7451674938201904, 0.8090221285820007, 0.8988598585128784, 0.9223812222480774, 0.9804732799530029];[-2.115798234939575, -3.5868887901306152, -4.398983001708984, -5.120220184326172, -5.826531410217285, -6.555764675140381];[1.4486035108566284, 0.8895044922828674, 0.8701216578483582, 0.8418343663215637, 0.8423686623573303];308.7386665344238
1750;[3.4865918159484863, 3.9153294563293457, 4.389033794403076, 4.505537986755371, 4.777348041534424, 4.855713367462158];[0.43417859077453613, 0.8000072836875916, 0.9588228464126587, 0.9434217810630798, 1.0538363456726074, 1.0714342594146729];[-2.1764469146728516, -4.204458236694336, -6.032948017120361, -6.42901611328125, -7.727250099182129, -8.428433418273926];[1.478678584098816, 0.9319750070571899, 0.8630872964859009, 0.8817654252052307, 0.8711179494857788];305.8010597229004
1800;[3.542616844177246, 2.8200266361236572, 2.696208953857422, 3.110313892364502, 3.4686365127563477, 3.7380573749542236];[0.43504461646080017, 0.36873623728752136, 0.5161466002464294, 0.6674075126647949, 0.8569583892822266, 0.881876528263092];[-2.2129921913146973, -2.0115575790405273, -2.4222300052642822, -3.2860910892486572, -4.555303573608398, -5.013208866119385];[1.3986296653747559, 1.161689043045044, 0.8749873042106628, 0.8365910053253174, 0.8319887518882751];311.5419590473175
1850;[3.523024320602417, 2.694340467453003, 2.792335271835327, 3.0026049613952637, 3.069216012954712, 3.056762933731079];[0.43340134620666504, 0.5059860348701477, 0.5847612619400024, 0.702293336391449, 0.7390879988670349, 0.7898465991020203];[-2.2051966190338135, -2.411930561065674, -2.857896089553833, -3.4453630447387695, -3.7693586349487305, -4.065855979919434];[1.4456795454025269, 0.89674973487854, 0.8280330300331116, 0.816565752029419, 0.8074657917022705];312.224524974823
1900;[3.5153372287750244, 2.849238872528076, 2.399470806121826, 2.3498966693878174, 2.48362135887146, 2.646801233291626];[0.4438469111919403, 0.32485663890838623, 0.2990962266921997, 0.3213391900062561, 0.41592341661453247, 0.525303304195404];[-2.202637195587158, -1.963399052619934, -1.8443247079849243, -1.9097381830215454, -2.1621532440185547, -2.5178897380828857];[1.3942899703979492, 1.1296119689941406, 0.9137148261070251, 0.8635295629501343, 0.878648042678833];313.2376027107239
1950;[3.449302911758423, 3.672879457473755, 3.819549560546875, 4.110644340515137, 4.341062068939209, 4.628170013427734];[0.4420658349990845, 0.7958513498306274, 0.8772961497306824, 0.9683437943458557, 1.0254708528518677, 1.0900532007217407];[-2.188352108001709, -4.162039756774902, -5.143764019012451, -6.371136665344238, -7.166893005371094, -8.33846664428711];[1.430879831314087, 0.927261233329773, 0.8662861585617065, 0.8419073224067688, 0.8286116123199463];304.74057841300964
2000;[3.5128579139709473, 2.6699438095092773, 2.433318853378296, 2.5624120235443115, 2.5822410583496094, 2.6698672771453857];[0.43277543783187866, 0.3144987225532532, 0.341155469417572, 0.3822362720966339, 0.42449894547462463, 0.4281376600265503];[-2.1851656436920166, -1.9123409986495972, -1.9240206480026245, -2.1149797439575195, -2.2292463779449463, -2.3179712295532227];[1.4451537132263184, 1.0175423622131348, 0.9066727757453918, 0.9467412829399109, 0.9097386002540588];311.9177939891815
2050;[3.4718825817108154, 2.6646721363067627, 2.6587727069854736, 2.6077640056610107, 2.776456356048584, 3.059384346008301];[0.435119092464447, 0.32702624797821045, 0.44144999980926514, 0.5279643535614014, 0.642525851726532, 0.7207066416740417];[-2.168713331222534, -1.9434120655059814, -2.236428737640381, -2.5410025119781494, -3.0988783836364746, -3.567683696746826];[1.3899706602096558, 0.9804072380065918, 0.9354368448257446, 0.8811889886856079, 0.8760756850242615];314.9528777599335
2100;[3.4577395915985107, 2.5524308681488037, 2.5953245162963867, 2.6669578552246094, 2.757411479949951, 2.7324612140655518];[0.4313388168811798, 0.4846309423446655, 0.48366010189056396, 0.5836508870124817, 0.6329736709594727, 0.6607245206832886];[-2.1701595783233643, -2.3391923904418945, -2.4649715423583984, -2.7865898609161377, -3.1431469917297363, -3.300422191619873];[1.4028916358947754, 0.8583983182907104, 0.8284969925880432, 0.8266321420669556, 0.8357715606689453];309.6915271282196
2150;[3.5250561237335205, 2.6497175693511963, 2.6896347999572754, 2.8825325965881348, 3.1825788021087646, 3.340183734893799];[0.42883846163749695, 0.30259400606155396, 0.35121235251426697, 0.5415963530540466, 0.6855553984642029, 0.7758864164352417];[-2.201998710632324, -1.8351621627807617, -2.008183479309082, -2.550720691680908, -3.377453088760376, -3.9252007007598877];[1.469148874282837, 1.1622211933135986, 0.9565703868865967, 0.9773494005203247, 0.9673527479171753];309.4830410480499
2200;[3.4772369861602783, 2.592095136642456, 2.5021958351135254, 2.263929843902588, 2.3953208923339844, 2.5556652545928955];[0.43342170119285583, 0.2951336205005646, 0.2914888858795166, 0.2588381767272949, 0.26864108443260193, 0.2999597191810608];[-2.167332649230957, -1.8067599534988403, -1.8107794523239136, -1.7187447547912598, -1.7675117254257202, -1.9110568761825562];[1.5389820337295532, 1.09805428981781, 0.9981101751327515, 0.9353790283203125, 0.9076218605041504];310.50564098358154
2250;[3.447732448577881, 2.5434162616729736, 2.6582329273223877, 2.7159831523895264, 2.4590251445770264, 2.494894027709961];[0.42744630575180054, 0.3016822934150696, 0.342536062002182, 0.3753775656223297, 0.34290558099746704, 0.34757477045059204];[-2.1626577377319336, -1.8372206687927246, -2.012707233428955, -2.1287524700164795, -1.9820685386657715, -2.0229673385620117];[1.4969102144241333, 1.03235924243927, 0.9614921808242798, 0.9362587928771973, 0.9249181747436523];313.1961784362793
2300;[3.4258675575256348, 2.7755439281463623, 2.8091049194335938, 2.9904587268829346, 2.8704230785369873, 3.0400009155273438];[0.43996262550354004, 0.33865562081336975, 0.49188366532325745, 0.6321465969085693, 0.6456586718559265, 0.7411942481994629];[-2.155377149581909, -1.9321138858795166, -2.3698160648345947, -3.000598192214966, -3.0968434810638428, -3.597043991088867];[1.3730943202972412, 1.1483451128005981, 0.9499799013137817, 0.8588036894798279, 0.8522739410400391];313.1338770389557
2350;[3.479848861694336, 3.8501358032226562, 3.9435932636260986, 3.8618428707122803, 3.972011089324951, 4.15142822265625];[0.4281454086303711, 0.8094885945320129, 0.8857458829879761, 0.9547207355499268, 0.9603429436683655, 1.026016354560852];[-2.1800904273986816, -4.272426605224609, -5.082334518432617, -5.796963691711426, -6.309101581573486, -7.1581926345825195];[1.4287128448486328, 0.8895188570022583, 0.8942152261734009, 0.8447192311286926, 0.834071695804596];308.5067489147186
2400;[3.453928232192993, 2.6358120441436768, 2.4517858028411865, 2.5228629112243652, 2.493889808654785, 2.5544257164001465];[0.42348501086235046, 0.3170553147792816, 0.3092045187950134, 0.3111248314380646, 0.31582215428352356, 0.39093834161758423];[-2.1593546867370605, -1.8792874813079834, -1.879469394683838, -1.8993765115737915, -1.9118733406066895, -2.0744338035583496];[1.4247595071792603, 1.1005263328552246, 0.9847356677055359, 0.9349671006202698, 0.9539299607276917];313.6368682384491
2450;[3.443373441696167, 2.7383205890655518, 2.6655611991882324, 2.710697650909424, 2.684730052947998, 2.497304916381836];[0.4253566563129425, 0.31926894187927246, 0.3568495512008667, 0.4014395475387573, 0.40284252166748047, 0.3941504955291748];[-2.157527446746826, -1.8933830261230469, -2.1882972717285156, -2.4485392570495605, -2.5965662002563477, -2.6114938259124756];[1.5208905935287476, 1.2016242742538452, 0.8585414886474609, 0.8047087788581848, 0.7506398558616638];312.41055965423584
2500;[3.500199317932129, 2.6171138286590576, 2.695707082748413, 2.6670758724212646, 2.601771354675293, 2.8631644248962402];[0.4217135012149811, 0.34505632519721985, 0.3503095507621765, 0.3703717589378357, 0.466280460357666, 0.5699982643127441];[-2.151613235473633, -1.9204310178756714, -1.9923558235168457, -2.038362979888916, -2.2589781284332275, -2.668694496154785];[1.3893779516220093, 0.9889320135116577, 0.9638476371765137, 0.9128751754760742, 0.935599684715271];312.1809301376343
2550;[3.422832489013672, 2.7303779125213623, 2.379324197769165, 2.481668710708618, 2.1344738006591797, 2.442209005355835];[0.439088374376297, 0.3505706191062927, 0.32231560349464417, 0.3647048771381378, 0.35043883323669434, 0.4164508283138275];[-2.157212495803833, -1.9441335201263428, -1.9445405006408691, -2.195925712585449, -2.0181167125701904, -2.382362127304077];[1.3986759185791016, 1.0698062181472778, 0.8532151579856873, 0.7760656476020813, 0.7597518563270569];310.7558763027191
2600;[3.394423484802246, 3.8793222904205322, 3.819753646850586, 4.002577781677246, 4.147432804107666, 4.5251641273498535];[0.44063636660575867, 0.8285388946533203, 0.9020975232124329, 0.9556978940963745, 0.9965149164199829, 1.0516767501831055];[-2.1647140979766846, -4.594048500061035, -5.2984232902526855, -6.090927600860596, -6.775108814239502, -7.7191925048828125];[1.3757927417755127, 0.9146644473075867, 0.8603359460830688, 0.8640012741088867, 0.8409832119941711];310.4425916671753
2650;[3.442821979522705, 2.673041343688965, 2.443244695663452, 2.541379928588867, 2.4732179641723633, 2.405379056930542];[0.4292795956134796, 0.3245317041873932, 0.31609922647476196, 0.34459927678108215, 0.3498982787132263, 0.347052663564682];[-2.150250196456909, -1.9010695219039917, -1.964627981185913, -2.1948320865631104, -2.255993604660034, -2.2142372131347656];[1.4356052875518799, 1.0802347660064697, 0.8873100876808167, 0.8541215658187866, 0.8413761854171753];315.6735646724701
2700;[3.5615553855895996, 4.351129531860352, 4.8065714836120605, 5.1339850425720215, 5.37526798248291, 5.7858710289001465];[0.4321097135543823, 0.8227066993713379, 1.0110177993774414, 1.036298394203186, 1.092569351196289, 1.1615779399871826];[-2.211458683013916, -4.534221649169922, -7.256685733795166, -8.158870697021484, -9.234837532043457, -10.771381378173828];[1.381988525390625, 0.9494592547416687, 0.9046943187713623, 0.8838216662406921, 0.9034555554389954];313.04892897605896
2750;[3.5089309215545654, 3.3196680545806885, 3.35567307472229, 3.396132230758667, 3.57559871673584, 3.5910117626190186];[0.43499210476875305, 0.758871853351593, 0.804398775100708, 0.8339498043060303, 0.8555432558059692, 0.9129655957221985];[-2.196744441986084, -3.746128559112549, -4.313457489013672, -4.748453140258789, -5.2084221839904785, -5.5963053703308105];[1.5251234769821167, 0.847876787185669, 0.7626133561134338, 0.7726399302482605, 0.793226420879364];311.28375458717346
2800;[3.548353433609009, 2.675036668777466, 2.5407984256744385, 2.641221046447754, 2.812305212020874, 3.011699676513672];[0.42625173926353455, 0.35299623012542725, 0.3935394883155823, 0.47401171922683716, 0.583942711353302, 0.7218055129051208];[-2.2053003311157227, -1.9792590141296387, -2.0927608013153076, -2.344791889190674, -2.754910707473755, -3.4823687076568604];[1.415387749671936, 1.0174188613891602, 0.8906177878379822, 0.8440340757369995, 0.8601961135864258];313.35300493240356
2850;[3.4069786071777344, 2.8739984035491943, 2.9967710971832275, 2.923825979232788, 2.784254550933838, 2.7771310806274414];[0.42313840985298157, 0.43980780243873596, 0.46696335077285767, 0.467290997505188, 0.4710339903831482, 0.471975713968277];[-2.1496262550354004, -2.144540786743164, -2.3022303581237793, -2.272310256958008, -2.331345319747925, -2.429713487625122];[1.4206163883209229, 1.1647846698760986, 1.019728183746338, 0.9979411959648132, 0.909949004650116];312.24516201019287
2900;[3.4786903858184814, 2.5587494373321533, 2.4748125076293945, 2.5364747047424316, 2.2168290615081787, 2.1860694885253906];[0.4198276996612549, 0.2973024249076843, 0.34720417857170105, 0.36660394072532654, 0.3186572790145874, 0.3523295521736145];[-2.169485092163086, -1.8461289405822754, -1.9829903841018677, -2.1005029678344727, -1.8816970586776733, -1.9587421417236328];[1.5595101118087769, 0.9982778429985046, 0.9581252932548523, 0.8957685828208923, 0.8837041258811951];311.348592042923
2950;[3.457639694213867, 2.644845724105835, 2.3450615406036377, 2.3966128826141357, 2.3353323936462402, 2.3615074157714844];[0.41961294412612915, 0.364301472902298, 0.40232646465301514, 0.4117961823940277, 0.46105507016181946, 0.47593361139297485];[-2.1645867824554443, -1.962333083152771, -2.117558002471924, -2.2847237586975098, -2.395920753479004, -2.5703797340393066];[1.4005879163742065, 1.0172739028930664, 0.7934134006500244, 0.7257171273231506, 0.7404875159263611];314.0680351257324
3000;[3.4256255626678467, 2.673506021499634, 2.713461399078369, 2.780439853668213, 3.0591156482696533, 3.2724459171295166];[0.4304555654525757, 0.3288235068321228, 0.476815402507782, 0.5853604674339294, 0.7448994517326355, 0.8489754796028137];[-2.1510977745056152, -1.9194421768188477, -2.329329490661621, -2.730670928955078, -3.6755645275115967, -4.3550848960876465];[1.4508298635482788, 1.0518569946289062, 0.9266272187232971, 0.8714143633842468, 0.8850119113922119];314.75788927078247
3050;[3.5232760906219482, 2.6786396503448486, 2.446782112121582, 2.1838977336883545, 2.2875070571899414, 2.407273054122925];[0.4335034191608429, 0.3240140676498413, 0.3420831859111786, 0.30050280690193176, 0.3143124282360077, 0.3406025767326355];[-2.183851718902588, -1.9805090427398682, -1.9896751642227173, -1.824156403541565, -1.9407557249069214, -2.0633785724639893];[1.4893990755081177, 0.968040406703949, 0.9236705303192139, 0.879281759262085, 0.842347264289856];309.97851395606995
3100;[3.5262510776519775, 3.845729112625122, 3.6940252780914307, 3.820753812789917, 3.76106858253479, 4.048620223999023];[0.4273252487182617, 0.7930195331573486, 0.9114483594894409, 0.8636835813522339, 0.9385920763015747, 1.0100853443145752];[-2.1755728721618652, -4.438238143920898, -5.330893516540527, -5.282987594604492, -5.780058860778809, -6.854203701019287];[1.466610312461853, 0.9214448928833008, 0.865580677986145, 0.8501119017601013, 0.7964349985122681];310.50614643096924
3150;[3.481098175048828, 3.8602776527404785, 3.999776840209961, 4.080871105194092, 4.086793422698975, 4.25710916519165];[0.4412480592727661, 0.8124432563781738, 0.8723983764648438, 1.0051590204238892, 1.0045665502548218, 1.00777006149292];[-2.1739420890808105, -4.21005392074585, -5.1748456954956055, -6.360680103302002, -6.673110485076904, -6.948179244995117];[1.3970140218734741, 0.8869965076446533, 0.8113142251968384, 0.798256516456604, 0.7693393230438232];313.3577811717987
3200;[3.5564115047454834, 2.6455788612365723, 2.4252965450286865, 2.5028560161590576, 2.4480652809143066, 2.427338123321533];[0.42679154872894287, 0.30384427309036255, 0.31449881196022034, 0.35325008630752563, 0.41550910472869873, 0.49671104550361633];[-2.2020366191864014, -1.8932762145996094, -1.9262982606887817, -2.061533212661743, -2.1604244709014893, -2.3936033248901367];[1.4627749919891357, 1.0158143043518066, 0.8766773343086243, 0.8630130887031555, 0.8490126729011536];313.28063583374023
3250;[3.5460596084594727, 4.043953895568848, 3.966092109680176, 4.099387168884277, 4.242305278778076, 4.3548712730407715];[0.44870391488075256, 0.8524796962738037, 0.9074378609657288, 0.9659268856048584, 1.0289286375045776, 1.04084312915802];[-2.22725510597229, -4.641260623931885, -5.333373546600342, -6.2220845222473145, -6.94307804107666, -7.4716386795043945];[1.4305607080459595, 0.9162560701370239, 0.8470044136047363, 0.8184117078781128, 0.8181164264678955];305.1798002719879
3300;[3.5628983974456787, 4.3820061683654785, 4.3401031494140625, 4.342685222625732, 4.399609565734863, 4.5408501625061035];[0.4286653399467468, 0.8856837749481201, 0.9890064597129822, 0.9407382607460022, 1.0150492191314697, 1.050356149673462];[-2.204709529876709, -5.104342937469482, -6.335532188415527, -6.304867744445801, -7.356186866760254, -7.899998664855957];[1.3652318716049194, 0.9677413105964661, 0.8312360644340515, 0.8016895055770874, 0.8181602358818054];309.91520643234253
3350;[3.4647178649902344, 2.55614972114563, 2.3801186084747314, 2.355724334716797, 2.335878372192383, 2.505167245864868];[0.42730820178985596, 0.30645060539245605, 0.37234240770339966, 0.4426639676094055, 0.4589165151119232, 0.5246055722236633];[-2.1585211753845215, -1.8759061098098755, -2.0332860946655273, -2.2945713996887207, -2.3930704593658447, -2.69549822807312];[1.3729313611984253, 0.9936603307723999, 0.8556302785873413, 0.8068041801452637, 0.7547652125358582];315.9599688053131
3400;[3.4300949573516846, 3.197012186050415, 3.2606568336486816, 3.5778377056121826, 3.519944429397583, 3.7890591621398926];[0.4225103259086609, 0.6488015651702881, 0.6877610087394714, 0.8219083547592163, 0.862608015537262, 0.9078675508499146];[-2.153245210647583, -3.063685417175293, -3.472992420196533, -4.4404296875, -4.7724738121032715, -5.490159511566162];[1.3664191961288452, 0.8896369338035583, 0.8226916790008545, 0.840000569820404, 0.8394606709480286];311.3878207206726
3450;[3.4317879676818848, 2.7561917304992676, 2.8127713203430176, 3.064403533935547, 3.114541530609131, 3.1010868549346924];[0.42851898074150085, 0.3601120710372925, 0.6007274985313416, 0.7096556425094604, 0.7850226759910583, 0.8349500894546509];[-2.1599225997924805, -2.0149106979370117, -2.870931625366211, -3.4492099285125732, -3.9388508796691895, -4.354189395904541];[1.359683632850647, 0.9938675761222839, 0.8936954140663147, 0.810415506362915, 0.8258562684059143];313.0445547103882
3500;[3.43996524810791, 3.0307631492614746, 3.2751986980438232, 3.832136869430542, 4.302831172943115, 4.438189506530762];[0.4161004424095154, 0.35401681065559387, 0.39447900652885437, 0.693507730960846, 0.8481229543685913, 0.9256447553634644];[-2.1366357803344727, -2.0374152660369873, -2.0771212577819824, -3.0751709938049316, -4.763338088989258, -5.759430885314941];[1.510897159576416, 1.3893662691116333, 1.3732770681381226, 1.115659236907959, 0.9579802751541138];310.3177046775818
3550;[3.530898094177246, 3.9845223426818848, 3.7000296115875244, 3.671088218688965, 3.602708578109741, 3.7572743892669678];[0.4299246668815613, 0.7913419008255005, 0.7610764503479004, 0.804058313369751, 0.8116776347160339, 0.8399311900138855];[-2.201012134552002, -4.297752857208252, -3.897023916244507, -4.318502902984619, -4.293166637420654, -4.638699054718018];[1.4692564010620117, 0.9423788785934448, 0.8607916235923767, 0.8402140736579895, 0.8550686240196228];314.7769854068756
3600;[3.4477524757385254, 3.245306968688965, 2.9719157218933105, 3.2622768878936768, 3.4264354705810547, 3.516205310821533];[0.4325738847255707, 0.6281349062919617, 0.6938855051994324, 0.8275632858276367, 0.8649174571037292, 0.9125125408172607];[-2.174731731414795, -3.016852855682373, -3.444730281829834, -4.4366536140441895, -4.837062358856201, -5.297918319702148];[1.6281895637512207, 0.8962252140045166, 0.8268296718597412, 0.8164399266242981, 0.8373559713363647];305.75675535202026
3650;[3.540844678878784, 2.9581992626190186, 2.7136290073394775, 2.5601377487182617, 2.4730846881866455, 2.7775473594665527];[0.4399881660938263, 0.37275999784469604, 0.35413074493408203, 0.3277932107448578, 0.3433627188205719, 0.3978305160999298];[-2.20306396484375, -2.0292012691497803, -2.0129594802856445, -1.9991016387939453, -2.128387212753296, -2.6602587699890137];[1.4857816696166992, 1.199222207069397, 1.1110883951187134, 0.9150165915489197, 0.817100465297699];308.38301849365234
3700;[3.4027581214904785, 2.725682020187378, 2.4898040294647217, 2.4400978088378906, 2.472682237625122, 2.4633328914642334];[0.43114277720451355, 0.33931052684783936, 0.3160126507282257, 0.3463982939720154, 0.3712412714958191, 0.36866986751556396];[-2.1527085304260254, -1.9559316635131836, -1.878751277923584, -1.9728856086730957, -2.028472900390625, -2.0293924808502197];[1.4258722066879272, 0.9738351702690125, 0.9108542799949646, 0.8702576160430908, 0.8729072213172913];312.21200013160706
3750;[3.417722225189209, 2.7903811931610107, 2.503204584121704, 2.6366183757781982, 2.9090704917907715, 3.3301191329956055];[0.4201606214046478, 0.32700735330581665, 0.30849429965019226, 0.42466890811920166, 0.5657493472099304, 0.7604894042015076];[-2.120706558227539, -1.9410107135772705, -1.8374484777450562, -2.1055426597595215, -2.7005186080932617, -3.7658560276031494];[1.5076102018356323, 1.1218129396438599, 0.9922105669975281, 0.9645341634750366, 0.9435886740684509];312.96471786499023
3800;[3.5380775928497314, 2.6386733055114746, 2.3812239170074463, 2.321363925933838, 2.037728786468506, 2.294999599456787];[0.4449352025985718, 0.3153754472732544, 0.27242711186408997, 0.26712754368782043, 0.232987642288208, 0.2877642512321472];[-2.1953392028808594, -1.9010545015335083, -1.797348141670227, -1.778110146522522, -1.6226838827133179, -1.8610862493515015];[1.437378168106079, 1.0789403915405273, 0.9098895788192749, 0.8972518444061279, 0.8336657285690308];314.1638488769531
3850;[3.3782663345336914, 3.431583881378174, 3.7337570190429688, 3.68342661857605, 3.8871910572052, 3.944417953491211];[0.43335577845573425, 0.7391830682754517, 0.7999423742294312, 0.884086549282074, 0.9049482941627502, 0.9768728017807007];[-2.1257143020629883, -3.6396167278289795, -4.331151485443115, -5.071444511413574, -5.379722595214844, -6.213208198547363];[1.3927130699157715, 0.8781447410583496, 0.888078510761261, 0.8793238997459412, 0.864749014377594];310.56023645401
3900;[3.400075674057007, 3.058922529220581, 2.973328113555908, 3.0584535598754883, 2.903005361557007, 2.980170249938965];[0.42518237233161926, 0.6738855242729187, 0.7256692051887512, 0.7509384155273438, 0.7607647180557251, 0.8047614693641663];[-2.1462230682373047, -3.2557339668273926, -3.658046007156372, -3.879210948944092, -3.8754096031188965, -4.201318740844727];[1.5412731170654297, 0.8945037126541138, 0.8639777302742004, 0.8307464122772217, 0.8109941482543945];311.8419997692108
3950;[3.5219907760620117, 2.5865437984466553, 2.224635362625122, 2.534949541091919, 2.287803888320923, 2.550459861755371];[0.43788301944732666, 0.30166590213775635, 0.279268741607666, 0.3076294958591461, 0.2751752436161041, 0.3128061294555664];[-2.1906542778015137, -1.8758785724639893, -1.7878865003585815, -1.9843610525131226, -1.817735195159912, -2.0178539752960205];[1.4576197862625122, 1.0201901197433472, 0.937597930431366, 0.9434362053871155, 0.8754073977470398];314.4875605106354
4000;[3.4889564514160156, 3.0153160095214844, 2.7391104698181152, 2.7041091918945312, 2.5258076190948486, 2.4761972427368164];[0.419704794883728, 0.34452545642852783, 0.41257962584495544, 0.4700666666030884, 0.4414454400539398, 0.48015716671943665];[-2.1676790714263916, -1.9906889200210571, -2.12697172164917, -2.360525608062744, -2.2840700149536133, -2.391622543334961];[1.4340693950653076, 1.3690152168273926, 0.9408600330352783, 0.8299043774604797, 0.8009876012802124];308.45408272743225
4050;[3.568859577178955, 2.7332603931427, 2.5664007663726807, 2.354609966278076, 2.2943146228790283, 2.3890225887298584];[0.4272952973842621, 0.32209688425064087, 0.30590909719467163, 0.2799108028411865, 0.2778317332267761, 0.3067648708820343];[-2.2002525329589844, -1.952167272567749, -1.9212919473648071, -1.8008122444152832, -1.8070427179336548, -1.8840625286102295];[1.3979111909866333, 1.0024317502975464, 0.9451931715011597, 0.8711525201797485, 0.8650969862937927];309.958194732666
4100;[3.4559199810028076, 2.844055652618408, 2.4544668197631836, 2.3702378273010254, 2.476914167404175, 2.4524848461151123];[0.43601733446121216, 0.4466469883918762, 0.43887263536453247, 0.4696224629878998, 0.5611332058906555, 0.5648760795593262];[-2.1943347454071045, -2.254756212234497, -2.291182279586792, -2.44356107711792, -2.8262219429016113, -2.819164752960205];[1.4656541347503662, 0.9115768671035767, 0.7845105528831482, 0.7154771685600281, 0.7133193612098694];312.87637758255005
4150;[3.433300495147705, 2.5845348834991455, 2.4427623748779297, 2.492053508758545, 2.3137598037719727, 2.258251190185547];[0.4243253767490387, 0.3237532377243042, 0.3112971782684326, 0.3463045656681061, 0.3246994614601135, 0.33010226488113403];[-2.129598617553711, -1.8784303665161133, -1.9744653701782227, -2.234448194503784, -2.128082036972046, -2.1565279960632324];[1.4008816480636597, 1.0179364681243896, 0.8571923971176147, 0.7780314683914185, 0.767312228679657];312.19813776016235
4200;[3.552973985671997, 2.5151607990264893, 2.6804566383361816, 2.6744227409362793, 2.7685937881469727, 2.9525105953216553];[0.4355594515800476, 0.40323302149772644, 0.477505087852478, 0.5192947387695312, 0.628312885761261, 0.7054927349090576];[-2.2056286334991455, -2.0487585067749023, -2.385679244995117, -2.533707618713379, -2.9623498916625977, -3.441563367843628];[1.4416403770446777, 0.9293462634086609, 0.8554040789604187, 0.7982403039932251, 0.7867222428321838];311.91775703430176
4250;[3.439617872238159, 2.6184327602386475, 2.4139838218688965, 2.366436004638672, 2.2474145889282227, 2.429722785949707];[0.4486544132232666, 0.29589828848838806, 0.3403700888156891, 0.3595326542854309, 0.3720305562019348, 0.44908589124679565];[-2.158219337463379, -1.875669240951538, -1.9567443132400513, -2.0238430500030518, -2.0135715007781982, -2.255078077316284];[1.4138010740280151, 0.9752258658409119, 0.8943753838539124, 0.8530381917953491, 0.8586165308952332];312.80735445022583
4300;[3.4404165744781494, 2.6427674293518066, 2.453044891357422, 2.4321658611297607, 2.5608768463134766, 2.3259832859039307];[0.4380873441696167, 0.3212115168571472, 0.31217092275619507, 0.29049384593963623, 0.3283710777759552, 0.3046569228172302];[-2.167135715484619, -1.9418351650238037, -1.9281333684921265, -1.8730636835098267, -2.030975818634033, -1.9004278182983398];[1.4293386936187744, 0.977451741695404, 0.9238297939300537, 0.9017809629440308, 0.8909942507743835];312.3991754055023
4350;[3.5066659450531006, 3.167142629623413, 3.355801582336426, 3.5004868507385254, 3.5997347831726074, 3.8200478553771973];[0.42971107363700867, 0.6861392259597778, 0.738228976726532, 0.8518017530441284, 0.8877435326576233, 0.9342039823532104];[-2.201038360595703, -3.302238941192627, -3.7581000328063965, -4.640531539916992, -5.105260848999023, -5.615036964416504];[1.4041314125061035, 0.8769121170043945, 0.8849013447761536, 0.8567675948143005, 0.8624609112739563];309.3009991645813
4400;[3.388012409210205, 2.8765382766723633, 2.552140235900879, 2.5747334957122803, 2.532167911529541, 2.719611406326294];[0.43449947237968445, 0.35310906171798706, 0.35333916544914246, 0.41279399394989014, 0.4679945707321167, 0.6001349091529846];[-2.1369526386260986, -2.093050718307495, -2.0109052658081055, -2.1683149337768555, -2.303462505340576, -2.806481122970581];[1.4521327018737793, 1.0675896406173706, 0.8780719041824341, 0.8495010733604431, 0.8498756885528564];311.19433403015137
4450;[3.46403431892395, 3.8591670989990234, 4.261396884918213, 4.805684566497803, 5.162653923034668, 5.367701053619385];[0.4295528829097748, 0.8004197478294373, 0.9404875636100769, 1.0499067306518555, 1.09413480758667, 1.1380641460418701];[-2.17692232131958, -4.143062114715576, -5.917834281921387, -7.722215175628662, -8.712303161621094, -9.656540870666504];[1.5305474996566772, 0.9443852305412292, 0.9137802720069885, 0.9024524688720703, 0.9190080165863037];310.8740613460541
4500;[3.435029983520508, 2.6639151573181152, 2.6291792392730713, 2.9516496658325195, 2.883388042449951, 3.0294101238250732];[0.4312841594219208, 0.34329020977020264, 0.4824800491333008, 0.6545664072036743, 0.6782162189483643, 0.7760883569717407];[-2.1519405841827393, -1.9219404458999634, -2.3245298862457275, -3.1724963188171387, -3.364764928817749, -3.8984947204589844];[1.4830230474472046, 1.0643203258514404, 0.87497478723526, 0.8578108549118042, 0.8552337884902954];311.63862013816833
4550;[3.4912192821502686, 3.534343957901001, 3.6167171001434326, 3.446359157562256, 3.5468547344207764, 3.7008211612701416];[0.41575321555137634, 0.7318376898765564, 0.7742632627487183, 0.787985622882843, 0.841958224773407, 0.9554157257080078];[-2.1820414066314697, -3.473698616027832, -3.9038875102996826, -4.099452495574951, -4.634582042694092, -5.574668884277344];[1.4108039140701294, 0.9287023544311523, 0.8470346927642822, 0.8097256422042847, 0.8938865065574646];312.62428045272827
4600;[3.322650909423828, 2.661984443664551, 2.4339587688446045, 2.353452444076538, 2.4078595638275146, 2.428694725036621];[0.43635958433151245, 0.3052520751953125, 0.2995595633983612, 0.28414231538772583, 0.2809498906135559, 0.2779071629047394];[-2.133258819580078, -1.8855184316635132, -1.8487151861190796, -1.780641794204712, -1.8111677169799805, -1.8326122760772705];[1.4707304239273071, 1.092544674873352, 0.9752191305160522, 0.9232697486877441, 0.9085536003112793];314.5976734161377
4650;[3.4254584312438965, 2.5966360569000244, 2.5178918838500977, 2.4461536407470703, 2.5669615268707275, 2.598898410797119];[0.4274805188179016, 0.3005765974521637, 0.3786603510379791, 0.4404177665710449, 0.48417261242866516, 0.5384209156036377];[-2.1472837924957275, -1.8377000093460083, -2.0491456985473633, -2.2653825283050537, -2.4218156337738037, -2.6816952228546143];[1.4355543851852417, 1.0546472072601318, 0.8896239995956421, 0.8717517852783203, 0.854131817817688];311.361474275589
4700;[3.4441146850585938, 3.02217960357666, 2.7617619037628174, 2.6130409240722656, 2.7592036724090576, 2.58966326713562];[0.4355427324771881, 0.3727697730064392, 0.39650067687034607, 0.4344848096370697, 0.5207864046096802, 0.5254586338996887];[-2.167985439300537, -2.000460147857666, -2.1220736503601074, -2.210083484649658, -2.5457749366760254, -2.533863067626953];[1.4566947221755981, 1.2745826244354248, 0.9563011527061462, 0.9236418008804321, 0.9541736245155334];311.16133427619934
4750;[3.427764654159546, 2.588024139404297, 2.5100088119506836, 2.746809959411621, 2.7689318656921387, 2.9376070499420166];[0.43967872858047485, 0.3021537661552429, 0.3705129027366638, 0.4522938132286072, 0.5761091113090515, 0.7077885270118713];[-2.1648216247558594, -1.8363393545150757, -1.9841527938842773, -2.2718119621276855, -2.6825828552246094, -3.361876964569092];[1.4229375123977661, 1.116765022277832, 0.9293326139450073, 0.9550048112869263, 0.9346244931221008];316.18708872795105
4800;[3.6132876873016357, 3.249879837036133, 3.233567953109741, 3.2241110801696777, 3.322115898132324, 3.314340353012085];[0.43190473318099976, 0.7704218029975891, 0.8075700402259827, 0.8098459243774414, 0.8435534238815308, 0.8674142956733704];[-2.2278809547424316, -3.8857598304748535, -4.408987998962402, -4.453761577606201, -4.718019008636475, -5.155434608459473];[1.4324054718017578, 0.9125733375549316, 0.841106653213501, 0.8448830842971802, 0.842430055141449];311.7695302963257
4850;[3.4939403533935547, 4.4943037033081055, 4.815859794616699, 5.250621318817139, 5.453688621520996, 5.664571762084961];[0.42048031091690063, 0.9554627537727356, 0.9627251029014587, 1.0893498659133911, 1.1198477745056152, 1.131165623664856];[-2.1906533241271973, -5.965890884399414, -6.996882915496826, -9.084395408630371, -9.883929252624512, -10.151496887207031];[1.401949405670166, 0.9276594519615173, 0.9384932518005371, 0.8735234141349792, 0.8832547664642334];317.1733543872833
4900;[3.500035047531128, 2.827397346496582, 2.435105800628662, 2.389343738555908, 2.4644980430603027, 2.5145716667175293];[0.43954998254776, 0.3401690423488617, 0.3122701644897461, 0.3410506546497345, 0.36569303274154663, 0.3745603859424591];[-2.187502145767212, -1.970062494277954, -1.9046154022216797, -2.0742218494415283, -2.278012275695801, -2.3540098667144775];[1.4528001546859741, 1.3423367738723755, 0.9040206074714661, 0.8533629775047302, 0.8195359110832214];312.7686789035797
4950;[3.6074352264404297, 3.3968284130096436, 3.3322129249572754, 3.286330461502075, 3.359750747680664, 3.38224196434021];[0.4442906975746155, 0.7472131252288818, 0.8171694278717041, 0.8128486275672913, 0.8818644881248474, 0.9209706783294678];[-2.2326273918151855, -3.8894169330596924, -4.440845012664795, -4.483170986175537, -5.152635097503662, -5.621720790863037];[1.477205514907837, 0.8575901389122009, 0.8065231442451477, 0.7740725874900818, 0.8092180490493774];311.144935131073
5000;[3.4515857696533203, 2.6273961067199707, 2.6696889400482178, 2.5637142658233643, 2.601330041885376, 2.5149340629577637];[0.4284898042678833, 0.3066655099391937, 0.3345678448677063, 0.3424667418003082, 0.34362971782684326, 0.2957022488117218];[-2.155395984649658, -1.8410724401474, -1.898267388343811, -1.892134666442871, -1.9198240041732788, -1.8138844966888428];[1.4226378202438354, 1.2057650089263916, 1.1945768594741821, 1.0983209609985352, 1.0411525964736938];311.2494251728058
5050;[3.4448494911193848, 3.2161710262298584, 3.4057273864746094, 3.7543745040893555, 4.0066819190979, 4.098156452178955];[0.42627382278442383, 0.628149151802063, 0.783638060092926, 0.882468044757843, 0.9852005243301392, 0.9734972715377808];[-2.140512466430664, -3.010784149169922, -4.027292251586914, -5.0315327644348145, -6.287384986877441, -6.378711700439453];[1.4337881803512573, 0.870109498500824, 0.8530877828598022, 0.8628159165382385, 0.8289201259613037];325.2094099521637
5100;[3.3854267597198486, 2.825648784637451, 2.6266658306121826, 2.6221818923950195, 2.7615249156951904, 3.1666324138641357];[0.4483056366443634, 0.32457494735717773, 0.3015384078025818, 0.3639955222606659, 0.511638879776001, 0.7102136015892029];[-2.1356468200683594, -1.9512959718704224, -1.875382423400879, -1.9939303398132324, -2.3937764167785645, -3.381105661392212];[1.449776530265808, 1.1268160343170166, 0.993468165397644, 0.9435299634933472, 0.9687979221343994];318.2778480052948
5150;[3.388988733291626, 2.7637577056884766, 2.565817356109619, 2.692962884902954, 2.722853899002075, 2.6858320236206055];[0.42629897594451904, 0.35941746830940247, 0.4818079173564911, 0.5306950807571411, 0.5749498009681702, 0.6163651347160339];[-2.144418954849243, -2.0291452407836914, -2.317965269088745, -2.620180368423462, -2.8094592094421387, -3.0608558654785156];[1.36872398853302, 1.0900593996047974, 0.877920389175415, 0.8310393691062927, 0.8169092535972595];330.9242527484894
5200;[3.482097625732422, 3.445275068283081, 3.5546627044677734, 3.598494291305542, 3.694504737854004, 3.7035274505615234];[0.44505175948143005, 0.7775757312774658, 0.8375608921051025, 0.8483650088310242, 0.9149652719497681, 0.9729892611503601];[-2.1873252391815186, -3.951145887374878, -4.776125907897949, -5.118841171264648, -5.714760780334473, -6.345892906188965];[1.5042283535003662, 0.9146397709846497, 0.8814851641654968, 0.8288301825523376, 0.8105945587158203];332.12507462501526
5250;[3.4543895721435547, 2.600980520248413, 2.5217909812927246, 2.820026159286499, 3.2389817237854004, 3.683882713317871];[0.4224918782711029, 0.3050697147846222, 0.37642592191696167, 0.4787846803665161, 0.6660709381103516, 0.8763597011566162];[-2.180452346801758, -1.8522404432296753, -1.9726098775863647, -2.3460848331451416, -3.1581084728240967, -4.561509609222412];[1.4530771970748901, 1.0503824949264526, 0.9293546080589294, 0.9289255738258362, 0.933164656162262];316.2336678504944
5300;[3.384072780609131, 2.4834671020507812, 2.8615360260009766, 3.017813205718994, 3.2590365409851074, 3.4928276538848877];[0.43511489033699036, 0.2888880670070648, 0.47478392720222473, 0.6564102172851562, 0.8104994893074036, 0.8703207969665527];[-2.12966251373291, -1.8033527135849, -2.298543691635132, -3.0829362869262695, -4.165301322937012, -4.907472133636475];[1.460091233253479, 1.131123423576355, 0.9193257689476013, 0.8153091073036194, 0.7924904227256775];319.21733927726746
5350;[3.5128014087677, 3.4560201168060303, 3.4904625415802, 3.7430756092071533, 4.185042381286621, 4.457211971282959];[0.43577641248703003, 0.7195204496383667, 0.7600401043891907, 0.8836145997047424, 0.9976625442504883, 1.0649096965789795];[-2.1909666061401367, -3.432650327682495, -3.865309953689575, -4.960838794708252, -6.353026390075684, -7.553506851196289];[1.381511926651001, 0.8998339772224426, 0.9222864508628845, 0.8589411973953247, 0.8442270755767822];315.8174834251404
5400;[3.4227616786956787, 2.606358289718628, 2.6198222637176514, 2.6492421627044678, 2.5599312782287598, 2.4911389350891113];[0.419302374124527, 0.3354448676109314, 0.4257374703884125, 0.4897170662879944, 0.5519027709960938, 0.6211368441581726];[-2.13055157661438, -1.8990299701690674, -2.2067036628723145, -2.4445977210998535, -2.69313383102417, -2.907649517059326];[1.4129160642623901, 1.0430306196212769, 0.8752495050430298, 0.8236841559410095, 0.8169797658920288];325.784903049469
5450;[3.4153659343719482, 3.1217336654663086, 2.901282548904419, 2.794107675552368, 2.5578598976135254, 2.5718612670898438];[0.42600539326667786, 0.5702346563339233, 0.4899655282497406, 0.5219601988792419, 0.5040467977523804, 0.5125400424003601];[-2.1372056007385254, -2.6005239486694336, -2.353525161743164, -2.4746627807617188, -2.4264605045318604, -2.5276386737823486];[1.4338716268539429, 1.0229851007461548, 0.9592236280441284, 0.8698484301567078, 0.8203782439231873];315.9654173851013
5500;[3.3816285133361816, 2.6298913955688477, 2.4935531616210938, 2.5877676010131836, 2.744654893875122, 2.783947467803955];[0.43203434348106384, 0.36101362109184265, 0.43137890100479126, 0.5039562582969666, 0.5630766749382019, 0.6590794324874878];[-2.147369146347046, -2.013786792755127, -2.188692092895508, -2.432671308517456, -2.704820394515991, -3.171210765838623];[1.4411567449569702, 0.9581847786903381, 0.8922950029373169, 0.870567798614502, 0.863332986831665];316.59610533714294
5550;[3.5486812591552734, 2.718467950820923, 2.644005298614502, 2.531324863433838, 2.693014621734619, 2.636399269104004];[0.4252362549304962, 0.32594650983810425, 0.37108883261680603, 0.3871755003929138, 0.42336782813072205, 0.42409396171569824];[-2.1902449131011963, -1.9385112524032593, -2.000678539276123, -2.025085926055908, -2.156465530395508, -2.138293981552124];[1.4547945261001587, 1.2266192436218262, 0.9805542826652527, 0.9511827230453491, 0.9355446100234985];330.28147172927856
5600;[3.37861967086792, 2.739410400390625, 2.6899304389953613, 2.454327344894409, 2.4946107864379883, 2.5301170349121094];[0.4175051152706146, 0.3517061769962311, 0.4269546568393707, 0.4816647171974182, 0.4639189839363098, 0.5290446877479553];[-2.123978853225708, -1.9443905353546143, -2.279919385910034, -2.347531795501709, -2.377641201019287, -2.6465957164764404];[1.3982077836990356, 1.058905005455017, 0.875068187713623, 0.8233888745307922, 0.8390421867370605];316.7424716949463
5650;[3.4458436965942383, 3.5426952838897705, 3.5542502403259277, 3.9460244178771973, 4.10060977935791, 4.427487373352051];[0.4161941409111023, 0.7867922186851501, 0.8115063309669495, 0.931622326374054, 0.9776779413223267, 1.041436791419983];[-2.1508853435516357, -4.052786827087402, -4.33378791809082, -5.830169200897217, -6.607670783996582, -7.624860763549805];[1.3682698011398315, 0.888680636882782, 0.8347960114479065, 0.8135389685630798, 0.7910156846046448];320.79276871681213
5700;[3.518735647201538, 3.125612497329712, 2.888315200805664, 2.8509087562561035, 3.07218337059021, 3.1220176219940186];[0.42927441000938416, 0.6769363880157471, 0.7119843363761902, 0.7085846066474915, 0.7602194547653198, 0.7539064884185791];[-2.1884829998016357, -3.267456531524658, -3.4301373958587646, -3.5546987056732178, -3.892894744873047, -4.083533763885498];[1.4380441904067993, 0.862220287322998, 0.8752123117446899, 0.8359799981117249, 0.8606197237968445];337.334969997406
5750;[3.495710849761963, 2.5582170486450195, 2.465674877166748, 2.328556776046753, 2.4776885509490967, 2.404939889907837];[0.43353694677352905, 0.3053245544433594, 0.298054963350296, 0.29116499423980713, 0.3047010898590088, 0.3021247088909149];[-2.173147678375244, -1.8640795946121216, -1.9177565574645996, -1.8894665241241455, -1.9356216192245483, -1.9235281944274902];[1.4409122467041016, 0.9949352741241455, 0.952694833278656, 0.8750050067901611, 0.9299160242080688];318.73191356658936
5800;[3.6056039333343506, 4.3694539070129395, 4.693760871887207, 4.983254909515381, 5.148861408233643, 5.40131950378418];[0.4248155355453491, 0.8704777359962463, 0.9951449036598206, 1.062641978263855, 1.0697503089904785, 1.1296100616455078];[-2.218609094619751, -4.882879257202148, -7.065229415893555, -8.258877754211426, -8.700494766235352, -9.827519416809082];[1.4767940044403076, 0.9600536227226257, 0.8891783952713013, 0.8762194514274597, 0.8322337865829468];312.90657591819763
5850;[3.4156088829040527, 2.858191728591919, 2.623655319213867, 2.9505302906036377, 3.239492177963257, 3.741952657699585];[0.4235422909259796, 0.33664220571517944, 0.345854789018631, 0.5457037687301636, 0.6878736615180969, 0.8675801753997803];[-2.141894578933716, -1.983129620552063, -1.9361965656280518, -2.6039233207702637, -3.4323878288269043, -4.722166061401367];[1.443084716796875, 1.1405094861984253, 0.9394097924232483, 0.9006825089454651, 0.8445371985435486];331.96417713165283
5900;[3.505112886428833, 4.308528423309326, 4.692537784576416, 5.171660900115967, 5.524892807006836, 5.692190647125244];[0.42549750208854675, 0.8319291472434998, 0.9638577699661255, 1.0631300210952759, 1.1446104049682617, 1.1591582298278809];[-2.1845786571502686, -4.654320240020752, -6.229248046875, -8.352858543395996, -10.061306953430176, -10.721147537231445];[1.3579738140106201, 0.9251664876937866, 0.8519248962402344, 0.8495373129844666, 0.8353716731071472];325.7532835006714
5950;[3.426513195037842, 2.742568016052246, 2.2866933345794678, 2.5591957569122314, 2.4067041873931885, 2.3883869647979736];[0.42651665210723877, 0.31933972239494324, 0.3187512755393982, 0.3673361837863922, 0.4044916033744812, 0.40587207674980164];[-2.1390936374664307, -1.898525357246399, -1.8444613218307495, -2.115849256515503, -2.180234432220459, -2.227726459503174];[1.4238390922546387, 1.162437915802002, 0.8842751979827881, 0.8611351847648621, 0.8356986045837402];319.3313934803009
6000;[3.5324230194091797, 4.081762790679932, 4.315577983856201, 4.604912281036377, 4.688125133514404, 4.907436370849609];[0.4432600140571594, 0.8383787870407104, 0.9716375470161438, 1.0174853801727295, 1.04671049118042, 1.0916624069213867];[-2.2023110389709473, -4.731386661529541, -6.375463008880615, -7.448074817657471, -7.917848587036133, -8.673912048339844];[1.4273957014083862, 0.9634454846382141, 0.904229998588562, 0.8575378060340881, 0.8905898332595825];330.79544854164124
6050;[3.525528907775879, 3.8733839988708496, 4.1118059158325195, 4.454975128173828, 4.771229267120361, 4.928085803985596];[0.42639636993408203, 0.7984734773635864, 0.9100135564804077, 0.9825636148452759, 1.0493038892745972, 1.0949920415878296];[-2.1861791610717773, -4.226995468139648, -5.519056797027588, -6.710567951202393, -7.701381683349609, -8.721348762512207];[1.4476920366287231, 0.9208690524101257, 0.9024744033813477, 0.9549375772476196, 0.8987365961074829];322.36248230934143
6100;[3.5386545658111572, 3.60323429107666, 3.930286169052124, 4.30974817276001, 4.471574306488037, 4.592965602874756];[0.42927420139312744, 0.7604495286941528, 0.8118841052055359, 1.0056960582733154, 1.0248239040374756, 1.0592273473739624];[-2.185875177383423, -3.818145990371704, -4.74940299987793, -6.375043869018555, -7.095718860626221, -7.58495569229126];[1.444501519203186, 0.8991345763206482, 0.8975895643234253, 0.8492573499679565, 0.8273617029190063];317.5169825553894
6150;[3.391819715499878, 4.1844611167907715, 4.873597621917725, 4.992896556854248, 5.6903815269470215, 5.922518253326416];[0.4235442280769348, 0.8397091031074524, 0.9713502526283264, 1.027366042137146, 1.1466925144195557, 1.1584489345550537];[-2.118706703186035, -4.699800491333008, -6.656337738037109, -7.735572814941406, -9.880995750427246, -10.786055564880371];[1.579514980316162, 0.9541195034980774, 0.9213162064552307, 0.8642027378082275, 0.8634545207023621];317.20364260673523
6200;[3.3767919540405273, 4.734096050262451, 5.674482822418213, 6.113358020782471, 6.338319301605225, 7.12942361831665];[0.4224041700363159, 0.8941792845726013, 1.101966142654419, 1.1163688898086548, 1.1849970817565918, 1.2634271383285522];[-2.12829852104187, -5.6612114906311035, -9.556432723999023, -10.790205001831055, -12.611162185668945, -14.061105728149414];[1.4089769124984741, 0.958076536655426, 0.8819541931152344, 0.867539644241333, 0.8901575207710266];325.44275307655334
6250;[3.4127135276794434, 4.075077056884766, 4.204615592956543, 4.291175365447998, 4.440960884094238, 4.6272478103637695];[0.4282115697860718, 0.8184912204742432, 0.9381583333015442, 1.0194382667541504, 1.0831568241119385, 1.0782219171524048];[-2.147883415222168, -4.523909568786621, -6.0843505859375, -7.352254867553711, -8.189098358154297, -8.608132362365723];[1.4660993814468384, 0.9190757870674133, 0.8289709091186523, 0.809177577495575, 0.8007439374923706];322.0280456542969
6300;[3.496427297592163, 2.889298915863037, 2.5922555923461914, 2.909952163696289, 3.191452741622925, 3.400806188583374];[0.44612348079681396, 0.34340694546699524, 0.36065948009490967, 0.5620056986808777, 0.7325308322906494, 0.8141800761222839];[-2.1842172145843506, -2.008803606033325, -1.9783415794372559, -2.6280031204223633, -3.5537030696868896, -4.239225387573242];[1.492900013923645, 1.1966487169265747, 0.9761325120925903, 0.8901114463806152, 0.8719868063926697];316.1869194507599
6350;[3.510988473892212, 2.96120285987854, 2.8568320274353027, 3.015885353088379, 3.167106866836548, 3.3168327808380127];[0.4416903555393219, 0.38832324743270874, 0.4920063316822052, 0.6300405859947205, 0.7448941469192505, 0.8511136770248413];[-2.1968064308166504, -2.134598970413208, -2.452934741973877, -2.9682343006134033, -3.688692569732666, -4.6578288078308105];[1.4573240280151367, 1.1038296222686768, 0.8928487300872803, 0.8476449251174927, 0.8333064317703247];335.29104256629944
6400;[3.5146305561065674, 2.884721279144287, 3.129127025604248, 3.217120885848999, 3.417792797088623, 3.482083797454834];[0.43778032064437866, 0.33507969975471497, 0.4756616950035095, 0.7080783843994141, 0.8306474685668945, 0.8403321504592896];[-2.175811529159546, -1.9598796367645264, -2.29892635345459, -3.409791946411133, -4.327055931091309, -4.566797733306885];[1.3885265588760376, 1.3263988494873047, 1.0473909378051758, 0.874406635761261, 0.8473943471908569];324.99032521247864
6450;[3.491072177886963, 2.993436574935913, 2.4946017265319824, 2.4763028621673584, 2.329326868057251, 2.4051499366760254];[0.41797226667404175, 0.3890816867351532, 0.33405596017837524, 0.39867183566093445, 0.41411516070365906, 0.44578227400779724];[-2.1565778255462646, -2.088399648666382, -1.9506359100341797, -2.2284324169158936, -2.2979447841644287, -2.429769515991211];[1.417178988456726, 1.1275303363800049, 0.9039214849472046, 0.8162275552749634, 0.7841764092445374];317.00313353538513
6500;[3.45418643951416, 3.640965223312378, 3.69925594329834, 3.8389227390289307, 3.8172318935394287, 3.9896464347839355];[0.42215070128440857, 0.7992660403251648, 0.8770656585693359, 0.9232339262962341, 0.9278700947761536, 0.9644789099693298];[-2.1604888439178467, -3.969656467437744, -4.903011322021484, -5.593510627746582, -5.733768939971924, -6.1474127769470215];[1.5230666399002075, 0.8972964882850647, 0.8621209263801575, 0.84920734167099, 0.8412197232246399];317.1551616191864
6550;[3.4759461879730225, 3.125333070755005, 2.596627950668335, 2.713207960128784, 2.533578872680664, 2.3142268657684326];[0.43682122230529785, 0.38384315371513367, 0.3344030976295471, 0.3785034716129303, 0.35323280096054077, 0.3408673107624054];[-2.1770341396331787, -2.090001106262207, -1.941090703010559, -2.3109335899353027, -2.21563982963562, -2.213207721710205];[1.547082781791687, 1.2226495742797852, 0.9767900109291077, 0.8249841928482056, 0.7746617197990417];321.66436743736267
6600;[3.4148435592651367, 2.9025895595550537, 2.929499626159668, 3.420095443725586, 3.796682834625244, 3.9984748363494873];[0.4393862783908844, 0.31720682978630066, 0.4502898156642914, 0.6578629016876221, 0.8053974509239197, 0.8769088983535767];[-2.1478524208068848, -1.913819670677185, -2.1911630630493164, -3.0894031524658203, -4.209762096405029, -4.954710483551025];[1.4754189252853394, 1.3262765407562256, 1.0214436054229736, 0.970251739025116, 0.994007408618927];329.2394914627075
6650;[3.355729818344116, 2.8429322242736816, 2.535024881362915, 2.4441006183624268, 2.5540614128112793, 2.569654703140259];[0.4229552149772644, 0.35774049162864685, 0.3456456959247589, 0.3967891335487366, 0.5007160305976868, 0.5328138470649719];[-2.1251649856567383, -2.040215492248535, -2.0032036304473877, -2.1183855533599854, -2.507065534591675, -2.657867193222046];[1.5908465385437012, 1.1206141710281372, 0.901663064956665, 0.8519529104232788, 0.7950949668884277];318.1851010322571
6700;[3.38685941696167, 2.943380832672119, 2.5632684230804443, 2.2191450595855713, 2.3177742958068848, 2.2830755710601807];[0.41247639060020447, 0.3357565104961395, 0.3137301802635193, 0.30395710468292236, 0.3564966022968292, 0.35471269488334656];[-2.1057310104370117, -1.9084303379058838, -1.919284462928772, -1.8195406198501587, -2.0125367641448975, -2.070568799972534];[1.4227871894836426, 1.3495596647262573, 0.9296427965164185, 0.8669425845146179, 0.840732991695404];325.2319869995117
6750;[3.471536874771118, 2.673339605331421, 2.4323344230651855, 2.3736307621002197, 2.578629970550537, 2.838517427444458];[0.44458886981010437, 0.30683866143226624, 0.33621442317962646, 0.3889930844306946, 0.45154044032096863, 0.541834831237793];[-2.16890025138855, -1.870855450630188, -1.919619083404541, -2.0581278800964355, -2.2948825359344482, -2.6864099502563477];[1.4636619091033936, 0.9870647192001343, 0.9104742407798767, 0.863451361656189, 0.8990045189857483];326.6785547733307
6800;[3.47160005569458, 3.2387466430664062, 3.2525014877319336, 3.283611536026001, 3.4789540767669678, 3.696340799331665];[0.42987900972366333, 0.6919968128204346, 0.7979718446731567, 0.8226763010025024, 0.9380934238433838, 0.899331271648407];[-2.1651411056518555, -3.367551565170288, -4.187319755554199, -4.3928632736206055, -5.407262325286865, -5.478895664215088];[1.4529064893722534, 0.8730791807174683, 0.8549308776855469, 0.8550992012023926, 0.8452015519142151];317.3896782398224
6850;[3.4110498428344727, 3.7387075424194336, 3.958195686340332, 3.997610330581665, 4.176136493682861, 4.489185333251953];[0.4251982867717743, 0.8121567964553833, 0.9398428797721863, 0.9161826372146606, 1.013030767440796, 1.0266268253326416];[-2.153019666671753, -4.312023639678955, -5.826055526733398, -5.731998920440674, -6.758388042449951, -7.674098491668701];[1.4922515153884888, 0.9266652464866638, 0.8589035868644714, 0.9029785394668579, 0.8464639782905579];332.974027633667
6900;[3.5187079906463623, 2.7374842166900635, 2.6101086139678955, 2.4054713249206543, 2.6111185550689697, 2.247695207595825];[0.4233356714248657, 0.34237468242645264, 0.3354613780975342, 0.31535714864730835, 0.34773457050323486, 0.31469807028770447];[-2.2008421421051025, -1.9556337594985962, -2.049833059310913, -1.959851861000061, -2.1950721740722656, -1.9900144338607788];[1.4056156873703003, 1.0943481922149658, 0.9006181359291077, 0.8853236436843872, 0.8769738078117371];330.39500617980957
6950;[3.5780582427978516, 2.547090530395508, 2.65958571434021, 2.485215663909912, 2.608339309692383, 2.51602840423584];[0.42360320687294006, 0.2934170663356781, 0.34905290603637695, 0.3215619921684265, 0.3551851212978363, 0.3283841013908386];[-2.2075297832489014, -1.849170207977295, -2.0152320861816406, -1.9145170450210571, -2.08241868019104, -1.9817508459091187];[1.479819655418396, 1.0571707487106323, 0.9370277523994446, 0.9224520325660706, 0.9064092040061951];322.0426948070526
7000;[3.4158263206481934, 3.27213191986084, 3.4601728916168213, 3.676469326019287, 3.713932752609253, 3.9748244285583496];[0.4285704493522644, 0.7127219438552856, 0.7772603631019592, 0.819788932800293, 0.9242798089981079, 0.9333864450454712];[-2.149294376373291, -3.489307165145874, -4.049725532531738, -4.525295734405518, -5.428980350494385, -6.001157760620117];[1.3953157663345337, 0.8780578970909119, 0.8457416296005249, 0.8553526401519775, 0.8513679504394531];335.40820384025574
7050;[3.4300379753112793, 2.8374531269073486, 2.93450665473938, 3.1596572399139404, 3.441025495529175, 3.5622544288635254];[0.4253702163696289, 0.47047871351242065, 0.620364248752594, 0.7305948734283447, 0.8166571259498596, 0.8856260180473328];[-2.1517746448516846, -2.273794412612915, -2.9181442260742188, -3.569098711013794, -4.352233409881592, -5.056454181671143];[1.3970052003860474, 0.9697028398513794, 0.8806817531585693, 0.874867856502533, 0.8565829992294312];323.605416059494
7100;[3.410305976867676, 4.313201427459717, 4.183797359466553, 4.478499889373779, 4.636185646057129, 4.905993461608887];[0.4376327693462372, 0.911765992641449, 0.9228923916816711, 1.0420985221862793, 1.0424634218215942, 1.0974501371383667];[-2.152648448944092, -5.205536842346191, -5.754482746124268, -7.6647796630859375, -8.230560302734375, -8.953129768371582];[1.3628652095794678, 0.9276964664459229, 0.8324848413467407, 0.7945506572723389, 0.7811068892478943];317.8281009197235
7150;[3.5161335468292236, 2.8053882122039795, 2.835115671157837, 2.7658443450927734, 2.9918806552886963, 3.2120814323425293];[0.43235188722610474, 0.3256272077560425, 0.42924830317497253, 0.5246151089668274, 0.6528983116149902, 0.7351424098014832];[-2.1999800205230713, -1.9189034700393677, -2.185844659805298, -2.4640133380889893, -3.071784496307373, -3.6644394397735596];[1.3842179775238037, 1.2027496099472046, 0.9628793001174927, 0.9348930716514587, 0.8702187538146973];331.78019618988037
7200;[3.5014235973358154, 2.7660038471221924, 2.5118916034698486, 2.6184701919555664, 2.755086898803711, 2.866565227508545];[0.4243478775024414, 0.3216722309589386, 0.3941628634929657, 0.5407346487045288, 0.6419407725334167, 0.7599759101867676];[-2.1711623668670654, -1.9057502746582031, -2.055629014968872, -2.5396056175231934, -3.0909035205841064, -3.6792752742767334];[1.4561607837677002, 1.2340669631958008, 0.8869060277938843, 0.875422477722168, 0.8051155805587769];322.1136453151703
7250;[3.41520094871521, 2.601078748703003, 2.4961118698120117, 2.4867589473724365, 2.5931386947631836, 2.6160335540771484];[0.43882137537002563, 0.3475428819656372, 0.3158710300922394, 0.3463451862335205, 0.37865447998046875, 0.4017786979675293];[-2.163580894470215, -1.9085123538970947, -1.9735167026519775, -2.176818370819092, -2.3190255165100098, -2.473146677017212];[1.4162206649780273, 1.0414061546325684, 0.9052301645278931, 0.8553197383880615, 0.9061375856399536];329.3367164134979
7300;[3.3458776473999023, 2.7238426208496094, 2.5274627208709717, 2.8362865447998047, 2.91375732421875, 3.045271158218384];[0.4245806336402893, 0.3285481631755829, 0.3978864252567291, 0.5421597361564636, 0.6602752208709717, 0.7812347412109375];[-2.1103062629699707, -1.9253268241882324, -2.034902572631836, -2.5641794204711914, -3.1141271591186523, -3.833779811859131];[1.415171504020691, 1.1282317638397217, 0.9735236167907715, 0.97090744972229, 0.9146177768707275];327.9240834712982
7350;[3.397529125213623, 2.772430658340454, 2.548452377319336, 2.480462074279785, 2.267472982406616, 2.4691295623779297];[0.42025071382522583, 0.3345515727996826, 0.32194674015045166, 0.34216219186782837, 0.3256131112575531, 0.385946124792099];[-2.1386537551879883, -1.9926574230194092, -1.9411982297897339, -2.0185353755950928, -1.904505968093872, -2.129066228866577];[1.4941508769989014, 0.9867663979530334, 0.9061949253082275, 0.9238695502281189, 0.8197189569473267];320.349848985672
7400;[3.4258272647857666, 3.802985191345215, 3.865379810333252, 4.0372138023376465, 4.356062889099121, 4.591188907623291];[0.42250290513038635, 0.7812859416007996, 0.8351167440414429, 0.897093653678894, 0.93354332447052, 1.011532187461853];[-2.1374926567077637, -4.069698333740234, -4.447765350341797, -5.489647388458252, -6.074949264526367, -7.45475435256958];[1.5691802501678467, 0.8951460719108582, 0.8920610547065735, 0.8410659432411194, 0.8342494368553162];315.807541847229
7450;[3.468332529067993, 2.7373814582824707, 2.418367624282837, 2.6239418983459473, 2.4767260551452637, 2.2528157234191895];[0.4213467240333557, 0.32258304953575134, 0.26167139410972595, 0.28867897391319275, 0.2730900049209595, 0.27924662828445435];[-2.1579253673553467, -1.938839316368103, -1.7482950687408447, -1.8559863567352295, -1.7756624221801758, -1.7067524194717407];[1.3929935693740845, 1.1283831596374512, 0.9931109547615051, 0.9718349575996399, 0.9453561305999756];331.3031885623932
7500;[3.5145277976989746, 3.210347890853882, 3.197679281234741, 3.223158121109009, 3.3946738243103027, 3.584775924682617];[0.4435330033302307, 0.6683133840560913, 0.7333304286003113, 0.7849156260490417, 0.8405113816261292, 0.9290651679039001];[-2.1853690147399902, -3.172030448913574, -3.752861738204956, -4.161110877990723, -4.758277893066406, -5.592033386230469];[1.4268064498901367, 0.8698684573173523, 0.824343740940094, 0.7903279662132263, 0.7935507893562317];321.03314304351807
7550;[3.49364972114563, 2.623763084411621, 2.6213724613189697, 2.7095766067504883, 2.8590455055236816, 2.9512715339660645];[0.4522863030433655, 0.3960261344909668, 0.48100796341896057, 0.5769420862197876, 0.6547701358795166, 0.7057976722717285];[-2.174058675765991, -2.043675184249878, -2.3778719902038574, -2.7829360961914062, -3.205139398574829, -3.5340218544006348];[1.413692593574524, 0.9446833729743958, 0.8689214587211609, 0.824721097946167, 0.8207641839981079];314.8564097881317
7600;[3.4201762676239014, 3.723207473754883, 3.7566232681274414, 3.7048275470733643, 3.9263486862182617, 3.904597282409668];[0.42099300026893616, 0.8094522356987, 0.8448231816291809, 0.8363497257232666, 0.9375249743461609, 0.9373374581336975];[-2.1503331661224365, -4.432963848114014, -4.825712203979492, -5.066279411315918, -6.091823577880859, -6.221267223358154];[1.4730557203292847, 0.9125227332115173, 0.8924317359924316, 0.8321949243545532, 0.8323506116867065];332.69021463394165
7650;[3.324361801147461, 2.5630910396575928, 2.4668662548065186, 2.4959194660186768, 2.4922752380371094, 2.6490182876586914];[0.4284830391407013, 0.32505902647972107, 0.40019693970680237, 0.40930211544036865, 0.46338793635368347, 0.5413123369216919];[-2.116255283355713, -1.9091943502426147, -2.092803716659546, -2.1483733654022217, -2.329371690750122, -2.6034514904022217];[1.3972899913787842, 0.9512200951576233, 0.8583136796951294, 0.843045711517334, 0.8446882963180542];319.42067074775696
7700;[3.4914183616638184, 2.785529136657715, 2.4428625106811523, 2.4241716861724854, 2.490818738937378, 2.4856505393981934];[0.4202416241168976, 0.3368735909461975, 0.2891310751438141, 0.30375948548316956, 0.32859477400779724, 0.36223939061164856];[-2.1748931407928467, -2.001662254333496, -1.827466607093811, -1.901808500289917, -1.9694490432739258, -2.0393030643463135];[1.5216137170791626, 1.0669360160827637, 0.9482727646827698, 0.8947259783744812, 0.8713129162788391];326.56100964546204
7750;[3.4902026653289795, 2.9924752712249756, 3.1465673446655273, 3.4005184173583984, 3.3972530364990234, 3.6740643978118896];[0.43585360050201416, 0.5899088978767395, 0.7136509418487549, 0.7789842486381531, 0.8689263463020325, 0.9096452593803406];[-2.162146806716919, -2.7864537239074707, -3.4781696796417236, -4.023617267608643, -4.826588153839111, -5.261853218078613];[1.3506263494491577, 0.8937193155288696, 0.8898956775665283, 0.8465237021446228, 0.8579486608505249];316.82319831848145
7800;[3.500040292739868, 4.378622055053711, 4.3999528884887695, 4.676423072814941, 5.0587615966796875, 5.4316253662109375];[0.4382328689098358, 0.8857670426368713, 0.9266807436943054, 1.045170545578003, 1.076272964477539, 1.1618508100509644];[-2.187696695327759, -5.336161136627197, -6.190552711486816, -7.840625286102295, -8.947033882141113, -10.458009719848633];[1.425821304321289, 0.9657008051872253, 0.972218930721283, 0.8725782036781311, 0.8557567596435547];318.26770210266113
7850;[3.4770216941833496, 3.7424581050872803, 3.7263026237487793, 3.744396686553955, 3.8072245121002197, 3.9340529441833496];[0.4325808882713318, 0.7967032790184021, 0.8254225254058838, 0.8807852864265442, 0.8984929919242859, 0.9481673240661621];[-2.1807198524475098, -4.028035640716553, -4.620713710784912, -4.990830421447754, -5.552506923675537, -6.103071212768555];[1.4337522983551025, 0.8907819390296936, 0.8935707211494446, 0.8431243300437927, 0.8137611150741577];329.82124972343445
7900;[3.4245622158050537, 4.474789142608643, 4.212612152099609, 3.943002700805664, 4.041656970977783, 4.405157089233398];[0.4227728843688965, 0.8646392226219177, 0.8717008233070374, 0.861647367477417, 0.9417269825935364, 0.986475944519043];[-2.167055368423462, -4.71983003616333, -4.895576477050781, -4.994163990020752, -5.686705112457275, -6.913015842437744];[1.3916826248168945, 1.018823266029358, 0.8704759478569031, 0.871519923210144, 0.8561413288116455];322.27350544929504
7950;[3.5208237171173096, 2.6756997108459473, 2.448335886001587, 2.4478774070739746, 2.2647063732147217, 2.3398818969726562];[0.4353019595146179, 0.3292415142059326, 0.3103162348270416, 0.32519781589508057, 0.3326907753944397, 0.3688412606716156];[-2.2185897827148438, -1.939725637435913, -1.9806430339813232, -2.0092906951904297, -1.9445427656173706, -2.095872163772583];[1.4092458486557007, 1.0796208381652832, 0.9067049026489258, 0.8473899364471436, 0.8576257824897766];327.462810754776
8000;[3.4087133407592773, 2.8065073490142822, 2.6617939472198486, 2.7136805057525635, 2.717693567276001, 3.0943679809570312];[0.4271165132522583, 0.3282484710216522, 0.37563061714172363, 0.45352599024772644, 0.5600388050079346, 0.6484997272491455];[-2.1349101066589355, -1.9593405723571777, -2.0709736347198486, -2.265291213989258, -2.6465749740600586, -3.1306519508361816];[1.653374195098877, 1.093736171722412, 0.9789483547210693, 0.9201282262802124, 0.8884341716766357];328.6489541530609
8050;[3.4201412200927734, 2.6432011127471924, 2.4801926612854004, 2.5615971088409424, 2.3890581130981445, 2.4864203929901123];[0.4235568046569824, 0.3174363076686859, 0.27519479393959045, 0.2818688154220581, 0.3022006154060364, 0.38405364751815796];[-2.152250289916992, -1.899021863937378, -1.8019815683364868, -1.8396435976028442, -1.8154101371765137, -2.02681303024292];[1.4354636669158936, 1.1401722431182861, 0.9884949326515198, 0.9542189240455627, 0.8922605514526367];323.0468955039978
8100;[3.4205591678619385, 2.592808485031128, 2.278268575668335, 2.433520793914795, 2.4009735584259033, 2.430943012237549];[0.42028412222862244, 0.31215423345565796, 0.29188549518585205, 0.3296963572502136, 0.34996774792671204, 0.36039504408836365];[-2.1421473026275635, -1.8891340494155884, -1.8061059713363647, -1.9991943836212158, -2.064178466796875, -2.0847043991088867];[1.4384187459945679, 0.9470815658569336, 0.8410620093345642, 0.848637580871582, 0.8317121267318726];323.95407009124756
8150;[3.483809471130371, 2.6917526721954346, 2.4992177486419678, 2.4149281978607178, 2.3887271881103516, 2.354569673538208];[0.4155814051628113, 0.38397839665412903, 0.31648093461990356, 0.3198162913322449, 0.3330254554748535, 0.3418605625629425];[-2.1490190029144287, -2.0090911388397217, -1.959139347076416, -2.068007469177246, -2.0803022384643555, -2.161499261856079];[1.4933432340621948, 0.9912181496620178, 0.8964416980743408, 0.8308634757995605, 0.8359577059745789];321.41039061546326
8200;[3.4265542030334473, 3.0224287509918213, 2.966285467147827, 2.934145927429199, 2.858426570892334, 2.9596457481384277];[0.44222769141197205, 0.5895358920097351, 0.5734941363334656, 0.634390652179718, 0.6476553082466125, 0.7252804636955261];[-2.1642885208129883, -2.755463123321533, -2.797621011734009, -3.10593318939209, -3.170027017593384, -3.559645891189575];[1.4352457523345947, 0.9127457141876221, 0.8429253101348877, 0.8229639530181885, 0.7987450957298279];321.9144358634949
8250;[3.5096325874328613, 2.8363919258117676, 2.7613017559051514, 2.9144413471221924, 3.1034843921661377, 3.4580178260803223];[0.4265439808368683, 0.3353233337402344, 0.44023674726486206, 0.5023490190505981, 0.6276839375495911, 0.7588436007499695];[-2.200293779373169, -1.9453349113464355, -2.1021809577941895, -2.3774077892303467, -2.96138072013855, -3.921376943588257];[1.4470899105072021, 1.1586289405822754, 1.0263006687164307, 0.9613837003707886, 0.9731711149215698];316.5193450450897
8300;[3.419157028198242, 3.441181182861328, 3.5552477836608887, 3.6048243045806885, 3.7666571140289307, 3.772127628326416];[0.44192126393318176, 0.794646680355072, 0.8592344522476196, 0.8936559557914734, 0.9041310548782349, 0.981759786605835];[-2.1562514305114746, -3.9382317066192627, -4.843200206756592, -5.287102699279785, -5.533830165863037, -6.386534690856934];[1.4380468130111694, 0.9232178926467896, 0.8829662799835205, 0.8585669994354248, 0.8168907165527344];333.88100719451904
8350;[3.440568208694458, 2.732480049133301, 2.4063498973846436, 2.4190762042999268, 2.4363512992858887, 2.7203996181488037];[0.4387984573841095, 0.2984403967857361, 0.2563828229904175, 0.28251755237579346, 0.32018953561782837, 0.41636499762535095];[-2.1828620433807373, -1.8508986234664917, -1.6962635517120361, -1.7597516775131226, -1.8478738069534302, -2.1672070026397705];[1.447880506515503, 1.2070993185043335, 0.9986225366592407, 0.949470043182373, 0.9193692207336426];327.4263482093811
8400;[3.4663591384887695, 2.519028902053833, 2.5414154529571533, 2.7047364711761475, 2.5283827781677246, 2.696572780609131];[0.42127275466918945, 0.2930528223514557, 0.3160504102706909, 0.3559155762195587, 0.3347715139389038, 0.36191001534461975];[-2.1589677333831787, -1.797053337097168, -1.9023377895355225, -2.0736420154571533, -1.980323314666748, -2.1524815559387207];[1.4054789543151855, 1.1031955480575562, 0.9596101641654968, 0.9509159326553345, 0.9506011605262756];323.5469355583191
8450;[3.5360963344573975, 2.758558750152588, 2.5605838298797607, 2.6369731426239014, 2.3979902267456055, 2.538238763809204];[0.43971049785614014, 0.33326441049575806, 0.2943177819252014, 0.31758543848991394, 0.31249505281448364, 0.4009571671485901];[-2.192559242248535, -1.9551243782043457, -1.8383665084838867, -1.9216294288635254, -1.8643001317977905, -2.0823395252227783];[1.4379475116729736, 1.2272887229919434, 1.0036163330078125, 0.9211578369140625, 0.8916628956794739];317.40684604644775
8500;[3.4333226680755615, 3.627903461456299, 3.572718858718872, 3.580528974533081, 3.581112861633301, 3.828474998474121];[0.43046343326568604, 0.7845255136489868, 0.8306614756584167, 0.8771925568580627, 0.8853758573532104, 0.945324182510376];[-2.172778844833374, -4.089614391326904, -4.546753883361816, -5.012111663818359, -5.294907093048096, -5.9229512214660645];[1.556658148765564, 0.8992946147918701, 0.8615116477012634, 0.8535252213478088, 0.8787866234779358];334.95654797554016
8550;[3.4510583877563477, 2.7315049171447754, 2.7326879501342773, 2.7737069129943848, 2.894338369369507, 3.3035759925842285];[0.429423451423645, 0.38943272829055786, 0.3989729583263397, 0.49374863505363464, 0.6026125550270081, 0.712875247001648];[-2.1546132564544678, -2.0407540798187256, -2.1370034217834473, -2.3762762546539307, -2.814403772354126, -3.463017463684082];[1.454352855682373, 0.9952923059463501, 0.9289965629577637, 0.9140920639038086, 0.9238444566726685];350.091215133667
8600;[3.537524700164795, 3.0694234371185303, 3.1935977935791016, 3.110011577606201, 3.027604341506958, 3.0096733570098877];[0.4289161264896393, 0.3668464124202728, 0.5368983149528503, 0.6342716813087463, 0.6130223274230957, 0.6477745175361633];[-2.2009687423706055, -1.9790923595428467, -2.5515124797821045, -2.9287402629852295, -2.872077226638794, -3.1669297218322754];[1.4654278755187988, 1.3576257228851318, 0.9554473757743835, 0.9017362594604492, 0.8460642695426941];322.75412034988403
8650;[3.4902520179748535, 3.094113349914551, 3.1955654621124268, 3.652395486831665, 4.014493465423584, 4.528646469116211];[0.4298435151576996, 0.35761016607284546, 0.5301687121391296, 0.6630085706710815, 0.7778083682060242, 0.8857332468032837];[-2.1816182136535645, -2.0315754413604736, -2.431459426879883, -3.0981075763702393, -3.9625837802886963, -5.391819477081299];[1.384202003479004, 1.2787528038024902, 1.096801519393921, 1.0507844686508179, 0.9645953178405762];331.3085238933563
8700;[3.4459896087646484, 2.6698875427246094, 2.6627414226531982, 2.4819724559783936, 2.666954755783081, 2.82307505607605];[0.4349559545516968, 0.3157742917537689, 0.32358551025390625, 0.37977999448776245, 0.4583948850631714, 0.5613479614257812];[-2.1800506114959717, -1.8726170063018799, -1.9783852100372314, -2.028151273727417, -2.3814003467559814, -2.708146095275879];[1.3898839950561523, 1.200270175933838, 0.9925158023834229, 0.9124476313591003, 0.8781239986419678];333.28878259658813
8750;[3.5104923248291016, 2.532778739929199, 2.355983257293701, 2.4555442333221436, 2.3765532970428467, 2.363387107849121];[0.43076255917549133, 0.3038008511066437, 0.32520073652267456, 0.3597792983055115, 0.36473536491394043, 0.43749237060546875];[-2.1839663982391357, -1.8401304483413696, -1.9253383874893188, -2.1074893474578857, -2.13411808013916, -2.2758700847625732];[1.5018199682235718, 1.0268083810806274, 0.8185315132141113, 0.8495790958404541, 0.8125373125076294];321.73321628570557
8800;[3.4627010822296143, 4.162080764770508, 4.115218639373779, 4.10441780090332, 4.456570625305176, 4.654163360595703];[0.42997217178344727, 0.851625382900238, 0.8861812949180603, 0.9257487654685974, 1.0334323644638062, 1.0688413381576538];[-2.172520637512207, -4.638506889343262, -5.018686294555664, -5.612779140472412, -7.040864944458008, -7.970315456390381];[1.4210615158081055, 0.9430432319641113, 0.8845135569572449, 0.8130784630775452, 0.7949540615081787];332.14057540893555
8850;[3.55043625831604, 4.778741359710693, 5.225366592407227, 5.424257755279541, 5.86742639541626, 6.4989728927612305];[0.4316394031047821, 0.8940022587776184, 1.0075987577438354, 1.0839037895202637, 1.1057138442993164, 1.2105684280395508];[-2.1970880031585693, -5.4073333740234375, -7.561948299407959, -9.334172248840332, -10.782414436340332, -12.75126838684082];[1.4193295240402222, 0.9988937377929688, 0.928490161895752, 0.8837493062019348, 0.9124687314033508];314.6609535217285
8900;[3.452826499938965, 2.4459824562072754, 2.4148824214935303, 2.426159381866455, 2.380284070968628, 2.3830394744873047];[0.42510244250297546, 0.2991718053817749, 0.3101499676704407, 0.32873839139938354, 0.3617897629737854, 0.3768823742866516];[-2.1639912128448486, -1.841703176498413, -1.88774573802948, -1.9504303932189941, -2.073288679122925, -2.0805466175079346];[1.3727089166641235, 0.9595884680747986, 0.8916205167770386, 0.8828998804092407, 0.8602126240730286];315.7712321281433
8950;[3.367286443710327, 2.619969129562378, 2.511280059814453, 2.574744462966919, 2.904188632965088, 3.4148807525634766];[0.43160152435302734, 0.28442806005477905, 0.27623462677001953, 0.3425394296646118, 0.4761335849761963, 0.6875694394111633];[-2.137305974960327, -1.7913012504577637, -1.7609260082244873, -1.9029985666275024, -2.3379971981048584, -3.293644905090332];[1.4077383279800415, 1.231304407119751, 1.0488169193267822, 1.012372612953186, 0.9652524590492249];321.53356194496155
9000;[3.509927272796631, 4.011072635650635, 3.9653124809265137, 3.7541422843933105, 3.9907283782958984, 4.153984069824219];[0.43090856075286865, 0.812141478061676, 0.8422271609306335, 0.8518649339675903, 0.9220465421676636, 0.9987147450447083];[-2.1901438236236572, -4.191499710083008, -4.6524176597595215, -4.719205856323242, -5.6870527267456055, -6.645110130310059];[1.4987794160842896, 0.9214034080505371, 0.8414338827133179, 0.8225443363189697, 0.8295903205871582];333.1146173477173
9050;[3.5327253341674805, 4.160210132598877, 4.601341247558594, 4.529196739196777, 4.712711334228516, 4.765355110168457];[0.42746472358703613, 0.769176721572876, 0.9771280288696289, 0.9598785638809204, 1.0552997589111328, 1.1037336587905884];[-2.1952664852142334, -4.07485818862915, -6.418749809265137, -6.850034236907959, -7.872464179992676, -8.589630126953125];[1.3728156089782715, 0.9652517437934875, 0.8585165143013, 0.8370786905288696, 0.8461577892303467];328.37132477760315
9100;[3.367696523666382, 2.6132142543792725, 2.7482621669769287, 3.0981953144073486, 3.2696030139923096, 3.365184783935547];[0.4286576509475708, 0.29732081294059753, 0.49667468667030334, 0.6450969576835632, 0.7551004886627197, 0.7929081916809082];[-2.1440486907958984, -1.8256444931030273, -2.388914108276367, -3.1475796699523926, -3.937601089477539, -4.287724494934082];[1.4475278854370117, 1.1633038520812988, 0.8677961826324463, 0.8163312673568726, 0.8091175556182861];327.7077193260193
9150;[3.388803243637085, 2.794995069503784, 2.592198133468628, 2.553342342376709, 2.615859270095825, 2.4822309017181396];[0.4229702651500702, 0.3076743185520172, 0.30967628955841064, 0.29440417885780334, 0.3078903555870056, 0.2888578474521637];[-2.1374030113220215, -1.9019114971160889, -1.8886523246765137, -1.888381838798523, -1.936890721321106, -1.8866016864776611];[1.4225181341171265, 1.0961052179336548, 1.0112911462783813, 0.9675083756446838, 0.9404733180999756];332.7548689842224
9200;[3.5300161838531494, 2.6773033142089844, 2.51953387260437, 2.5636701583862305, 2.810171127319336, 2.777134656906128];[0.4437246024608612, 0.3077470064163208, 0.3557233512401581, 0.39687854051589966, 0.5134862065315247, 0.5858335494995117];[-2.2258903980255127, -1.8987247943878174, -1.9596489667892456, -2.0551044940948486, -2.4591243267059326, -2.742393732070923];[1.4479050636291504, 1.1341191530227661, 0.9612078070640564, 0.920055091381073, 0.9414312243461609];330.02084851264954
9250;[3.492786407470703, 2.528107166290283, 2.5366671085357666, 2.456653594970703, 2.6585116386413574, 2.8434667587280273];[0.4328988194465637, 0.32868093252182007, 0.3868809640407562, 0.46384692192077637, 0.6106875538825989, 0.6316244602203369];[-2.1787405014038086, -1.9439603090286255, -2.113356828689575, -2.335908889770508, -2.902223587036133, -3.1257848739624023];[1.5706729888916016, 0.9414799809455872, 0.8493208885192871, 0.8073804378509521, 0.803217887878418];332.63001441955566
9300;[3.4580459594726562, 2.6143546104431152, 2.650343656539917, 2.973663806915283, 3.1761648654937744, 3.369426727294922];[0.427882581949234, 0.3233910799026489, 0.42162764072418213, 0.5884672999382019, 0.6888944506645203, 0.7855216860771179];[-2.165567636489868, -1.8578790426254272, -2.1628785133361816, -2.786254405975342, -3.3387222290039062, -4.062304496765137];[1.4044804573059082, 1.1323366165161133, 0.9280969500541687, 0.8654093742370605, 0.8480732440948486];320.2240514755249
9350;[3.5503883361816406, 4.225200176239014, 4.220685005187988, 4.384309768676758, 4.478725433349609, 4.6543450355529785];[0.4310784637928009, 0.8447321653366089, 0.9874181747436523, 0.9844933152198792, 1.0362122058868408, 1.068599820137024];[-2.1908836364746094, -5.028339862823486, -6.537665367126465, -7.033261775970459, -7.851228713989258, -8.566763877868652];[1.423182487487793, 0.8938028216362, 0.8765764832496643, 0.8173070549964905, 0.8334289789199829];318.99536752700806
9400;[3.467446804046631, 3.8665523529052734, 3.6616368293762207, 3.823181390762329, 4.038047790527344, 4.171695709228516];[0.43217605352401733, 0.7705566883087158, 0.8055456876754761, 0.901336669921875, 0.9874372482299805, 0.9934841394424438];[-2.187335252761841, -3.8361616134643555, -4.10761833190918, -5.160960674285889, -6.153279781341553, -6.820982456207275];[1.364986777305603, 0.9396229386329651, 0.8529268503189087, 0.847786009311676, 0.8304433822631836];325.8291344642639
9450;[3.485985040664673, 2.499088764190674, 2.9326300621032715, 2.4466164112091064, 2.8177754878997803, 2.4127941131591797];[0.4293910562992096, 0.30596157908439636, 0.41006889939308167, 0.31996119022369385, 0.4080616533756256, 0.3667813241481781];[-2.175292730331421, -1.7980235815048218, -2.15419340133667, -1.8212629556655884, -2.1406655311584473, -1.9304518699645996];[1.4202622175216675, 1.1858807802200317, 1.0343900918960571, 1.0045486688613892, 0.9891934394836426];338.437912940979
9500;[3.4328224658966064, 2.6395328044891357, 2.5322370529174805, 2.569953680038452, 2.4419806003570557, 2.508047103881836];[0.4145612120628357, 0.301476389169693, 0.2914973497390747, 0.31714534759521484, 0.2862173020839691, 0.31541842222213745];[-2.138206720352173, -1.8732308149337769, -1.8413993120193481, -1.9242089986801147, -1.8229299783706665, -1.880996584892273];[1.3816860914230347, 1.067268967628479, 0.947087287902832, 0.9416797757148743, 0.9428831934928894];321.26661229133606
9550;[3.4682490825653076, 2.5517308712005615, 2.551213026046753, 2.3049633502960205, 2.348595142364502, 2.5536699295043945];[0.4244554936885834, 0.30273956060409546, 0.30378592014312744, 0.2919457256793976, 0.3165016174316406, 0.3484049439430237];[-2.1627941131591797, -1.8689744472503662, -1.9018712043762207, -1.8325512409210205, -1.9142519235610962, -2.0385916233062744];[1.3812533617019653, 1.0058207511901855, 0.8841609358787537, 0.8847503662109375, 0.8864325284957886];330.90174078941345
9600;[3.472961902618408, 3.3685507774353027, 3.5293569564819336, 3.633091926574707, 3.8756589889526367, 4.155957221984863];[0.4330383241176605, 0.735934853553772, 0.8098122477531433, 0.8758663535118103, 0.8885135650634766, 1.0001091957092285];[-2.180123805999756, -3.5320866107940674, -4.296705722808838, -4.815618991851807, -5.546993255615234, -6.74015998840332];[1.440819501876831, 0.8605710864067078, 0.8000697493553162, 0.7909752726554871, 0.7801253199577332];318.06946420669556
9650;[3.451794147491455, 2.8906993865966797, 2.692605495452881, 3.007018804550171, 3.1034750938415527, 3.114020347595215];[0.42521777749061584, 0.627671480178833, 0.6640531420707703, 0.7252181768417358, 0.8060404062271118, 0.8219242095947266];[-2.1597330570220947, -2.9312398433685303, -3.1970410346984863, -3.7306177616119385, -4.327955722808838, -4.455784320831299];[1.4659302234649658, 0.8458577394485474, 0.8044098019599915, 0.7920177578926086, 0.7867303490638733];333.53231406211853
9700;[3.6129822731018066, 3.642789363861084, 3.4488396644592285, 3.370900869369507, 3.3368778228759766, 3.559596538543701];[0.4114971458911896, 0.8004650473594666, 0.7515162825584412, 0.76225745677948, 0.8476325869560242, 0.8568234443664551];[-2.2278079986572266, -3.8957037925720215, -3.720573663711548, -3.8359241485595703, -4.383459568023682, -4.798348426818848];[1.4089598655700684, 0.9128988981246948, 0.833003044128418, 0.8260034918785095, 0.7846904397010803];320.5739667415619
9750;[3.4657483100891113, 3.1506834030151367, 3.3756489753723145, 3.3589155673980713, 3.4345438480377197, 3.552297830581665];[0.4229542315006256, 0.6908718347549438, 0.7923648953437805, 0.8080437779426575, 0.8924711346626282, 0.9126061797142029];[-2.1522700786590576, -3.307279348373413, -4.282804489135742, -4.601962089538574, -5.338698387145996, -5.651977062225342];[1.4220584630966187, 0.8706238269805908, 0.846358597278595, 0.8182119727134705, 0.8493326306343079];317.6787486076355
9800;[3.4745001792907715, 2.8283088207244873, 2.6761014461517334, 2.926278829574585, 3.031552791595459, 3.1801528930664062];[0.43103888630867004, 0.31421566009521484, 0.3749781847000122, 0.5438023209571838, 0.7185786366462708, 0.7368556261062622];[-2.180635452270508, -1.9136567115783691, -2.0414376258850098, -2.6004583835601807, -3.4960813522338867, -3.8189008235931396];[1.4870306253433228, 1.154518961906433, 0.9684610366821289, 0.9651246070861816, 0.9013617038726807];316.651850938797
9850;[3.5591089725494385, 3.040146589279175, 2.7738142013549805, 2.476243019104004, 2.29921293258667, 2.4015116691589355];[0.4267617464065552, 0.3564181625843048, 0.3185681700706482, 0.30083733797073364, 0.35478296875953674, 0.44344326853752136];[-2.2096614837646484, -1.9340944290161133, -1.9665969610214233, -1.8894543647766113, -1.9508845806121826, -2.252469539642334];[1.440024971961975, 1.5232144594192505, 1.061525821685791, 0.8670365214347839, 0.8574097752571106];316.74155616760254
9900;[3.3933238983154297, 2.692945957183838, 2.6380465030670166, 2.442858934402466, 2.6756324768066406, 3.16642689704895];[0.43316057324409485, 0.32779425382614136, 0.34350937604904175, 0.37846195697784424, 0.4886249601840973, 0.6297279596328735];[-2.1431241035461426, -1.9418249130249023, -1.9849748611450195, -2.0484180450439453, -2.377913475036621, -3.0802271366119385];[1.4773486852645874, 1.0686206817626953, 0.9155808687210083, 0.9421024322509766, 0.8877400159835815];315.2157645225525
9950;[3.403292179107666, 2.703662395477295, 2.2891738414764404, 2.588162899017334, 2.366039276123047, 2.545081853866577];[0.430907279253006, 0.3256295919418335, 0.27798566222190857, 0.31069889664649963, 0.3030948340892792, 0.3517802357673645];[-2.139824628829956, -1.9729934930801392, -1.791407585144043, -1.950543999671936, -1.894519329071045, -2.0348665714263916];[1.4457627534866333, 1.009822130203247, 0.9363062381744385, 0.9507580995559692, 0.8771527409553528];311.7470097541809
10000;[3.3262155055999756, 3.3267478942871094, 3.4119656085968018, 3.5973379611968994, 3.5736193656921387, 3.6737735271453857];[0.43026137351989746, 0.6790001392364502, 0.7975449562072754, 0.8423959612846375, 0.894196093082428, 0.9225071668624878];[-2.11252760887146, -3.3182249069213867, -4.014388084411621, -4.573625087738037, -4.908888816833496, -5.419795036315918];[1.381926417350769, 0.86672443151474, 0.8915337920188904, 0.8772105574607849, 0.867070198059082];310.05127573013306
