Seed;RMSE History;MMD History;Log-Likelihood History;Max EIG History;Deployment Time
50;[3.4535317420959473, 3.392120599746704, 3.565800189971924, 3.4506423473358154, 3.3430418968200684, 3.3855087757110596];[0.44550904631614685, 0.41717320680618286, 0.4657818078994751, 0.45265883207321167, 0.4122697114944458, 0.44401878118515015];[-2.1841557025909424, -2.1207780838012695, -2.26183819770813, -2.2108161449432373, -2.1333861351013184, -2.1862123012542725];[1.4264227151870728, 1.3481361865997314, 1.4237987995147705, 1.3916256427764893, 1.3590844869613647];403.3783631324768
100;[3.597290515899658, 3.4587740898132324, 3.4692914485931396, 3.6634230613708496, 3.697758674621582, 3.7299020290374756];[0.4178268313407898, 0.41703301668167114, 0.4133855998516083, 0.4678836166858673, 0.46841537952423096, 0.4565778970718384];[-2.225539207458496, -2.1498186588287354, -2.160301685333252, -2.258892059326172, -2.2881991863250732, -2.266967296600342];[1.3921425342559814, 1.42988920211792, 1.4140595197677612, 1.570621132850647, 1.4353586435317993];377.4789192676544
150;[3.4319088459014893, 3.5500645637512207, 3.5967235565185547, 3.5679056644439697, 3.501474618911743, 3.680152177810669];[0.43440350890159607, 0.4452773928642273, 0.4557967185974121, 0.4305579364299774, 0.3961896300315857, 0.4285462498664856];[-2.1458182334899902, -2.2067854404449463, -2.2115914821624756, -2.189110040664673, -2.133389711380005, -2.195712089538574];[1.4685475826263428, 1.380124807357788, 1.4064918756484985, 1.4065566062927246, 1.5420610904693604];380.1871976852417
200;[3.4882147312164307, 3.585505485534668, 3.5001280307769775, 3.474104642868042, 3.3939874172210693, 3.62642765045166];[0.43370386958122253, 0.42812854051589966, 0.42791399359703064, 0.4354397654533386, 0.4528897702693939, 0.47209277749061584];[-2.181112289428711, -2.1652846336364746, -2.1802432537078857, -2.1842212677001953, -2.1737163066864014, -2.277195692062378];[1.4078642129898071, 1.4476606845855713, 1.4722492694854736, 1.4477946758270264, 1.4399998188018799];376.95721435546875
250;[3.4891486167907715, 3.316579580307007, 3.143855094909668, 3.237764596939087, 3.199126958847046, 3.4324686527252197];[0.43905624747276306, 0.4424359202384949, 0.4025808274745941, 0.4102228879928589, 0.4083215594291687, 0.4561366140842438];[-2.1856272220611572, -2.1677069664001465, -2.0550272464752197, -2.1044864654541016, -2.1136112213134766, -2.1853747367858887];[1.4171242713928223, 1.3405102491378784, 1.3105400800704956, 1.323974609375, 1.306264877319336];379.92857837677
300;[3.4684314727783203, 3.5941312313079834, 3.6446285247802734, 3.9327354431152344, 3.948744773864746, 3.83383846282959];[0.433230459690094, 0.47345760464668274, 0.4570511281490326, 0.4954356849193573, 0.48746055364608765, 0.5000232458114624];[-2.175381660461426, -2.2473909854888916, -2.2446529865264893, -2.3311944007873535, -2.3469362258911133, -2.3620340824127197];[1.416370153427124, 1.4050625562667847, 1.3840190172195435, 1.493752360343933, 1.6678292751312256];377.01818346977234
350;[3.426074743270874, 3.5779054164886475, 3.455965995788574, 3.4463555812835693, 3.5044937133789062, 3.1280179023742676];[0.4136400818824768, 0.4291858375072479, 0.4423767924308777, 0.4405020773410797, 0.4122273027896881, 0.3588626980781555];[-2.1508469581604004, -2.2318837642669678, -2.1928226947784424, -2.209616184234619, -2.1768295764923096, -1.9707262516021729];[1.4400101900100708, 1.458257794380188, 1.4073166847229004, 1.3390103578567505, 1.4067838191986084];389.10414576530457
400;[3.480447769165039, 3.6578550338745117, 3.3884360790252686, 3.5354490280151367, 3.668384552001953, 3.3309104442596436];[0.4406643807888031, 0.46671098470687866, 0.4285075068473816, 0.4298100769519806, 0.4254503846168518, 0.3639669120311737];[-2.1900761127471924, -2.2589306831359863, -2.173801898956299, -2.1948859691619873, -2.1898882389068604, -2.0208137035369873];[1.4105747938156128, 1.3689978122711182, 1.3524094820022583, 1.3661978244781494, 1.4958792924880981];382.1788911819458
450;[3.629896402359009, 3.388010025024414, 3.5823779106140137, 3.651618719100952, 3.494067668914795, 3.2426350116729736];[0.42785149812698364, 0.4436752200126648, 0.4643486440181732, 0.49263498187065125, 0.446255087852478, 0.4136143624782562];[-2.2236576080322266, -2.1729912757873535, -2.267648220062256, -2.3455593585968018, -2.1872811317443848, -2.0707571506500244];[1.562289834022522, 1.4358596801757812, 1.4621754884719849, 1.3610408306121826, 1.46368408203125];376.54949831962585
500;[3.3648812770843506, 3.2933688163757324, 3.3010029792785645, 3.401125431060791, 3.4771103858947754, 3.2179808616638184];[0.44050097465515137, 0.40181609988212585, 0.4044356644153595, 0.4219011962413788, 0.42826396226882935, 0.37283340096473694];[-2.117938995361328, -2.099367380142212, -2.1439316272735596, -2.1481242179870605, -2.1971511840820312, -2.0387423038482666];[1.525174617767334, 1.4007008075714111, 1.4110699892044067, 1.6897456645965576, 1.4096578359603882];383.4403989315033
550;[3.362457513809204, 3.4387893676757812, 3.6285345554351807, 3.662261486053467, 3.506803512573242, 3.4702982902526855];[0.4273624122142792, 0.43045324087142944, 0.46077990531921387, 0.46646901965141296, 0.4339505732059479, 0.4448772966861725];[-2.1138741970062256, -2.1386430263519287, -2.2534701824188232, -2.2764766216278076, -2.195277214050293, -2.2033374309539795];[1.3570165634155273, 1.4448689222335815, 1.4078631401062012, 1.5257819890975952, 1.4019023180007935];400.53744626045227
600;[3.4779739379882812, 3.6138603687286377, 3.509911298751831, 3.5805749893188477, 3.3036882877349854, 3.1797187328338623];[0.42433440685272217, 0.4368482828140259, 0.43101340532302856, 0.44045281410217285, 0.3851349353790283, 0.3887638449668884];[-2.1737163066864014, -2.247865676879883, -2.168750286102295, -2.214233636856079, -2.0789413452148438, -2.0444724559783936];[1.4240550994873047, 1.3834240436553955, 1.414548397064209, 1.4131702184677124, 1.4850434064865112];371.7173819541931
650;[3.5407519340515137, 3.45369029045105, 3.4771716594696045, 3.434072971343994, 3.2313342094421387, 3.2469515800476074];[0.43656808137893677, 0.4630718529224396, 0.44902339577674866, 0.43685290217399597, 0.43737804889678955, 0.43705543875694275];[-2.2121787071228027, -2.2214646339416504, -2.248098850250244, -2.215531587600708, -2.184324264526367, -2.206143856048584];[1.4594218730926514, 1.3760349750518799, 1.2818447351455688, 1.3608304262161255, 1.277500033378601];376.7121479511261
700;[3.4655158519744873, 3.3349545001983643, 3.3416953086853027, 3.2930424213409424, 3.083972215652466, 3.252492666244507];[0.4309043884277344, 0.40288838744163513, 0.38969409465789795, 0.40334340929985046, 0.3750632405281067, 0.3705610930919647];[-2.1853156089782715, -2.092076063156128, -2.0974323749542236, -2.0847363471984863, -1.9540058374404907, -2.008613109588623];[1.3925169706344604, 1.3944119215011597, 1.4988462924957275, 1.41109299659729, 1.4255056381225586];369.3148674964905
750;[3.474484443664551, 3.5533201694488525, 3.5956695079803467, 3.549098491668701, 3.711850881576538, 3.676464080810547];[0.4471079111099243, 0.4449598491191864, 0.4470280110836029, 0.4419701099395752, 0.5055996179580688, 0.4668711721897125];[-2.1904795169830322, -2.22453236579895, -2.221377372741699, -2.202091932296753, -2.3626246452331543, -2.2791099548339844];[1.4034637212753296, 1.4259908199310303, 1.3571571111679077, 1.418737530708313, 1.4693979024887085];369.7638142108917
800;[3.5488901138305664, 3.453457832336426, 3.483121871948242, 3.60150146484375, 3.5211968421936035, 3.5792291164398193];[0.4226207137107849, 0.44148051738739014, 0.4503684639930725, 0.43878114223480225, 0.44180840253829956, 0.43093761801719666];[-2.211388349533081, -2.1438894271850586, -2.2136809825897217, -2.231593608856201, -2.197854995727539, -2.1904711723327637];[1.4197908639907837, 1.449385404586792, 1.3669582605361938, 1.5212754011154175, 1.499173879623413];369.37869691848755
850;[3.3409130573272705, 3.3320577144622803, 3.3681249618530273, 3.3548238277435303, 3.4019381999969482, 3.435964584350586];[0.43717724084854126, 0.415182501077652, 0.40857142210006714, 0.4074898362159729, 0.40361180901527405, 0.4189684987068176];[-2.1206741333007812, -2.1047329902648926, -2.126816511154175, -2.1307053565979004, -2.1115896701812744, -2.112100601196289];[1.4117730855941772, 1.4207605123519897, 1.3525828123092651, 1.5812104940414429, 1.4865515232086182];370.50215125083923
900;[3.5120975971221924, 3.511017084121704, 3.6652486324310303, 3.609863758087158, 3.792597770690918, 3.75881290435791];[0.43827444314956665, 0.47834426164627075, 0.488563597202301, 0.4643104672431946, 0.48338982462882996, 0.503593385219574];[-2.1942410469055176, -2.214155435562134, -2.352379560470581, -2.256479024887085, -2.356187343597412, -2.348313808441162];[1.4822183847427368, 1.4532526731491089, 1.3713458776474, 1.3429834842681885, 1.4361350536346436];389.7272822856903
950;[3.4888288974761963, 3.3803582191467285, 3.5205483436584473, 3.5293729305267334, 3.5222883224487305, 3.527486801147461];[0.4305139482021332, 0.4186215102672577, 0.4823329448699951, 0.4643200635910034, 0.4677451252937317, 0.4333869516849518];[-2.1909918785095215, -2.1234920024871826, -2.261155843734741, -2.3115882873535156, -2.311410427093506, -2.242302894592285];[1.3763808012008667, 1.399620532989502, 1.392027497291565, 1.349928855895996, 1.3840059041976929];371.29184556007385
1000;[3.4790709018707275, 3.565605878829956, 3.5490524768829346, 3.5630147457122803, 3.4889891147613525, 3.6433260440826416];[0.4421994388103485, 0.40882396697998047, 0.4648497402667999, 0.49734193086624146, 0.496233195066452, 0.5142168402671814];[-2.195986032485962, -2.1725833415985107, -2.2695040702819824, -2.3196818828582764, -2.3048300743103027, -2.422830820083618];[1.4298933744430542, 1.4885973930358887, 1.432501196861267, 1.383425235748291, 1.3446353673934937];367.5378837585449
1050;[3.4341771602630615, 3.360755443572998, 3.471374988555908, 3.5108399391174316, 3.6503117084503174, 3.531477928161621];[0.4304201006889343, 0.4523222744464874, 0.47425878047943115, 0.4819585978984833, 0.4871751666069031, 0.49985650181770325];[-2.155642032623291, -2.20432710647583, -2.2375802993774414, -2.2920644283294678, -2.3456473350524902, -2.3572821617126465];[1.3702319860458374, 1.4090508222579956, 1.363890290260315, 1.427278995513916, 1.3698351383209229];372.72177147865295
1100;[3.5694146156311035, 3.2220137119293213, 3.1862378120422363, 3.2585134506225586, 3.1997008323669434, 3.389350175857544];[0.4306790828704834, 0.40008318424224854, 0.3958470821380615, 0.36371371150016785, 0.38400593400001526, 0.38290515542030334];[-2.2354342937469482, -2.055264711380005, -2.0608932971954346, -2.0813896656036377, -2.0429563522338867, -2.105510711669922];[1.4891663789749146, 1.3420829772949219, 1.3940585851669312, 1.3426884412765503, 1.339024305343628];373.0392107963562
1150;[3.4858319759368896, 3.3957760334014893, 3.4746909141540527, 3.6464359760284424, 3.6242239475250244, 3.5835776329040527];[0.43737438321113586, 0.4441382586956024, 0.43037354946136475, 0.43959715962409973, 0.46571019291877747, 0.4538024365901947];[-2.1709494590759277, -2.1789135932922363, -2.191256284713745, -2.2129528522491455, -2.2684824466705322, -2.255207061767578];[1.4211032390594482, 1.4016823768615723, 1.4510458707809448, 1.5041574239730835, 1.4189958572387695];387.34798789024353
1200;[3.437978982925415, 3.4505345821380615, 3.3897323608398438, 3.3647372722625732, 3.400398015975952, 3.4893457889556885];[0.4222293496131897, 0.4376727044582367, 0.45154663920402527, 0.41371139883995056, 0.41577276587486267, 0.4048024117946625];[-2.1453921794891357, -2.1655828952789307, -2.1667442321777344, -2.119234323501587, -2.110914707183838, -2.1171011924743652];[1.4090831279754639, 1.4465867280960083, 1.3912701606750488, 1.540391445159912, 1.3888205289840698];373.6856486797333
1250;[3.4220948219299316, 3.4996025562286377, 3.54693603515625, 3.3458151817321777, 3.1548807621002197, 3.090808629989624];[0.4305312931537628, 0.43228888511657715, 0.42197853326797485, 0.4439229667186737, 0.39719897508621216, 0.3683450222015381];[-2.1536736488342285, -2.2037277221679688, -2.206946849822998, -2.1735384464263916, -2.0763819217681885, -2.008390426635742];[1.4425804615020752, 1.4177851676940918, 1.4927653074264526, 1.3075283765792847, 1.2929474115371704];836.1488571166992
1300;[3.4729998111724854, 3.482713460922241, 3.3279435634613037, 3.2968873977661133, 3.225787878036499, 3.263664484024048];[0.4191039800643921, 0.43541064858436584, 0.45964986085891724, 0.41829556226730347, 0.4127553701400757, 0.40322980284690857];[-2.148639678955078, -2.167680025100708, -2.200615406036377, -2.131621837615967, -2.097259759902954, -2.1099252700805664];[1.4331846237182617, 1.5329675674438477, 1.3388431072235107, 1.3646233081817627, 1.3706889152526855];521.5884666442871
1350;[3.4616544246673584, 3.507097005844116, 3.540264368057251, 3.6031291484832764, 3.4733643531799316, 3.6133008003234863];[0.43835362792015076, 0.47168517112731934, 0.4725344181060791, 0.48868629336357117, 0.4573541283607483, 0.46245723962783813];[-2.1895406246185303, -2.2271032333374023, -2.2594351768493652, -2.294203758239746, -2.2242093086242676, -2.2950353622436523];[1.4399313926696777, 1.4039238691329956, 1.4138082265853882, 1.3982994556427002, 1.3839497566223145];632.2084002494812
1400;[3.5098540782928467, 3.4530889987945557, 3.4378280639648438, 3.547145128250122, 3.6505982875823975, 3.516354560852051];[0.44667667150497437, 0.4231400787830353, 0.43949365615844727, 0.4454103410243988, 0.4331587255001068, 0.43438324332237244];[-2.196889638900757, -2.1610772609710693, -2.170499086380005, -2.186415195465088, -2.2090163230895996, -2.179023027420044];[1.5062978267669678, 1.4174216985702515, 1.4441663026809692, 1.5092616081237793, 1.5423372983932495];897.9164047241211
1450;[3.398092031478882, 3.4778380393981934, 3.6508522033691406, 3.4407012462615967, 3.4769933223724365, 3.4505937099456787];[0.4274410307407379, 0.45029541850090027, 0.44792765378952026, 0.43087780475616455, 0.39031049609184265, 0.3791910409927368];[-2.136824607849121, -2.1810665130615234, -2.268909454345703, -2.140169858932495, -2.117624521255493, -2.110079526901245];[1.4827321767807007, 1.5778390169143677, 1.4870456457138062, 1.7339588403701782, 1.5972150564193726];404.84766006469727
1500;[3.3999791145324707, 3.538452386856079, 3.684767007827759, 3.83996319770813, 3.9359209537506104, 4.097459316253662];[0.42848700284957886, 0.4794406294822693, 0.482159823179245, 0.5245398283004761, 0.49721044301986694, 0.5721997022628784];[-2.1453912258148193, -2.248072624206543, -2.3059821128845215, -2.4262945652008057, -2.3832812309265137, -2.5668692588806152];[1.4814077615737915, 1.3808974027633667, 1.459995150566101, 1.474136471748352, 1.49924898147583];460.23899149894714
1550;[3.435685157775879, 3.6097865104675293, 3.5407965183258057, 3.698087453842163, 3.730168342590332, 3.8213586807250977];[0.42411941289901733, 0.46506938338279724, 0.4636806547641754, 0.464992493391037, 0.4617542028427124, 0.49904707074165344];[-2.1512887477874756, -2.2428674697875977, -2.235069990158081, -2.2712783813476562, -2.2826709747314453, -2.3498237133026123];[1.4545917510986328, 1.5064195394515991, 1.3870396614074707, 1.4265673160552979, 1.3949952125549316];460.87327003479004
1600;[3.5344862937927246, 3.4898974895477295, 3.5359489917755127, 3.303300619125366, 3.435415506362915, 3.589606761932373];[0.437140554189682, 0.4448332190513611, 0.45018109679222107, 0.4208966791629791, 0.4589713215827942, 0.46455273032188416];[-2.198368787765503, -2.186668634414673, -2.20005464553833, -2.113649368286133, -2.23053240776062, -2.2767436504364014];[1.3467326164245605, 1.4771322011947632, 1.4556312561035156, 1.5123403072357178, 1.4002536535263062];429.87249207496643
1650;[3.3729896545410156, 3.5532028675079346, 3.525893211364746, 3.49723744392395, 3.297304153442383, 3.1697988510131836];[0.4261898100376129, 0.44023841619491577, 0.4613373279571533, 0.462372362613678, 0.41885626316070557, 0.3928675949573517];[-2.128889560699463, -2.222703456878662, -2.279067039489746, -2.267336130142212, -2.140103578567505, -2.0725035667419434];[1.4399919509887695, 1.4080073833465576, 1.334444284439087, 1.3242027759552002, 1.4298865795135498];391.7434003353119
1700;[3.3907694816589355, 3.5332188606262207, 3.8294918537139893, 3.911059856414795, 3.8839683532714844, 3.6996662616729736];[0.41682669520378113, 0.4488358795642853, 0.4615541100502014, 0.4771837294101715, 0.46073442697525024, 0.46731388568878174];[-2.115798234939575, -2.171286106109619, -2.2455179691314697, -2.3038547039031982, -2.2997138500213623, -2.2544374465942383];[1.4486035108566284, 1.4348857402801514, 1.5147405862808228, 1.4747133255004883, 1.4721323251724243];613.4496235847473
1750;[3.4865918159484863, 3.4327597618103027, 3.3572793006896973, 3.3012912273406982, 3.5551791191101074, 3.403541326522827];[0.43417859077453613, 0.42500537633895874, 0.40904149413108826, 0.39088383316993713, 0.4390212595462799, 0.423220157623291];[-2.1764469146728516, -2.154831886291504, -2.1228761672973633, -2.087385416030884, -2.1814475059509277, -2.142240285873413];[1.478678584098816, 1.3594812154769897, 1.4967445135116577, 1.5331612825393677, 1.4817471504211426];454.75077295303345
1800;[3.542616844177246, 3.4807775020599365, 3.4346821308135986, 3.3961732387542725, 3.472536325454712, 3.456254005432129];[0.43504461646080017, 0.4517959654331207, 0.4406393766403198, 0.4498005509376526, 0.4549986720085144, 0.5002211928367615];[-2.2129921913146973, -2.205491542816162, -2.230828046798706, -2.22163724899292, -2.2510552406311035, -2.3547356128692627];[1.3986296653747559, 1.4128177165985107, 1.3614845275878906, 1.3094143867492676, 1.4054392576217651];2360.496103286743
1850;[3.523024320602417, 3.4193499088287354, 3.3437821865081787, 3.4819107055664062, 3.3014111518859863, 3.3404922485351562];[0.43340134620666504, 0.47455573081970215, 0.44039222598075867, 0.43656644225120544, 0.426626980304718, 0.4248230457305908];[-2.2051966190338135, -2.253695487976074, -2.174278497695923, -2.1929938793182373, -2.1737210750579834, -2.1678614616394043];[1.4456795454025269, 1.4191151857376099, 1.380354881286621, 1.5222536325454712, 1.363189935684204];2307.040249109268
1900;[3.5153372287750244, 3.438192367553711, 3.4047794342041016, 3.227829933166504, 2.9553046226501465, 2.9608538150787354];[0.4438469111919403, 0.38329359889030457, 0.4076641798019409, 0.3652133047580719, 0.3459441661834717, 0.33195602893829346];[-2.202637195587158, -2.099846601486206, -2.1193532943725586, -2.08209490776062, -1.961450219154358, -1.9496082067489624];[1.3942899703979492, 1.4331594705581665, 1.4093419313430786, 1.3888248205184937, 1.4092007875442505];512.1465971469879
1950;[3.449302911758423, 3.3450353145599365, 3.372012138366699, 3.738483428955078, 3.676737070083618, 3.607816457748413];[0.4420658349990845, 0.4288134276866913, 0.4119037091732025, 0.47200605273246765, 0.4577407240867615, 0.45792916417121887];[-2.188352108001709, -2.1544442176818848, -2.1197831630706787, -2.2750563621520996, -2.281059503555298, -2.2323899269104004];[1.430879831314087, 1.5349041223526, 1.3778668642044067, 1.426767110824585, 1.4670848846435547];679.6252598762512
2000;[3.5128579139709473, 3.611919403076172, 3.3997509479522705, 3.2390451431274414, 3.2323460578918457, 3.329829216003418];[0.43277543783187866, 0.42308667302131653, 0.404090940952301, 0.39013031125068665, 0.36719825863838196, 0.4239211082458496];[-2.1851656436920166, -2.1606457233428955, -2.1193273067474365, -2.0589845180511475, -2.053520441055298, -2.1147067546844482];[1.4451537132263184, 1.4899095296859741, 1.463396430015564, 1.3552656173706055, 1.6137648820877075];1185.3404364585876
2050;[3.4718825817108154, 3.3925118446350098, 3.3927841186523438, 3.0977976322174072, 3.4419145584106445, 3.422640323638916];[0.435119092464447, 0.3948720395565033, 0.3966098129749298, 0.3715227246284485, 0.4166884124279022, 0.3813000023365021];[-2.168713331222534, -2.1097843647003174, -2.1146292686462402, -1.9691221714019775, -2.1395065784454346, -2.060415506362915];[1.3899706602096558, 1.4653851985931396, 1.487524390220642, 1.4493474960327148, 1.470388650894165];836.5168361663818
2100;[3.4577395915985107, 3.161349058151245, 3.494014024734497, 3.4419922828674316, 3.514580011367798, 3.272152900695801];[0.4313388168811798, 0.4246317148208618, 0.4864636957645416, 0.48870527744293213, 0.46790096163749695, 0.43653324246406555];[-2.1701595783233643, -2.1038742065429688, -2.3389973640441895, -2.2849459648132324, -2.28019380569458, -2.1987431049346924];[1.4028916358947754, 1.2740540504455566, 1.3024230003356934, 1.3269128799438477, 1.317705512046814];1377.2756056785583
2150;[3.5250561237335205, 3.3007590770721436, 3.4700422286987305, 3.509993076324463, 3.4792447090148926, 3.639364719390869];[0.42883846163749695, 0.41986748576164246, 0.4363783001899719, 0.43010058999061584, 0.4498385787010193, 0.48573869466781616];[-2.201998710632324, -2.110177516937256, -2.178908348083496, -2.1786327362060547, -2.2174887657165527, -2.3118174076080322];[1.469148874282837, 1.3937797546386719, 1.4353985786437988, 1.4717243909835815, 1.3854442834854126];997.2187066078186
2200;[3.4772369861602783, 3.534457206726074, 3.3198132514953613, 3.200868844985962, 3.1246981620788574, 3.1535773277282715];[0.43342170119285583, 0.4487597346305847, 0.37398838996887207, 0.35993167757987976, 0.35173946619033813, 0.34413716197013855];[-2.167332649230957, -2.1835787296295166, -2.06001353263855, -1.9695289134979248, -1.953147053718567, -1.9356162548065186];[1.5389820337295532, 1.4722026586532593, 1.4043062925338745, 1.4314574003219604, 1.4135421514511108];4137.359793663025
2250;[3.447732448577881, 3.5123608112335205, 3.596714973449707, 3.658947229385376, 3.6903157234191895, 3.5924201011657715];[0.42744630575180054, 0.49822449684143066, 0.5277227759361267, 0.5523539781570435, 0.5722466707229614, 0.5203325152397156];[-2.1626577377319336, -2.3004462718963623, -2.444396495819092, -2.5242388248443604, -2.530524253845215, -2.4110267162323];[1.4969102144241333, 1.344559907913208, 1.3033642768859863, 1.3766194581985474, 1.314727783203125];426.98882508277893
2300;[3.4258675575256348, 3.2895445823669434, 3.4562084674835205, 3.071739435195923, 3.125284194946289, 3.174866199493408];[0.43996262550354004, 0.39974266290664673, 0.3888457417488098, 0.3539028465747833, 0.3442196846008301, 0.34741055965423584];[-2.155377149581909, -2.0846080780029297, -2.109593152999878, -1.9607645273208618, -1.9578169584274292, -1.9948796033859253];[1.3730943202972412, 1.4407120943069458, 1.4557907581329346, 1.3711210489273071, 1.4905792474746704];407.263370513916
2350;[3.479848861694336, 3.261171340942383, 3.6064438819885254, 3.5575673580169678, 3.5234034061431885, 3.633944034576416];[0.4281454086303711, 0.3890819251537323, 0.4531420171260834, 0.4256582260131836, 0.4360383152961731, 0.42799514532089233];[-2.1800904273986816, -2.0568788051605225, -2.2405972480773926, -2.1770713329315186, -2.1584243774414062, -2.194134473800659];[1.4287128448486328, 1.4486591815948486, 1.7095234394073486, 1.4749813079833984, 1.5367783308029175];396.59746956825256
2400;[3.453928232192993, 3.2812092304229736, 3.061966896057129, 3.0554864406585693, 3.14776349067688, 3.502992868423462];[0.42348501086235046, 0.4150565564632416, 0.3853151798248291, 0.37842831015586853, 0.3922060430049896, 0.4387112855911255];[-2.1593546867370605, -2.0935871601104736, -1.997408151626587, -2.001516103744507, -2.0373034477233887, -2.2411937713623047];[1.4247595071792603, 1.3746713399887085, 1.3520199060440063, 1.3562109470367432, 1.4473910331726074];410.9357078075409
2450;[3.443373441696167, 3.3591175079345703, 3.456585168838501, 3.6186182498931885, 3.457859516143799, 3.352633237838745];[0.4253566563129425, 0.4160277843475342, 0.4542452096939087, 0.4748443365097046, 0.4311034679412842, 0.4189337193965912];[-2.157527446746826, -2.11539888381958, -2.205092191696167, -2.250368118286133, -2.169600248336792, -2.1326522827148438];[1.5208905935287476, 1.443169355392456, 1.38120698928833, 1.4658092260360718, 1.4628790616989136];423.16685032844543
2500;[3.500199317932129, 3.4519639015197754, 3.5033316612243652, 3.7355616092681885, 3.695120096206665, 3.6864795684814453];[0.4217135012149811, 0.46256524324417114, 0.4703540503978729, 0.5097466707229614, 0.5192059278488159, 0.5218086838722229];[-2.151613235473633, -2.222109079360962, -2.275830030441284, -2.384413242340088, -2.3806893825531006, -2.367357015609741];[1.3893779516220093, 1.3333972692489624, 1.3305388689041138, 1.5603066682815552, 1.3319343328475952];423.28865242004395
2550;[3.422832489013672, 3.4868738651275635, 3.4232656955718994, 3.4440248012542725, 3.7347261905670166, 3.7755544185638428];[0.439088374376297, 0.4666927456855774, 0.44672486186027527, 0.46894147992134094, 0.4909708797931671, 0.515443742275238];[-2.157212495803833, -2.2506325244903564, -2.2124037742614746, -2.221621036529541, -2.3322246074676514, -2.380195379257202];[1.3986759185791016, 1.4345791339874268, 1.4437777996063232, 1.357115387916565, 1.4424875974655151];404.66118931770325
2600;[3.394423484802246, 3.741403579711914, 3.728135585784912, 3.7496800422668457, 3.6512956619262695, 3.4981281757354736];[0.44063636660575867, 0.45771506428718567, 0.46349695324897766, 0.46605992317199707, 0.44720470905303955, 0.44732600450515747];[-2.1647140979766846, -2.26729679107666, -2.2545881271362305, -2.2518153190612793, -2.2146992683410645, -2.1893982887268066];[1.3757927417755127, 1.540498971939087, 1.5222549438476562, 1.4957774877548218, 1.4283146858215332];414.117591381073
2650;[3.442821979522705, 3.4880404472351074, 3.429550886154175, 3.231311798095703, 3.158679246902466, 3.2014386653900146];[0.4292795956134796, 0.4106389284133911, 0.39709097146987915, 0.3732280135154724, 0.3522482216358185, 0.361966609954834];[-2.150250196456909, -2.1097607612609863, -2.0998525619506836, -2.0255239009857178, -1.9795312881469727, -2.0079331398010254];[1.4356052875518799, 1.461692452430725, 1.653144359588623, 1.4782947301864624, 1.4328982830047607];401.81828212738037
2700;[3.5615553855895996, 3.609501838684082, 3.4206199645996094, 3.4476659297943115, 3.6761152744293213, 3.635280132293701];[0.4321097135543823, 0.4391006529331207, 0.42938631772994995, 0.47228553891181946, 0.5049273371696472, 0.49516409635543823];[-2.211458683013916, -2.2636501789093018, -2.200389862060547, -2.2692418098449707, -2.354740858078003, -2.3275012969970703];[1.381988525390625, 1.4038406610488892, 1.4352079629898071, 1.385433316230774, 1.4530351161956787];402.8940587043762
2750;[3.5089309215545654, 3.432960271835327, 3.5319838523864746, 3.5389535427093506, 3.903299331665039, 3.808725357055664];[0.43499210476875305, 0.43364518880844116, 0.4492191672325134, 0.4839431345462799, 0.5234760642051697, 0.5468331575393677];[-2.196744441986084, -2.133604049682617, -2.2275776863098145, -2.2949211597442627, -2.462563991546631, -2.5072669982910156];[1.5251234769821167, 1.4072070121765137, 1.4448046684265137, 1.4107717275619507, 1.5327773094177246];494.3669455051422
2800;[3.548353433609009, 3.5175414085388184, 3.6386666297912598, 3.649890899658203, 3.4233720302581787, 3.488800048828125];[0.42625173926353455, 0.44586336612701416, 0.4542829096317291, 0.47155290842056274, 0.4316699802875519, 0.41184407472610474];[-2.2053003311157227, -2.2116572856903076, -2.23667049407959, -2.2870326042175293, -2.1651411056518555, -2.154853582382202];[1.415387749671936, 1.4539870023727417, 1.476379632949829, 1.4291352033615112, 1.4997823238372803];488.56260871887207
2850;[3.4069786071777344, 3.358828544616699, 3.3083338737487793, 3.532940626144409, 3.601120948791504, 3.6737287044525146];[0.42313840985298157, 0.42186450958251953, 0.4273965358734131, 0.44601261615753174, 0.4502713084220886, 0.4805811643600464];[-2.1496262550354004, -2.106218099594116, -2.1277806758880615, -2.2268941402435303, -2.214846611022949, -2.304692029953003];[1.4206163883209229, 1.5749586820602417, 1.4105064868927002, 1.4593138694763184, 1.4663234949111938];461.2908191680908
2900;[3.4786903858184814, 3.4192371368408203, 3.3387362957000732, 3.399388313293457, 3.486774206161499, 3.4021196365356445];[0.4198276996612549, 0.414951890707016, 0.42723962664604187, 0.4846978783607483, 0.4727330207824707, 0.46879029273986816];[-2.169485092163086, -2.1334636211395264, -2.166576862335205, -2.2894248962402344, -2.2927820682525635, -2.2726011276245117];[1.5595101118087769, 1.4296283721923828, 1.3239694833755493, 1.3194894790649414, 1.420718789100647];434.2450795173645
2950;[3.457639694213867, 3.421360969543457, 3.2264115810394287, 3.6174051761627197, 3.479703187942505, 3.2539384365081787];[0.41961294412612915, 0.4205588102340698, 0.39133745431900024, 0.42297565937042236, 0.40593206882476807, 0.3787282705307007];[-2.1645867824554443, -2.1155900955200195, -2.0296719074249268, -2.1575708389282227, -2.1295065879821777, -2.0252761840820312];[1.4005879163742065, 1.4775396585464478, 1.405052661895752, 1.456930160522461, 1.5253982543945312];444.0100305080414
3000;[3.4256255626678467, 3.408449172973633, 3.2254247665405273, 3.4729292392730713, 3.3897972106933594, 3.453202724456787];[0.4304555654525757, 0.41610950231552124, 0.38083523511886597, 0.4197440445423126, 0.41235220432281494, 0.43731212615966797];[-2.1510977745056152, -2.131861925125122, -2.016852378845215, -2.1597483158111572, -2.087062120437622, -2.131972551345825];[1.4508298635482788, 1.4232844114303589, 1.4295766353607178, 1.4285318851470947, 1.4538557529449463];378.6401963233948
3050;[3.5232760906219482, 3.4997825622558594, 3.5134923458099365, 3.1517205238342285, 3.3916738033294678, 3.312384605407715];[0.4335034191608429, 0.4171864092350006, 0.43958917260169983, 0.41130656003952026, 0.4201993942260742, 0.4133303165435791];[-2.183851718902588, -2.18310284614563, -2.1855714321136475, -2.0508971214294434, -2.1498947143554688, -2.119288682937622];[1.4893990755081177, 1.376542329788208, 1.3823779821395874, 1.4031568765640259, 1.3640254735946655];377.69584441185
3100;[3.5262510776519775, 3.695530652999878, 3.644214630126953, 3.807288408279419, 3.6600778102874756, 3.4961791038513184];[0.4273252487182617, 0.46259617805480957, 0.4620145857334137, 0.4795546531677246, 0.4506879150867462, 0.44953349232673645];[-2.1755728721618652, -2.3006882667541504, -2.2599329948425293, -2.3094704151153564, -2.2426164150238037, -2.194828987121582];[1.466610312461853, 1.4032210111618042, 1.479382038116455, 1.5620225667953491, 1.4473867416381836];377.6987748146057
3150;[3.481098175048828, 3.591747522354126, 3.3967089653015137, 3.638011932373047, 3.3945095539093018, 3.6121184825897217];[0.4412480592727661, 0.457090824842453, 0.44033801555633545, 0.44974592328071594, 0.39662739634513855, 0.411825954914093];[-2.1739420890808105, -2.237204074859619, -2.154682159423828, -2.245558023452759, -2.102795362472534, -2.150632619857788];[1.3970140218734741, 1.4278000593185425, 1.3911253213882446, 1.4340800046920776, 1.5340549945831299];376.3761303424835
3200;[3.5564115047454834, 3.571902275085449, 3.5152149200439453, 3.540891647338867, 3.434691905975342, 3.546501874923706];[0.42679154872894287, 0.44434189796447754, 0.46120935678482056, 0.4535498023033142, 0.4535355865955353, 0.44839057326316833];[-2.2020366191864014, -2.223783493041992, -2.2151012420654297, -2.2117130756378174, -2.209139823913574, -2.258373737335205];[1.4627749919891357, 1.4476476907730103, 1.5632158517837524, 1.4272291660308838, 1.3802217245101929];380.47951316833496
3250;[3.5460596084594727, 3.44827938079834, 3.408169984817505, 3.615818738937378, 3.5586791038513184, 3.6550168991088867];[0.44870391488075256, 0.41678130626678467, 0.4289146363735199, 0.42568492889404297, 0.4128536880016327, 0.4132870137691498];[-2.22725510597229, -2.12247896194458, -2.1267917156219482, -2.1631619930267334, -2.1149685382843018, -2.118009567260742];[1.4305607080459595, 1.4214767217636108, 1.4607044458389282, 1.453342080116272, 1.5564167499542236];377.19851183891296
3300;[3.5628983974456787, 3.4646008014678955, 3.544579029083252, 3.3619649410247803, 3.394463300704956, 3.427257776260376];[0.4286653399467468, 0.4509681463241577, 0.44625237584114075, 0.4591939449310303, 0.49407655000686646, 0.4869937598705292];[-2.204709529876709, -2.2221672534942627, -2.2715132236480713, -2.226350784301758, -2.2982640266418457, -2.3090708255767822];[1.3652318716049194, 1.3917509317398071, 1.3580751419067383, 1.4084370136260986, 1.3369193077087402];381.34601497650146
3350;[3.4647178649902344, 3.2714855670928955, 3.3142712116241455, 3.257700204849243, 3.238187074661255, 3.0345942974090576];[0.42730820178985596, 0.3928828835487366, 0.38909074664115906, 0.3900547921657562, 0.3721769452095032, 0.3285801410675049];[-2.1585211753845215, -2.0573060512542725, -2.080202102661133, -2.0636820793151855, -2.037640333175659, -1.928061842918396];[1.3729313611984253, 1.4737249612808228, 1.4511057138442993, 1.5164477825164795, 1.3812575340270996];379.49039340019226
3400;[3.4300949573516846, 3.0743885040283203, 3.1970036029815674, 3.0975615978240967, 3.223388671875, 3.239539384841919];[0.4225103259086609, 0.3538491129875183, 0.37071770429611206, 0.37338170409202576, 0.34331825375556946, 0.3609459698200226];[-2.153245210647583, -1.9756683111190796, -2.043073892593384, -1.999682903289795, -1.9921364784240723, -2.041682481765747];[1.3664191961288452, 1.3553223609924316, 1.3539596796035767, 1.3392168283462524, 1.4891903400421143];379.46142625808716
3450;[3.4317879676818848, 3.395949125289917, 3.479914665222168, 3.34726619720459, 3.291222333908081, 3.1153056621551514];[0.42851898074150085, 0.41684189438819885, 0.43606364727020264, 0.4225797653198242, 0.4263348877429962, 0.39921170473098755];[-2.1599225997924805, -2.1584861278533936, -2.188866138458252, -2.1398508548736572, -2.159899950027466, -2.102998733520508];[1.359683632850647, 1.4385789632797241, 1.3913145065307617, 1.330714225769043, 1.3289164304733276];375.9535245895386
3500;[3.43996524810791, 3.623459577560425, 3.54423451423645, 3.740615129470825, 3.987154006958008, 4.102339744567871];[0.4161004424095154, 0.46485257148742676, 0.4991907477378845, 0.5148816108703613, 0.5633934140205383, 0.5969028472900391];[-2.1366357803344727, -2.2694685459136963, -2.3274338245391846, -2.410571336746216, -2.5309009552001953, -2.6746959686279297];[1.510897159576416, 1.4956135749816895, 1.4370038509368896, 1.368190050125122, 1.5753436088562012];381.6600742340088
3550;[3.530898094177246, 3.540475606918335, 3.5226175785064697, 3.4560024738311768, 3.455880880355835, 3.2689545154571533];[0.4299246668815613, 0.43680304288864136, 0.439071923494339, 0.4284752309322357, 0.44754558801651, 0.41147249937057495];[-2.201012134552002, -2.204782247543335, -2.212047815322876, -2.1826207637786865, -2.2323548793792725, -2.090583086013794];[1.4692564010620117, 1.4013323783874512, 1.555496096611023, 1.5200886726379395, 1.337619423866272];381.05575823783875
3600;[3.4477524757385254, 3.693066358566284, 3.605038642883301, 3.7630209922790527, 3.8169312477111816, 3.9336464405059814];[0.4325738847255707, 0.4187610447406769, 0.43831509351730347, 0.4539741277694702, 0.46892645955085754, 0.49151477217674255];[-2.174731731414795, -2.2055230140686035, -2.1554155349731445, -2.2322278022766113, -2.2736897468566895, -2.3152236938476562];[1.6281895637512207, 1.4404864311218262, 1.5781608819961548, 1.4881105422973633, 1.5761420726776123];380.086501121521
3650;[3.540844678878784, 3.3714704513549805, 3.435502290725708, 3.3429102897644043, 3.5557057857513428, 3.5278685092926025];[0.4399881660938263, 0.4224988520145416, 0.4105912148952484, 0.4084469676017761, 0.39493027329444885, 0.4141559302806854];[-2.20306396484375, -2.148374319076538, -2.179309606552124, -2.111721992492676, -2.1660265922546387, -2.1787211894989014];[1.4857816696166992, 1.410251498222351, 1.4622910022735596, 1.5222464799880981, 1.5387970209121704];376.9380192756653
3700;[3.4027581214904785, 3.6305794715881348, 3.6626951694488525, 3.4256415367126465, 3.4076313972473145, 3.4979989528656006];[0.43114277720451355, 0.46939802169799805, 0.4441851079463959, 0.4166979193687439, 0.42095163464546204, 0.43918994069099426];[-2.1527085304260254, -2.264625310897827, -2.2308266162872314, -2.1218955516815186, -2.149066209793091, -2.187765598297119];[1.4258722066879272, 1.3565031290054321, 1.4890539646148682, 1.4674936532974243, 1.5182194709777832];374.5861337184906
3750;[3.417722225189209, 3.3815486431121826, 3.313337564468384, 3.537642002105713, 3.702986240386963, 3.4148128032684326];[0.4201606214046478, 0.42707470059394836, 0.4286833703517914, 0.448083758354187, 0.5039333701133728, 0.4411223530769348];[-2.120706558227539, -2.151625871658325, -2.1136181354522705, -2.2346620559692383, -2.38645076751709, -2.185544013977051];[1.5076102018356323, 1.3614871501922607, 1.469052791595459, 1.4567700624465942, 1.3520509004592896];381.50370168685913
3800;[3.5380775928497314, 3.358729839324951, 3.4693143367767334, 3.530144214630127, 3.475827693939209, 3.6411821842193604];[0.4449352025985718, 0.4091724753379822, 0.39736005663871765, 0.4020017385482788, 0.3775496780872345, 0.39874574542045593];[-2.1953392028808594, -2.106872081756592, -2.0857794284820557, -2.09328556060791, -2.055072546005249, -2.10479736328125];[1.437378168106079, 1.3980903625488281, 1.4326815605163574, 1.4768263101577759, 1.5950835943222046];380.8167939186096
3850;[3.3782663345336914, 3.3751397132873535, 3.3806262016296387, 3.304760217666626, 3.434516668319702, 3.2508442401885986];[0.43335577845573425, 0.40842747688293457, 0.4046369791030884, 0.41086438298225403, 0.41752710938453674, 0.4039151072502136];[-2.1257143020629883, -2.1015028953552246, -2.113410711288452, -2.095477342605591, -2.189459800720215, -2.0912678241729736];[1.3927130699157715, 1.4182854890823364, 1.5834388732910156, 1.415177345275879, 1.4512301683425903];381.883065700531
3900;[3.400075674057007, 3.6069798469543457, 3.542952537536621, 3.4563956260681152, 3.819000005722046, 3.8553993701934814];[0.42518237233161926, 0.46327751874923706, 0.4252123534679413, 0.4374683201313019, 0.4771425127983093, 0.49919047951698303];[-2.1462230682373047, -2.2579345703125, -2.20487380027771, -2.163348913192749, -2.3167178630828857, -2.3438167572021484];[1.5412731170654297, 1.4629740715026855, 1.4175602197647095, 1.3425225019454956, 1.5490190982818604];380.5661053657532
3950;[3.5219907760620117, 3.3776395320892334, 3.490267038345337, 3.2693402767181396, 3.3288443088531494, 3.2040629386901855];[0.43788301944732666, 0.42026907205581665, 0.40810903906822205, 0.36926549673080444, 0.3788481056690216, 0.3606867790222168];[-2.1906542778015137, -2.1395058631896973, -2.173454523086548, -2.0514936447143555, -2.0751898288726807, -2.0402650833129883];[1.4576197862625122, 1.5236619710922241, 1.4354788064956665, 1.630523681640625, 1.4714581966400146];381.589795589447
4000;[3.4889564514160156, 3.3613879680633545, 3.6274518966674805, 3.548407793045044, 3.6203558444976807, 3.452220916748047];[0.419704794883728, 0.3946613669395447, 0.4132101833820343, 0.41511818766593933, 0.4448273181915283, 0.42675092816352844];[-2.1676790714263916, -2.1112821102142334, -2.1781764030456543, -2.142662525177002, -2.2560582160949707, -2.1409852504730225];[1.4340693950653076, 1.4765547513961792, 1.5297179222106934, 1.5006921291351318, 1.4560527801513672];382.7298309803009
4050;[3.568859577178955, 3.6814794540405273, 3.5297794342041016, 3.409301280975342, 3.2628285884857178, 3.327240467071533];[0.4272952973842621, 0.4787759482860565, 0.44280314445495605, 0.43163689970970154, 0.40854308009147644, 0.4115847051143646];[-2.2002525329589844, -2.327989339828491, -2.189812421798706, -2.158803701400757, -2.114057779312134, -2.1576943397521973];[1.3979111909866333, 1.3896316289901733, 1.3654991388320923, 1.3840842247009277, 1.3721054792404175];381.0678734779358
4100;[3.4559199810028076, 3.540921449661255, 3.2455391883850098, 3.2294907569885254, 3.166855812072754, 3.2348241806030273];[0.43601733446121216, 0.4400692880153656, 0.38444092869758606, 0.3793690502643585, 0.3674756586551666, 0.3736256957054138];[-2.1943347454071045, -2.2155394554138184, -2.044996500015259, -2.0497686862945557, -2.0251529216766357, -2.0347702503204346];[1.4656541347503662, 1.4866454601287842, 1.3807913064956665, 1.4535104036331177, 1.4359289407730103];378.2219898700714
4150;[3.433300495147705, 3.3449008464813232, 3.319261074066162, 3.4777462482452393, 3.311021327972412, 3.3765902519226074];[0.4243253767490387, 0.38623949885368347, 0.38115745782852173, 0.381351500749588, 0.35326191782951355, 0.36673492193222046];[-2.129598617553711, -2.047297239303589, -2.0413002967834473, -2.0922670364379883, -1.9987285137176514, -2.057934522628784];[1.4008816480636597, 1.4615238904953003, 1.4454424381256104, 1.5511747598648071, 1.5101096630096436];381.13656425476074
4200;[3.552973985671997, 3.4235029220581055, 3.345750570297241, 3.2169408798217773, 3.3588626384735107, 3.3729753494262695];[0.4355594515800476, 0.44216689467430115, 0.4118746817111969, 0.39126962423324585, 0.43389299511909485, 0.42715826630592346];[-2.2056286334991455, -2.1509804725646973, -2.1246533393859863, -2.064033031463623, -2.1417858600616455, -2.1385719776153564];[1.4416403770446777, 1.47557532787323, 1.4127036333084106, 1.3238162994384766, 1.3763638734817505];380.1696219444275
4250;[3.439617872238159, 3.572356700897217, 3.433408260345459, 3.6834537982940674, 3.488710403442383, 3.6014785766601562];[0.4486544132232666, 0.41385239362716675, 0.4483311176300049, 0.47823265194892883, 0.4696533679962158, 0.4611275792121887];[-2.158219337463379, -2.1687188148498535, -2.180544137954712, -2.343344211578369, -2.2965662479400635, -2.3273279666900635];[1.4138010740280151, 1.472120761871338, 1.4299285411834717, 1.5200581550598145, 1.367091178894043];384.5867187976837
4300;[3.4404165744781494, 3.4198994636535645, 3.442180871963501, 3.258165121078491, 3.1454484462738037, 3.1042191982269287];[0.4380873441696167, 0.42330068349838257, 0.40832948684692383, 0.4000648856163025, 0.37057915329933167, 0.3604823648929596];[-2.167135715484619, -2.1688015460968018, -2.1351075172424316, -2.0797922611236572, -2.036414384841919, -2.0422136783599854];[1.4293386936187744, 1.3876621723175049, 1.403909683227539, 1.5205934047698975, 1.4435805082321167];378.69160890579224
4350;[3.5066659450531006, 3.5033211708068848, 3.503025531768799, 3.471139669418335, 3.3762240409851074, 3.601451873779297];[0.42971107363700867, 0.4493062198162079, 0.4342113733291626, 0.4293014407157898, 0.44219890236854553, 0.4712495803833008];[-2.201038360595703, -2.204612970352173, -2.2078351974487305, -2.164047956466675, -2.179334878921509, -2.2758986949920654];[1.4041314125061035, 1.4392540454864502, 1.4215819835662842, 1.4296936988830566, 1.4426586627960205];407.5876922607422
4400;[3.388012409210205, 3.416276454925537, 3.227400541305542, 3.386058807373047, 3.565443992614746, 3.545212745666504];[0.43449947237968445, 0.4167401194572449, 0.38969072699546814, 0.4238851070404053, 0.4041421413421631, 0.43672794103622437];[-2.1369526386260986, -2.1855740547180176, -2.0560340881347656, -2.1328675746917725, -2.1679165363311768, -2.165140151977539];[1.4521327018737793, 1.4730048179626465, 1.3634986877441406, 1.4379264116287231, 1.4749236106872559];378.63645362854004
4450;[3.46403431892395, 3.516352653503418, 3.4513516426086426, 3.213759660720825, 3.3601603507995605, 3.363396167755127];[0.4295528829097748, 0.4426513910293579, 0.43791162967681885, 0.4336811602115631, 0.44130948185920715, 0.44117456674575806];[-2.17692232131958, -2.2017736434936523, -2.1853220462799072, -2.1145522594451904, -2.194074869155884, -2.1683614253997803];[1.5305474996566772, 1.4338270425796509, 1.3447535037994385, 1.3747787475585938, 1.3539183139801025];375.13214445114136
4500;[3.435029983520508, 3.5239956378936768, 3.443977117538452, 3.4655025005340576, 3.28639554977417, 3.315599203109741];[0.4312841594219208, 0.4379207193851471, 0.42328590154647827, 0.44410598278045654, 0.40333935618400574, 0.4133833944797516];[-2.1519405841827393, -2.1726932525634766, -2.155582904815674, -2.200201988220215, -2.1164731979370117, -2.167436361312866];[1.4830230474472046, 1.3957819938659668, 1.4801644086837769, 1.3828002214431763, 1.4713650941848755];376.3923292160034
4550;[3.4912192821502686, 3.4660496711730957, 3.6270105838775635, 3.6404073238372803, 3.641456127166748, 3.556267738342285];[0.41575321555137634, 0.4552255868911743, 0.4083094894886017, 0.422761470079422, 0.44759267568588257, 0.40147241950035095];[-2.1820414066314697, -2.213212013244629, -2.1648330688476562, -2.1880745887756348, -2.1853115558624268, -2.133680582046509];[1.4108039140701294, 1.342219591140747, 1.6435476541519165, 1.4097541570663452, 1.4972796440124512];380.7382776737213
4600;[3.322650909423828, 3.51871395111084, 3.4628746509552, 3.5890419483184814, 3.5621440410614014, 3.7650632858276367];[0.43635958433151245, 0.42450299859046936, 0.4465571939945221, 0.4496115446090698, 0.44000741839408875, 0.42843350768089294];[-2.133258819580078, -2.1702699661254883, -2.1653428077697754, -2.2060303688049316, -2.200995683670044, -2.2244067192077637];[1.4707304239273071, 1.4605482816696167, 1.5606328248977661, 1.751924753189087, 1.5807788372039795];383.5124361515045
4650;[3.4254584312438965, 3.383781909942627, 3.553957939147949, 3.5462098121643066, 3.3528079986572266, 3.167060136795044];[0.4274805188179016, 0.4059605598449707, 0.4231676459312439, 0.3991320729255676, 0.3753408193588257, 0.3728412091732025];[-2.1472837924957275, -2.0986552238464355, -2.1520564556121826, -2.1037485599517822, -2.048130989074707, -1.9827262163162231];[1.4355543851852417, 1.4640809297561646, 1.5685369968414307, 1.4488874673843384, 1.3992607593536377];375.4212121963501
4700;[3.4441146850585938, 3.6385600566864014, 3.8688294887542725, 4.181911468505859, 4.119897842407227, 3.9114723205566406];[0.4355427324771881, 0.4568943381309509, 0.5092334747314453, 0.5395265221595764, 0.5439601540565491, 0.5042279362678528];[-2.167985439300537, -2.2312724590301514, -2.3577940464019775, -2.4848337173461914, -2.5062780380249023, -2.3800923824310303];[1.4566947221755981, 1.493942141532898, 1.4933421611785889, 1.5257835388183594, 1.5204367637634277];381.13458013534546
4750;[3.427764654159546, 3.2218990325927734, 3.147217273712158, 3.118154764175415, 3.3235394954681396, 3.2393569946289062];[0.43967872858047485, 0.39416176080703735, 0.37604856491088867, 0.3594668209552765, 0.36924201250076294, 0.3635132908821106];[-2.1648216247558594, -2.0405595302581787, -1.9866753816604614, -1.9718620777130127, -2.055990219116211, -2.0097274780273438];[1.4229375123977661, 1.4576492309570312, 1.479398488998413, 1.3971492052078247, 1.5957101583480835];378.2505204677582
4800;[3.6132876873016357, 3.4306063652038574, 3.3837532997131348, 3.2351887226104736, 3.3437438011169434, 3.390455961227417];[0.43190473318099976, 0.46161291003227234, 0.455098956823349, 0.4240887761116028, 0.4169713854789734, 0.44043147563934326];[-2.2278809547424316, -2.221040964126587, -2.206848382949829, -2.1367807388305664, -2.1438562870025635, -2.2082788944244385];[1.4324054718017578, 1.393118143081665, 1.3479642868041992, 1.377227544784546, 1.3681955337524414];376.0704617500305
4850;[3.4939403533935547, 3.4656012058258057, 3.656999111175537, 3.7166967391967773, 3.7075531482696533, 3.8133137226104736];[0.42048031091690063, 0.4444411098957062, 0.4764195680618286, 0.504163920879364, 0.5135092735290527, 0.5089350342750549];[-2.1906533241271973, -2.1622958183288574, -2.302286386489868, -2.3717551231384277, -2.3869612216949463, -2.393965244293213];[1.401949405670166, 1.4554517269134521, 1.4427123069763184, 1.5603843927383423, 1.4141710996627808];381.3955428600311
4900;[3.500035047531128, 3.266070604324341, 3.3384485244750977, 3.311918258666992, 3.351322650909424, 3.523988723754883];[0.43954998254776, 0.4261630177497864, 0.43859100341796875, 0.46474868059158325, 0.43453744053840637, 0.49789297580718994];[-2.187502145767212, -2.149301052093506, -2.1694374084472656, -2.1851718425750732, -2.1897032260894775, -2.337853193283081];[1.4528001546859741, 1.463487148284912, 1.3788738250732422, 1.3222280740737915, 1.4902502298355103];378.2293722629547
4950;[3.6074352264404297, 3.573330879211426, 3.3152003288269043, 3.498208522796631, 3.4485790729522705, 3.551600694656372];[0.4442906975746155, 0.4380872845649719, 0.3986012041568756, 0.42896226048469543, 0.43307268619537354, 0.4529761075973511];[-2.2326273918151855, -2.2011656761169434, -2.0958855152130127, -2.177351474761963, -2.1961331367492676, -2.2272002696990967];[1.477205514907837, 1.4586085081100464, 1.4438616037368774, 1.463570237159729, 1.4495301246643066];377.0175664424896
5000;[3.4515857696533203, 3.545114278793335, 3.5541739463806152, 3.548802137374878, 3.3714284896850586, 3.5809388160705566];[0.4284898042678833, 0.4396561086177826, 0.4256581664085388, 0.4058823883533478, 0.40087583661079407, 0.41875752806663513];[-2.155395984649658, -2.1803488731384277, -2.152191400527954, -2.096762180328369, -2.0509979724884033, -2.1615853309631348];[1.4226378202438354, 1.5212879180908203, 1.4705244302749634, 1.5098100900650024, 1.4900444746017456];378.0435702800751
