Seed;RMSE History;MMD History;Log-Likelihood History;Max EIG History;Deployment Time
50;[3.4535317420959473, 2.328322172164917, 5.795496940612793, 8.625069618225098, 9.720757484436035, 11.397757530212402];[0.44550904631614685, 0.3152095675468445, 1.3409028053283691, 1.5394032001495361, 1.56427001953125, 1.6026084423065186];[-2.1841557025909424, -2.0928609371185303, -12.910037994384766, -19.7697696685791, -21.588821411132812, -24.134681701660156];[1.4264227151870728, 0.7828671932220459, 0.44200801849365234, 0.22575312852859497, 0.1707836538553238];299.4255039691925
100;[3.597290515899658, 3.2844057083129883, 19.134647369384766, 19.94207000732422, 20.5262508392334, 21.405494689941406];[0.4178268313407898, 0.7336074709892273, 1.6434863805770874, 1.6472419500350952, 1.6886680126190186, 1.6878160238265991];[-2.225539207458496, -3.1115684509277344, -28.985530853271484, -30.379770278930664, -31.401926040649414, -31.34821891784668];[1.3921425342559814, 0.9419776201248169, 0.5296671390533447, 0.29775699973106384, 0.21538162231445312];293.3887722492218
150;[3.4319088459014893, 3.2747578620910645, 4.7749738693237305, 5.659823894500732, 6.503261566162109, 7.54229736328125];[0.43440350890159607, 0.8531923294067383, 1.1875803470611572, 1.3552095890045166, 1.381514310836792, 1.4401350021362305];[-2.1458182334899902, -4.76526403427124, -11.120946884155273, -14.111266136169434, -16.820539474487305, -18.46335792541504];[1.4685475826263428, 0.80096834897995, 0.3837345242500305, 0.22282658517360687, 0.15249139070510864];312.03839683532715
200;[3.4882147312164307, 2.8784101009368896, 6.091701984405518, 6.902341842651367, 8.409100532531738, 8.627373695373535];[0.43370386958122253, 0.7194705605506897, 1.3420689105987549, 1.39371919631958, 1.4676644802093506, 1.4790104627609253];[-2.181112289428711, -3.590679407119751, -14.218137741088867, -16.674598693847656, -19.961198806762695, -20.5269832611084];[1.4078642129898071, 0.777765154838562, 0.39170435070991516, 0.25988778471946716, 0.15207740664482117];287.41415667533875
250;[3.4891486167907715, 2.2263500690460205, 7.260035514831543, 8.378795623779297, 10.315463066101074, 11.593270301818848];[0.43905624747276306, 0.30486592650413513, 1.4395172595977783, 1.5074251890182495, 1.5658395290374756, 1.6098458766937256];[-2.1856272220611572, -2.0249202251434326, -15.776191711425781, -18.584863662719727, -22.502168655395508, -24.388671875];[1.4171242713928223, 0.8210437297821045, 0.42715200781822205, 0.23831360042095184, 0.17611005902290344];291.0482654571533
300;[3.4684314727783203, 2.514334201812744, 4.173443794250488, 5.1855244636535645, 6.483137607574463, 7.541622161865234];[0.433230459690094, 0.5543973445892334, 1.1672065258026123, 1.301155924797058, 1.3774861097335815, 1.4538772106170654];[-2.175381660461426, -2.685019016265869, -8.940427780151367, -12.82470417022705, -16.202926635742188, -18.573822021484375];[1.416370153427124, 0.786293625831604, 0.41053080558776855, 0.22396253049373627, 0.17101366817951202];288.40052461624146
350;[3.426074743270874, 3.5877904891967773, 5.656952381134033, 6.370076656341553, 7.741778373718262, 8.254363059997559];[0.4136400818824768, 0.8976753354072571, 1.321441411972046, 1.4011828899383545, 1.4260004758834839, 1.512148141860962];[-2.1508469581604004, -5.40508508682251, -13.672945022583008, -15.87513256072998, -18.206697463989258, -20.396732330322266];[1.4400101900100708, 0.8166574835777283, 0.3565487563610077, 0.24465884268283844, 0.14530979096889496];311.45958065986633
400;[3.480447769165039, 2.4942405223846436, 13.328690528869629, 15.576807975769043, 16.107257843017578, 15.929652214050293];[0.4406643807888031, 0.30430924892425537, 1.5366946458816528, 1.604678988456726, 1.611203908920288, 1.635347843170166];[-2.1900761127471924, -1.8763515949249268, -25.389972686767578, -27.97164535522461, -28.439666748046875, -28.971996307373047];[1.4105747938156128, 0.912422239780426, 0.6135792136192322, 0.2887008488178253, 0.1818246692419052];307.56152415275574
450;[3.629896402359009, 2.29571795463562, 7.664815902709961, 9.357715606689453, 10.477436065673828, 10.970617294311523];[0.42785149812698364, 0.37080156803131104, 1.4294098615646362, 1.5214811563491821, 1.5673588514328003, 1.5831713676452637];[-2.2236576080322266, -2.104635715484619, -16.820045471191406, -19.62816619873047, -22.747730255126953, -23.327760696411133];[1.562289834022522, 0.7485201358795166, 0.4030550420284271, 0.25258973240852356, 0.18281938135623932];311.74342918395996
500;[3.3648812770843506, 2.3771493434906006, 10.927148818969727, 12.685632705688477, 13.120882987976074, 13.797737121582031];[0.44050097465515137, 0.3154310882091522, 1.5142931938171387, 1.5862336158752441, 1.6129714250564575, 1.626712679862976];[-2.117938995361328, -2.003141403198242, -21.817968368530273, -24.84939193725586, -25.975553512573242, -26.577592849731445];[1.525174617767334, 0.8327613472938538, 0.5016219615936279, 0.2688925564289093, 0.18973125517368317];314.14502120018005
550;[3.362457513809204, 2.58980393409729, 6.7644782066345215, 8.161906242370605, 8.933542251586914, 10.418822288513184];[0.4273624122142792, 0.4325879216194153, 1.3796857595443726, 1.4764360189437866, 1.5152820348739624, 1.5718611478805542];[-2.1138741970062256, -2.34383487701416, -13.784891128540039, -18.102371215820312, -19.504777908325195, -22.81494140625];[1.3570165634155273, 0.8677495121955872, 0.476365327835083, 0.2507397532463074, 0.18127602338790894];309.3234610557556
600;[3.4779739379882812, 2.858532428741455, 8.260008811950684, 9.726192474365234, 10.332921981811523, 11.48806095123291];[0.42433440685272217, 0.630956768989563, 1.4687936305999756, 1.5614374876022339, 1.609783411026001, 1.6352423429489136];[-2.1737163066864014, -3.1689748764038086, -18.16449546813965, -21.589176177978516, -22.18840789794922, -23.770309448242188];[1.4240550994873047, 0.8054644465446472, 0.41223129630088806, 0.21583324670791626, 0.17172794044017792];313.02115654945374
650;[3.5407519340515137, 2.457360029220581, 10.526405334472656, 12.85498046875, 13.376396179199219, 14.327744483947754];[0.43656808137893677, 0.35900288820266724, 1.5116208791732788, 1.5960756540298462, 1.6236673593521118, 1.6320565938949585];[-2.2121787071228027, -2.067730665206909, -21.28923225402832, -25.305490493774414, -25.802520751953125, -26.77302360534668];[1.4594218730926514, 0.8880902528762817, 0.5583058595657349, 0.2665002942085266, 0.18951290845870972];311.42883801460266
700;[3.4655158519744873, 2.638904333114624, 4.777342319488525, 5.8230695724487305, 7.199069499969482, 7.421801567077637];[0.4309043884277344, 0.632016122341156, 1.2224186658859253, 1.341549277305603, 1.4555412530899048, 1.4541279077529907];[-2.1853156089782715, -3.079918146133423, -11.163667678833008, -14.253063201904297, -17.471019744873047, -18.453418731689453];[1.3925169706344604, 0.7638097405433655, 0.38428905606269836, 0.23337380588054657, 0.1436958611011505];312.20581889152527
750;[3.474484443664551, 2.9273486137390137, 5.893913745880127, 6.364157676696777, 7.684196472167969, 8.6660737991333];[0.4471079111099243, 0.744714617729187, 1.3342273235321045, 1.3780399560928345, 1.4573971033096313, 1.5177253484725952];[-2.1904795169830322, -3.8498191833496094, -14.276833534240723, -15.845876693725586, -18.905445098876953, -20.734153747558594];[1.4034637212753296, 0.7337126731872559, 0.39305147528648376, 0.22516806423664093, 0.1610739380121231];312.9010808467865
800;[3.5488901138305664, 3.021469831466675, 4.621529579162598, 5.366748332977295, 6.3991379737854, 6.9262166023254395];[0.4226207137107849, 0.8302086591720581, 1.2280393838882446, 1.29167902469635, 1.4121586084365845, 1.4390912055969238];[-2.211388349533081, -4.315648078918457, -11.264240264892578, -12.902276039123535, -17.012943267822266, -18.28946876525879];[1.4197908639907837, 0.775442898273468, 0.36901992559432983, 0.21839335560798645, 0.1420554667711258];312.5234725475311
850;[3.3409130573272705, 3.4283134937286377, 5.205416202545166, 6.837036609649658, 8.241714477539062, 8.665136337280273];[0.43717724084854126, 0.9218130111694336, 1.2612183094024658, 1.4151480197906494, 1.496442437171936, 1.466705083847046];[-2.1206741333007812, -5.36710786819458, -12.2514066696167, -16.407880783081055, -20.613304138183594, -20.477294921875];[1.4117730855941772, 0.7845453023910522, 0.3360915184020996, 0.21946994960308075, 0.13891437649726868];292.1114659309387
900;[3.5120975971221924, 2.49619460105896, 3.965898036956787, 4.4176435470581055, 5.302994251251221, 5.97840690612793];[0.43827444314956665, 0.6147677898406982, 1.12723708152771, 1.1778990030288696, 1.3484874963760376, 1.3634849786758423];[-2.1942410469055176, -2.876171827316284, -8.6801176071167, -10.307771682739258, -14.162744522094727, -15.50587272644043];[1.4822183847427368, 0.7864397764205933, 0.35861000418663025, 0.2446882277727127, 0.1473761945962906];311.38826394081116
950;[3.4888288974761963, 2.4989964962005615, 11.344709396362305, 12.321657180786133, 13.543693542480469, 14.175872802734375];[0.4305139482021332, 0.3815448582172394, 1.526818037033081, 1.5772721767425537, 1.6342415809631348, 1.634696364402771];[-2.1909918785095215, -2.136704683303833, -21.71840476989746, -24.454570770263672, -25.76424789428711, -26.915624618530273];[1.3763808012008667, 0.8868862986564636, 0.4845631718635559, 0.26543954014778137, 0.18048971891403198];299.30177426338196
1000;[3.4790709018707275, 2.4751827716827393, 6.47844123840332, 7.785715103149414, 10.101632118225098, 10.71225357055664];[0.4421994388103485, 0.3386307954788208, 1.3486436605453491, 1.4935377836227417, 1.5809106826782227, 1.5543901920318604];[-2.195986032485962, -2.176919460296631, -13.847847938537598, -17.485124588012695, -22.135765075683594, -21.927875518798828];[1.4298933744430542, 0.8010150194168091, 0.4800319969654083, 0.2709081172943115, 0.1721276342868805];293.6381661891937
1050;[3.4341771602630615, 2.7852089405059814, 9.707208633422852, 11.09933090209961, 12.890218734741211, 14.195528984069824];[0.4304201006889343, 0.5248622298240662, 1.4756512641906738, 1.5627343654632568, 1.604489803314209, 1.6244102716445923];[-2.155642032623291, -2.732041120529175, -17.98126983642578, -22.801450729370117, -26.394590377807617, -26.918058395385742];[1.3702319860458374, 0.8442419767379761, 0.47815531492233276, 0.2569686472415924, 0.18275637924671173];285.78764057159424
1100;[3.5694146156311035, 2.7574150562286377, 5.41383695602417, 6.690842628479004, 7.919785976409912, 8.472243309020996];[0.4306790828704834, 0.7349450588226318, 1.2898645401000977, 1.411168098449707, 1.4868526458740234, 1.4810845851898193];[-2.2354342937469482, -3.684706926345825, -12.928629875183105, -16.259550094604492, -19.288124084472656, -20.698198318481445];[1.4891663789749146, 0.7901397943496704, 0.3853245973587036, 0.2200554460287094, 0.16184772551059723];313.26030468940735
1150;[3.4858319759368896, 2.686823844909668, 15.082716941833496, 17.178598403930664, 17.778749465942383, 18.236019134521484];[0.43737438321113586, 0.4939063489437103, 1.5684794187545776, 1.6494899988174438, 1.6706621646881104, 1.6834317445755005];[-2.1709494590759277, -2.3818471431732178, -26.993602752685547, -29.351102828979492, -30.188701629638672, -29.675748825073242];[1.4211032390594482, 0.9376979470252991, 0.5787489414215088, 0.2876611649990082, 0.22107626497745514];312.6393494606018
1200;[3.437978982925415, 2.837703227996826, 5.308294773101807, 6.339076042175293, 7.665961742401123, 8.261053085327148];[0.4222293496131897, 0.7366942763328552, 1.2485564947128296, 1.38510000705719, 1.4872173070907593, 1.4924945831298828];[-2.1453921794891357, -3.6736667156219482, -12.039108276367188, -15.712262153625488, -18.80014419555664, -19.670166015625];[1.4090831279754639, 0.7834217548370361, 0.4240471124649048, 0.23255400359630585, 0.15511764585971832];311.6637120246887
1250;[3.4220948219299316, 2.570627450942993, 7.682579040527344, 10.094407081604004, 10.644499778747559, 13.152941703796387];[0.4305312931537628, 0.3601353168487549, 1.4255987405776978, 1.5578579902648926, 1.5758769512176514, 1.6500409841537476];[-2.1536736488342285, -2.3048646450042725, -15.526421546936035, -20.765792846679688, -21.85812759399414, -25.94540786743164];[1.4425804615020752, 0.7746046185493469, 0.42091497778892517, 0.23063579201698303, 0.17354489862918854];313.97347831726074
1300;[3.4729998111724854, 2.338303327560425, 10.643291473388672, 11.980118751525879, 12.504899978637695, 13.685779571533203];[0.4191039800643921, 0.28846800327301025, 1.5173976421356201, 1.5541038513183594, 1.6307587623596191, 1.6469229459762573];[-2.148639678955078, -1.8855456113815308, -21.45924186706543, -22.948158264160156, -25.75852394104004, -27.26952362060547];[1.4331846237182617, 0.8389378786087036, 0.48609232902526855, 0.25323930382728577, 0.18953658640384674];314.6075711250305
1350;[3.4616544246673584, 2.2587037086486816, 14.568142890930176, 16.26323890686035, 17.981515884399414, 18.72119140625];[0.43835362792015076, 0.28570428490638733, 1.5879921913146973, 1.657082438468933, 1.6923472881317139, 1.6965059041976929];[-2.1895406246185303, -1.8764970302581787, -24.942289352416992, -27.93600082397461, -30.365678787231445, -30.638097763061523];[1.4399313926696777, 0.8733695149421692, 0.4831867218017578, 0.2470550239086151, 0.18177276849746704];297.19972920417786
1400;[3.5098540782928467, 2.8675782680511475, 11.312396049499512, 13.030397415161133, 13.770946502685547, 14.614505767822266];[0.44667667150497437, 0.5460761785507202, 1.5302798748016357, 1.6100904941558838, 1.6322818994522095, 1.6531586647033691];[-2.196889638900757, -2.621048927307129, -21.884077072143555, -25.130924224853516, -25.543773651123047, -26.723447799682617];[1.5062978267669678, 0.941663384437561, 0.5085058808326721, 0.26535728573799133, 0.1890335977077484];315.7575252056122
1450;[3.398092031478882, 2.431658983230591, 12.646841049194336, 14.168801307678223, 15.334449768066406, 15.789305686950684];[0.4274410307407379, 0.33994874358177185, 1.5074079036712646, 1.634420394897461, 1.6841363906860352, 1.69159996509552];[-2.136824607849121, -1.973953127861023, -23.112781524658203, -26.71567726135254, -28.165393829345703, -29.300874710083008];[1.4827321767807007, 0.8916393518447876, 0.5387423634529114, 0.27509936690330505, 0.1940407156944275];310.9903726577759
1500;[3.3999791145324707, 3.941384792327881, 6.160453796386719, 7.341785907745361, 8.836194038391113, 8.961862564086914];[0.42848700284957886, 1.031524419784546, 1.3027726411819458, 1.437819480895996, 1.494706392288208, 1.4993860721588135];[-2.1453912258148193, -7.07131290435791, -14.570496559143066, -17.912553787231445, -20.522695541381836, -20.741409301757812];[1.4814077615737915, 0.7808612585067749, 0.3551313579082489, 0.2281997799873352, 0.1418721228837967];311.7385654449463
1550;[3.435685157775879, 2.557176351547241, 5.5814924240112305, 7.811196804046631, 11.059664726257324, 11.933135032653809];[0.42411941289901733, 0.3664334714412689, 1.3189467191696167, 1.456508755683899, 1.5783928632736206, 1.6030261516571045];[-2.1512887477874756, -2.2621171474456787, -11.794988632202148, -16.943273544311523, -23.245046615600586, -24.184505462646484];[1.4545917510986328, 0.8616891503334045, 0.45062577724456787, 0.2394929975271225, 0.1757572740316391];288.41947293281555
1600;[3.5344862937927246, 2.3245368003845215, 5.9392781257629395, 7.43834924697876, 9.051539421081543, 9.885398864746094];[0.437140554189682, 0.33577242493629456, 1.3552972078323364, 1.4713820219039917, 1.503772497177124, 1.578039288520813];[-2.198368787765503, -2.105832099914551, -13.2682466506958, -17.330036163330078, -20.90790367126465, -23.003141403198242];[1.3467326164245605, 0.767756462097168, 0.44356483221054077, 0.24940522015094757, 0.16145242750644684];288.857209444046
1650;[3.3729896545410156, 2.425757646560669, 13.44947624206543, 14.970414161682129, 17.167882919311523, 17.263704299926758];[0.4261898100376129, 0.29897603392601013, 1.5743893384933472, 1.6649975776672363, 1.687447428703308, 1.6902960538864136];[-2.128889560699463, -1.9823272228240967, -25.059301376342773, -27.7627010345459, -29.643478393554688, -29.675277709960938];[1.4399919509887695, 0.7925159931182861, 0.5336052775382996, 0.24600808322429657, 0.18445861339569092];312.33092880249023
1700;[3.3907694816589355, 2.880328893661499, 10.666335105895996, 11.32616138458252, 13.28162956237793, 13.787901878356934];[0.41682669520378113, 0.7568266987800598, 1.5150002241134644, 1.5877114534378052, 1.6335206031799316, 1.6486337184906006];[-2.115798234939575, -3.7511589527130127, -21.471458435058594, -23.804569244384766, -25.69756317138672, -26.478689193725586];[1.4486035108566284, 0.8016979694366455, 0.428631067276001, 0.23308886587619781, 0.16273103654384613];290.16082763671875
1750;[3.4865918159484863, 3.4695475101470947, 6.30780029296875, 6.782784938812256, 7.6951141357421875, 7.896039009094238];[0.43417859077453613, 0.9169459939002991, 1.3529106378555298, 1.3695499897003174, 1.4791755676269531, 1.4629197120666504];[-2.1764469146728516, -5.604360580444336, -15.063825607299805, -15.611482620239258, -19.014863967895508, -19.592615127563477];[1.478678584098816, 0.7775225639343262, 0.3619328737258911, 0.25112390518188477, 0.16227909922599792];286.8759489059448
1800;[3.542616844177246, 2.436967611312866, 5.875026226043701, 8.116968154907227, 10.773941993713379, 11.896126747131348];[0.43504461646080017, 0.3457510471343994, 1.3722946643829346, 1.4985202550888062, 1.6027096509933472, 1.6158040761947632];[-2.2129921913146973, -2.3006784915924072, -13.122374534606934, -17.360626220703125, -23.512840270996094, -24.181968688964844];[1.3986296653747559, 0.7308650612831116, 0.419754296541214, 0.2205885797739029, 0.15578998625278473];298.1080138683319
1850;[3.523024320602417, 2.4266700744628906, 5.251002311706543, 6.554509162902832, 7.882246971130371, 9.370285987854004];[0.43340134620666504, 0.5151514410972595, 1.265568733215332, 1.3856720924377441, 1.4539934396743774, 1.5296310186386108];[-2.2051966190338135, -2.5728423595428467, -11.92519760131836, -15.767537117004395, -18.670154571533203, -21.745203018188477];[1.4456795454025269, 0.8046374320983887, 0.4153158664703369, 0.23454579710960388, 0.15842360258102417];284.79026913642883
1900;[3.5153372287750244, 2.6547017097473145, 10.621381759643555, 12.947443962097168, 13.438138961791992, 14.716635704040527];[0.4438469111919403, 0.3759602904319763, 1.5358588695526123, 1.6496249437332153, 1.6819852590560913, 1.6919920444488525];[-2.202637195587158, -2.2305362224578857, -21.13414764404297, -24.389957427978516, -25.842823028564453, -27.205121994018555];[1.3942899703979492, 0.8640843033790588, 0.4731811583042145, 0.24592043459415436, 0.19639521837234497];311.6353244781494
1950;[3.449302911758423, 3.1901814937591553, 5.967899322509766, 7.086026191711426, 8.077348709106445, 8.735211372375488];[0.4420658349990845, 0.8599280118942261, 1.3314194679260254, 1.435495138168335, 1.4987775087356567, 1.5279736518859863];[-2.188352108001709, -4.869523048400879, -13.978425979614258, -17.193195343017578, -19.6660099029541, -21.250577926635742];[1.430879831314087, 0.7771120071411133, 0.3738543689250946, 0.21837148070335388, 0.15346239507198334];312.4706528186798
2000;[3.5128579139709473, 2.496755599975586, 11.258894920349121, 14.072271347045898, 15.509376525878906, 17.04985237121582];[0.43277543783187866, 0.31037577986717224, 1.5281850099563599, 1.5917621850967407, 1.6252614259719849, 1.6486427783966064];[-2.1851656436920166, -1.9404265880584717, -23.188493728637695, -26.556243896484375, -28.056482315063477, -28.572689056396484];[1.4451537132263184, 0.9120563268661499, 0.506622850894928, 0.25342532992362976, 0.1772872507572174];313.12325072288513
2050;[3.4718825817108154, 2.3836777210235596, 7.155459403991699, 8.611873626708984, 9.641708374023438, 10.902938842773438];[0.435119092464447, 0.31181275844573975, 1.3789222240447998, 1.5109833478927612, 1.5622721910476685, 1.571617603302002];[-2.168713331222534, -2.008568286895752, -15.144906044006348, -19.42628288269043, -21.25645637512207, -22.72395896911621];[1.3899706602096558, 0.8239071369171143, 0.4742278754711151, 0.2513916790485382, 0.1834242045879364];312.09171962738037
2100;[3.4577395915985107, 2.3110315799713135, 7.806249141693115, 9.522047996520996, 11.486366271972656, 12.407258987426758];[0.4313388168811798, 0.4780990481376648, 1.4241447448730469, 1.534400463104248, 1.6093660593032837, 1.6439929008483887];[-2.1701595783233643, -2.4106547832489014, -16.60044288635254, -20.510452270507812, -23.445449829101562, -25.110464096069336];[1.4028916358947754, 0.7709547281265259, 0.4031486213207245, 0.21295827627182007, 0.1625012755393982];312.54419922828674
2150;[3.5250561237335205, 2.436537742614746, 6.413197040557861, 8.534829139709473, 9.503395080566406, 10.860554695129395];[0.42883846163749695, 0.365774542093277, 1.337687373161316, 1.4909188747406006, 1.5468443632125854, 1.5800286531448364];[-2.201998710632324, -2.1290111541748047, -12.823473930358887, -18.653196334838867, -20.23149299621582, -22.78908920288086];[1.469148874282837, 0.887571394443512, 0.4993816018104553, 0.27374267578125, 0.1744031459093094];312.64058446884155
2200;[3.4772369861602783, 2.4258055686950684, 12.811380386352539, 14.518919944763184, 15.141510963439941, 14.388537406921387];[0.43342170119285583, 0.2812838852405548, 1.535496473312378, 1.6140336990356445, 1.633678674697876, 1.5888980627059937];[-2.167332649230957, -1.7778161764144897, -24.199983596801758, -27.25588607788086, -27.431581497192383, -26.422155380249023];[1.5389820337295532, 0.9570674896240234, 0.5644147396087646, 0.2996923327445984, 0.20230025053024292];308.4738886356354
2250;[3.447732448577881, 2.424968719482422, 20.814350128173828, 23.833110809326172, 24.265457153320312, 25.131135940551758];[0.42744630575180054, 0.31149592995643616, 1.6248232126235962, 1.7051039934158325, 1.7287709712982178, 1.7302602529525757];[-2.1626577377319336, -1.866136908531189, -31.296077728271484, -33.40782928466797, -34.92662811279297, -34.813690185546875];[1.4969102144241333, 0.9285147190093994, 0.5738769769668579, 0.2514912486076355, 0.1813936084508896];311.8942301273346
2300;[3.4258675575256348, 2.3809609413146973, 4.780666828155518, 6.446662902832031, 8.962615966796875, 10.333794593811035];[0.43996262550354004, 0.34231340885162354, 1.2334083318710327, 1.3842480182647705, 1.5107452869415283, 1.5690784454345703];[-2.155377149581909, -2.1658833026885986, -9.85615062713623, -14.920707702636719, -20.392396926879883, -23.219385147094727];[1.3730943202972412, 0.7944401502609253, 0.41940629482269287, 0.23575197160243988, 0.16757431626319885];311.37879848480225
2350;[3.479848861694336, 3.303332805633545, 5.455529689788818, 6.16432523727417, 6.806069374084473, 7.088592052459717];[0.4281454086303711, 0.8846608996391296, 1.2634342908859253, 1.3986175060272217, 1.4080747365951538, 1.4396209716796875];[-2.1800904273986816, -5.164926052093506, -13.035055160522461, -16.06443214416504, -16.96059799194336, -18.401996612548828];[1.4287128448486328, 0.7523884177207947, 0.3857716917991638, 0.21741333603858948, 0.15222080051898956];314.11127161979675
2400;[3.453928232192993, 2.458065986633301, 12.128510475158691, 13.970121383666992, 15.052247047424316, 15.927416801452637];[0.42348501086235046, 0.3582751154899597, 1.5642343759536743, 1.6028647422790527, 1.6408289670944214, 1.6457151174545288];[-2.1593546867370605, -2.0824472904205322, -23.49778938293457, -25.97794532775879, -27.216012954711914, -28.728174209594727];[1.4247595071792603, 0.8478970527648926, 0.5484660863876343, 0.2914319634437561, 0.1998390555381775];309.59140849113464
2450;[3.443373441696167, 2.4882218837738037, 5.8551411628723145, 8.411524772644043, 9.862088203430176, 11.638847351074219];[0.4253566563129425, 0.3677090108394623, 1.3095741271972656, 1.4640554189682007, 1.5428279638290405, 1.5757241249084473];[-2.157527446746826, -2.2393975257873535, -12.202466011047363, -18.381309509277344, -20.99022674560547, -24.421342849731445];[1.5208905935287476, 0.7930414080619812, 0.45449501276016235, 0.23209917545318604, 0.15828478336334229];311.4612057209015
2500;[3.500199317932129, 2.2582719326019287, 10.822802543640137, 12.59550666809082, 14.506171226501465, 15.760857582092285];[0.4217135012149811, 0.30106061697006226, 1.5069694519042969, 1.6223528385162354, 1.6639347076416016, 1.6926742792129517];[-2.151613235473633, -1.897795557975769, -20.67972183227539, -23.776472091674805, -27.354028701782227, -28.51462173461914];[1.3893779516220093, 0.834052324295044, 0.4834079444408417, 0.25340694189071655, 0.18352484703063965];297.7422423362732
2550;[3.422832489013672, 2.2445621490478516, 5.159156322479248, 6.540073394775391, 7.365350246429443, 9.048684120178223];[0.439088374376297, 0.2933533787727356, 1.2629611492156982, 1.3826121091842651, 1.5071406364440918, 1.4895808696746826];[-2.157212495803833, -1.9493107795715332, -10.962835311889648, -14.99116325378418, -18.2185001373291, -20.58298683166504];[1.3986759185791016, 0.7891798615455627, 0.4505205452442169, 0.2366829365491867, 0.17742525041103363];310.2312982082367
2600;[3.394423484802246, 3.4044029712677, 10.102134704589844, 11.715587615966797, 12.815435409545898, 13.588984489440918];[0.44063636660575867, 0.832718014717102, 1.4866853952407837, 1.553411841392517, 1.6087145805358887, 1.6086152791976929];[-2.1647140979766846, -4.654499053955078, -22.07616424560547, -24.66437530517578, -26.27731704711914, -26.75497817993164];[1.3757927417755127, 0.8185380697250366, 0.4640066921710968, 0.2224983125925064, 0.15701836347579956];303.74233198165894
2650;[3.442821979522705, 2.2910146713256836, 4.837482929229736, 7.4892578125, 10.008437156677246, 11.493220329284668];[0.4292795956134796, 0.30705973505973816, 1.2658560276031494, 1.4464309215545654, 1.5377209186553955, 1.58247971534729];[-2.150250196456909, -2.030067205429077, -10.581193923950195, -17.027860641479492, -22.604595184326172, -23.963687896728516];[1.4356052875518799, 0.8000079989433289, 0.4341074228286743, 0.2352278083562851, 0.1812736839056015];287.5658040046692
2700;[3.5615553855895996, 3.913330316543579, 5.48286771774292, 6.622871398925781, 7.278243541717529, 7.579451084136963];[0.4321097135543823, 0.9591007828712463, 1.2890571355819702, 1.3793439865112305, 1.424155831336975, 1.4624866247177124];[-2.211458683013916, -6.298120021820068, -13.886029243469238, -16.80182647705078, -18.532514572143555, -19.57239532470703];[1.381988525390625, 0.7904255390167236, 0.3617180585861206, 0.22147111594676971, 0.15212498605251312];284.7214992046356
2750;[3.5089309215545654, 2.9791433811187744, 7.363808631896973, 9.5564546585083, 11.070873260498047, 11.934687614440918];[0.43499210476875305, 0.8020528554916382, 1.413064956665039, 1.5394209623336792, 1.5679961442947388, 1.6385231018066406];[-2.196744441986084, -4.175816059112549, -16.803842544555664, -20.8633975982666, -22.62576675415039, -24.833072662353516];[1.5251234769821167, 0.7549323439598083, 0.3661406338214874, 0.21134719252586365, 0.154020294547081];313.4363706111908
2800;[3.548353433609009, 2.3492376804351807, 11.168608665466309, 12.801352500915527, 14.303265571594238, 14.390498161315918];[0.42625173926353455, 0.33274129033088684, 1.5407774448394775, 1.636439323425293, 1.655969500541687, 1.6707264184951782];[-2.2053003311157227, -2.03434681892395, -22.78492546081543, -24.688753128051758, -26.894847869873047, -27.65170669555664];[1.415387749671936, 0.8268011808395386, 0.5100774168968201, 0.2599978446960449, 0.1794833391904831];311.72151136398315
2850;[3.4069786071777344, 2.1602916717529297, 3.3815736770629883, 3.959559917449951, 6.509888172149658, 7.30135440826416];[0.42313840985298157, 0.35246142745018005, 0.9863846898078918, 1.131701946258545, 1.3890483379364014, 1.411202073097229];[-2.1496262550354004, -2.1332502365112305, -6.621332168579102, -9.250203132629395, -16.918033599853516, -18.209434509277344];[1.4206163883209229, 0.7193166017532349, 0.3908665180206299, 0.295136958360672, 0.17733003199100494];302.1552927494049
2900;[3.4786903858184814, 2.4067792892456055, 7.6052961349487305, 11.09225082397461, 12.613495826721191, 12.930248260498047];[0.4198276996612549, 0.2905861437320709, 1.3903074264526367, 1.5059750080108643, 1.5953848361968994, 1.6148555278778076];[-2.169485092163086, -1.859422206878662, -16.688264846801758, -22.618392944335938, -25.380754470825195, -26.494966506958008];[1.5595101118087769, 0.9366256594657898, 0.505816638469696, 0.256838858127594, 0.1717866212129593];289.58427691459656
2950;[3.457639694213867, 2.271224021911621, 5.400244235992432, 6.914444923400879, 9.243417739868164, 9.963006019592285];[0.41961294412612915, 0.3284388780593872, 1.3201292753219604, 1.4297767877578735, 1.540464162826538, 1.5319297313690186];[-2.1645867824554443, -1.989073395729065, -11.899248123168945, -15.796123504638672, -21.025514602661133, -21.8132381439209];[1.4005879163742065, 0.7963722944259644, 0.4101344347000122, 0.2362266182899475, 0.16303782165050507];287.77211570739746
3000;[3.4256255626678467, 2.315854549407959, 5.516931533813477, 7.324257850646973, 9.48528003692627, 9.787758827209473];[0.4304555654525757, 0.3049337863922119, 1.2838876247406006, 1.4485541582107544, 1.561527967453003, 1.5314719676971436];[-2.1510977745056152, -1.9911366701126099, -11.629528045654297, -16.606847763061523, -21.988157272338867, -22.43842887878418];[1.4508298635482788, 0.8184691667556763, 0.4505317807197571, 0.2638474106788635, 0.17565444111824036];307.97085213661194
3050;[3.5232760906219482, 2.5071561336517334, 9.17151927947998, 10.943968772888184, 11.484949111938477, 11.956928253173828];[0.4335034191608429, 0.32200706005096436, 1.474090337753296, 1.5950026512145996, 1.6033178567886353, 1.5887948274612427];[-2.183851718902588, -2.0429670810699463, -19.7995548248291, -23.182872772216797, -23.521451950073242, -23.576438903808594];[1.4893990755081177, 0.8758558630943298, 0.45425674319267273, 0.24886906147003174, 0.16529716551303864];297.7560737133026
3100;[3.5262510776519775, 3.4696083068847656, 10.096385955810547, 13.08341121673584, 14.570944786071777, 14.758631706237793];[0.4273252487182617, 0.8165714740753174, 1.4998650550842285, 1.5425472259521484, 1.6310635805130005, 1.623056411743164];[-2.1755728721618652, -4.695285320281982, -22.517240524291992, -24.705350875854492, -27.927846908569336, -28.476530075073242];[1.466610312461853, 0.8441406488418579, 0.43202275037765503, 0.22474272549152374, 0.1431250125169754];296.0567419528961
3150;[3.481098175048828, 3.299797773361206, 4.380263805389404, 5.246983528137207, 6.724630355834961, 7.794065475463867];[0.4412480592727661, 0.8677897453308105, 1.1390920877456665, 1.3512134552001953, 1.4110851287841797, 1.4570132493972778];[-2.1739420890808105, -4.822231292724609, -9.584994316101074, -13.870659828186035, -17.249156951904297, -18.977914810180664];[1.3970140218734741, 0.7795130014419556, 0.34238511323928833, 0.2525025010108948, 0.15234024822711945];287.6185541152954
3200;[3.5564115047454834, 2.448526620864868, 9.844931602478027, 11.597281455993652, 11.939178466796875, 12.222153663635254];[0.42679154872894287, 0.2950195074081421, 1.4816972017288208, 1.5503010749816895, 1.5931123495101929, 1.6198910474777222];[-2.2020366191864014, -1.9421279430389404, -20.566843032836914, -22.743663787841797, -24.698226928710938, -25.670103073120117];[1.4627749919891357, 0.8453919887542725, 0.4913202226161957, 0.26690271496772766, 0.18426308035850525];305.7166373729706
3250;[3.5460596084594727, 3.5635478496551514, 7.629836082458496, 8.632268905639648, 8.679530143737793, 9.284838676452637];[0.44870391488075256, 0.9390389919281006, 1.4117995500564575, 1.5003265142440796, 1.506921648979187, 1.5132187604904175];[-2.22725510597229, -5.674891471862793, -17.552438735961914, -19.998828887939453, -20.660123825073242, -21.361909866333008];[1.4305607080459595, 0.759919285774231, 0.3939911127090454, 0.21117620170116425, 0.16616052389144897];288.3249056339264
3300;[3.5628983974456787, 3.8795106410980225, 6.356913089752197, 7.1360650062561035, 8.647590637207031, 9.479747772216797];[0.4286653399467468, 1.013782262802124, 1.3803733587265015, 1.4007636308670044, 1.5268352031707764, 1.5445233583450317];[-2.204709529876709, -6.916565418243408, -15.963372230529785, -16.37169075012207, -20.888179779052734, -22.032175064086914];[1.3652318716049194, 0.7576589584350586, 0.341267466545105, 0.2139350026845932, 0.13973794877529144];288.39344477653503
3350;[3.4647178649902344, 2.3566067218780518, 6.039972305297852, 7.9914870262146, 9.311182975769043, 10.65180492401123];[0.42730820178985596, 0.310469388961792, 1.3510401248931885, 1.4754345417022705, 1.5508933067321777, 1.553506851196289];[-2.1585211753845215, -2.023026704788208, -13.436690330505371, -18.320201873779297, -20.789701461791992, -22.266929626464844];[1.3729313611984253, 0.8033138513565063, 0.4594624936580658, 0.22244097292423248, 0.1497408002614975];310.2775182723999
3400;[3.4300949573516846, 2.713149070739746, 5.4594621658325195, 7.898499011993408, 8.928595542907715, 9.384654998779297];[0.4225103259086609, 0.7050058245658875, 1.2632391452789307, 1.4397779703140259, 1.518792748451233, 1.521793007850647];[-2.153245210647583, -3.5925207138061523, -11.86804485321045, -18.5860538482666, -20.923765182495117, -21.23357391357422];[1.3664191961288452, 0.7568212151527405, 0.3341912031173706, 0.26281651854515076, 0.17050820589065552];314.8179543018341
3450;[3.4317879676818848, 2.3789656162261963, 6.035025119781494, 7.5172119140625, 9.829669952392578, 10.653873443603516];[0.42851898074150085, 0.3246167004108429, 1.3643087148666382, 1.4322552680969238, 1.53807532787323, 1.5810604095458984];[-2.1599225997924805, -2.120742082595825, -13.549063682556152, -17.155975341796875, -22.410383224487305, -24.093215942382812];[1.359683632850647, 0.7734535336494446, 0.424116849899292, 0.23606984317302704, 0.1692601591348648];311.0044665336609
3500;[3.43996524810791, 3.2046267986297607, 17.57140350341797, 17.789297103881836, 20.15714454650879, 20.180679321289062];[0.4161004424095154, 0.7012810111045837, 1.6319184303283691, 1.6446030139923096, 1.7078279256820679, 1.7077171802520752];[-2.1366357803344727, -2.975745916366577, -28.69269371032715, -30.146604537963867, -31.616371154785156, -32.141265869140625];[1.510897159576416, 0.960812509059906, 0.5282376408576965, 0.2971741557121277, 0.22132954001426697];310.61765480041504
3550;[3.530898094177246, 3.3403549194335938, 5.151823043823242, 6.6619648933410645, 7.724653244018555, 8.318465232849121];[0.4299246668815613, 0.8615636229515076, 1.2281382083892822, 1.3639538288116455, 1.4644901752471924, 1.4710527658462524];[-2.201012134552002, -5.1119513511657715, -11.490386009216309, -16.45448112487793, -18.93157958984375, -20.101171493530273];[1.4692564010620117, 0.7564539313316345, 0.3561275899410248, 0.29758891463279724, 0.18966145813465118];296.5343415737152
3600;[3.4477524757385254, 2.9434666633605957, 8.442704200744629, 9.691072463989258, 10.047037124633789, 10.781795501708984];[0.4325738847255707, 0.6557605266571045, 1.4646399021148682, 1.5220330953598022, 1.5351296663284302, 1.5611544847488403];[-2.174731731414795, -3.2860424518585205, -18.709186553955078, -21.605487823486328, -22.26749610900879, -23.758352279663086];[1.6281895637512207, 0.8016493320465088, 0.407003253698349, 0.23437198996543884, 0.17745405435562134];312.0659427642822
3650;[3.540844678878784, 2.419005870819092, 3.7208025455474854, 4.680561542510986, 7.737923622131348, 8.663097381591797];[0.4399881660938263, 0.36405250430107117, 1.1246342658996582, 1.267311930656433, 1.5102229118347168, 1.4880270957946777];[-2.20306396484375, -2.5448310375213623, -7.946393966674805, -10.532628059387207, -18.698368072509766, -20.329456329345703];[1.4857816696166992, 0.7440975308418274, 0.396104097366333, 0.25833427906036377, 0.1496427059173584];311.60001158714294
3700;[3.4027581214904785, 2.513044834136963, 12.264603614807129, 14.987035751342773, 14.880882263183594, 15.591596603393555];[0.43114277720451355, 0.32263264060020447, 1.5472971200942993, 1.6499130725860596, 1.667831540107727, 1.674512505531311];[-2.1527085304260254, -1.978500485420227, -23.726802825927734, -26.754091262817383, -27.184282302856445, -27.406885147094727];[1.4258722066879272, 0.8766840100288391, 0.5265094637870789, 0.2596452832221985, 0.18872250616550446];312.1622459888458
3750;[3.417722225189209, 2.5958163738250732, 8.64450740814209, 10.384902954101562, 11.20180892944336, 13.089852333068848];[0.4201606214046478, 0.38868990540504456, 1.4979023933410645, 1.56714928150177, 1.5991746187210083, 1.6625257730484009];[-2.120706558227539, -2.3117024898529053, -18.071226119995117, -22.180234909057617, -22.837194442749023, -26.51375389099121];[1.5076102018356323, 0.821901261806488, 0.43969184160232544, 0.2505200207233429, 0.1804342120885849];314.5090515613556
3800;[3.5380775928497314, 2.5127170085906982, 10.476313591003418, 11.796258926391602, 12.832077980041504, 13.240073204040527];[0.4449352025985718, 0.3489478826522827, 1.5158090591430664, 1.5681089162826538, 1.647132158279419, 1.6050347089767456];[-2.1953392028808594, -2.0424306392669678, -20.509469985961914, -24.043556213378906, -25.962587356567383, -25.575788497924805];[1.437378168106079, 0.9221283197402954, 0.483761191368103, 0.27798470854759216, 0.17844289541244507];302.09771180152893
3850;[3.3782663345336914, 2.9329466819763184, 5.576144695281982, 6.451220512390137, 8.012499809265137, 8.530998229980469];[0.43335577845573425, 0.7632038593292236, 1.2544690370559692, 1.3998711109161377, 1.4698708057403564, 1.5030663013458252];[-2.1257143020629883, -3.942227602005005, -11.797657012939453, -15.978616714477539, -18.93269157409668, -20.555572509765625];[1.3927130699157715, 0.7901987433433533, 0.40762099623680115, 0.24827614426612854, 0.1619022786617279];286.85154962539673
3900;[3.400075674057007, 2.878894090652466, 5.445623874664307, 9.177469253540039, 9.84281063079834, 10.171531677246094];[0.42518237233161926, 0.6481974124908447, 1.28169584274292, 1.5120328664779663, 1.5518405437469482, 1.57628333568573];[-2.1462230682373047, -3.1296451091766357, -12.473031997680664, -20.320659637451172, -21.868412017822266, -22.881498336791992];[1.5412731170654297, 0.866503119468689, 0.44427064061164856, 0.22907185554504395, 0.15194779634475708];308.17284774780273
3950;[3.5219907760620117, 2.434577465057373, 16.40191078186035, 18.852659225463867, 18.98871421813965, 19.21548843383789];[0.43788301944732666, 0.28853893280029297, 1.6134799718856812, 1.6647266149520874, 1.68043851852417, 1.6781986951828003];[-2.1906542778015137, -1.872134804725647, -29.136972427368164, -29.807750701904297, -31.15601348876953, -30.2402400970459];[1.4576197862625122, 0.9320920705795288, 0.5305493474006653, 0.29723453521728516, 0.18131956458091736];297.30377531051636
4000;[3.4889564514160156, 2.670850992202759, 4.318779945373535, 5.5811238288879395, 8.097894668579102, 9.108207702636719];[0.419704794883728, 0.4605790376663208, 1.1726922988891602, 1.3193235397338867, 1.4813681840896606, 1.5343974828720093];[-2.1676790714263916, -2.641951322555542, -8.772222518920898, -12.702012062072754, -18.980623245239258, -20.886735916137695];[1.4340693950653076, 0.7703542709350586, 0.3880366086959839, 0.24549567699432373, 0.1705276221036911];288.2157371044159
4050;[3.568859577178955, 2.561657190322876, 16.230224609375, 17.606109619140625, 18.680925369262695, 19.081966400146484];[0.4272952973842621, 0.31296417117118835, 1.5796037912368774, 1.643704891204834, 1.6673418283462524, 1.6665070056915283];[-2.2002525329589844, -1.9807226657867432, -26.982707977294922, -29.423267364501953, -30.54959487915039, -30.701671600341797];[1.3979111909866333, 0.8730615973472595, 0.6101385951042175, 0.2908034324645996, 0.18159237504005432];307.5469973087311
4100;[3.4559199810028076, 2.484971761703491, 6.07948637008667, 7.07600736618042, 8.61762809753418, 9.572815895080566];[0.43601733446121216, 0.4395974278450012, 1.3453270196914673, 1.449799656867981, 1.5000356435775757, 1.5535928010940552];[-2.1943347454071045, -2.386885643005371, -13.71886157989502, -16.8472957611084, -20.48361587524414, -22.208280563354492];[1.4656541347503662, 0.7561342716217041, 0.39606112241744995, 0.24181486666202545, 0.15086908638477325];312.96316027641296
4150;[3.433300495147705, 2.239809036254883, 3.5020668506622314, 5.445704936981201, 7.615279197692871, 8.96741771697998];[0.4243253767490387, 0.3038623332977295, 1.0444378852844238, 1.319506049156189, 1.4682611227035522, 1.5263677835464478];[-2.129598617553711, -1.9593228101730347, -6.733478546142578, -12.67698860168457, -18.568510055541992, -20.917293548583984];[1.4008816480636597, 0.7861279845237732, 0.4559597074985504, 0.23185166716575623, 0.17422036826610565];310.59040212631226
4200;[3.552973985671997, 2.216478109359741, 8.793412208557129, 12.132095336914062, 14.20466423034668, 15.053179740905762];[0.4355594515800476, 0.38339340686798096, 1.4529718160629272, 1.603568196296692, 1.6194630861282349, 1.6433758735656738];[-2.2056286334991455, -2.0609772205352783, -18.853158950805664, -24.156557083129883, -27.514436721801758, -28.072261810302734];[1.4416403770446777, 0.8046843409538269, 0.45849609375, 0.2295438051223755, 0.16521012783050537];296.1858742237091
4250;[3.439617872238159, 2.42175555229187, 10.090421676635742, 12.346322059631348, 13.270167350769043, 13.811707496643066];[0.4486544132232666, 0.28686797618865967, 1.5021965503692627, 1.5714479684829712, 1.623555302619934, 1.6174591779708862];[-2.158219337463379, -1.904561996459961, -20.94975471496582, -24.37710189819336, -26.11905860900879, -26.736469268798828];[1.4138010740280151, 0.8591009974479675, 0.4910963475704193, 0.25316745042800903, 0.18044033646583557];288.50604271888733
4300;[3.4404165744781494, 2.492954730987549, 11.42517375946045, 13.342572212219238, 13.476640701293945, 14.268099784851074];[0.4380873441696167, 0.3150133788585663, 1.5219831466674805, 1.5936228036880493, 1.5795063972473145, 1.6244882345199585];[-2.167135715484619, -1.9591259956359863, -22.914634704589844, -25.165027618408203, -25.44777488708496, -26.869932174682617];[1.4293386936187744, 0.9200367331504822, 0.5007109642028809, 0.2595842778682709, 0.1576833426952362];285.4130029678345
4350;[3.5066659450531006, 2.7993264198303223, 12.573576927185059, 14.220866203308105, 16.1201171875, 17.400615692138672];[0.42971107363700867, 0.6950410604476929, 1.5675389766693115, 1.6466478109359741, 1.666395664215088, 1.7021448612213135];[-2.201038360595703, -3.4535961151123047, -23.853456497192383, -27.1689510345459, -28.73402976989746, -29.672101974487305];[1.4041314125061035, 0.7902519702911377, 0.45808491110801697, 0.2392093688249588, 0.16835013031959534];290.0906207561493
4400;[3.388012409210205, 2.6747775077819824, 8.138277053833008, 10.372522354125977, 11.926572799682617, 12.727099418640137];[0.43449947237968445, 0.3754563331604004, 1.4284707307815552, 1.512752890586853, 1.607593297958374, 1.593948245048523];[-2.1369526386260986, -2.3554916381835938, -17.423093795776367, -21.85259437561035, -24.746797561645508, -26.028030395507812];[1.4521327018737793, 0.8138716220855713, 0.46539434790611267, 0.24962173402309418, 0.17871832847595215];286.7136924266815
4450;[3.46403431892395, 3.3572998046875, 5.111027717590332, 6.791056156158447, 8.227535247802734, 8.819701194763184];[0.4295528829097748, 0.8745067715644836, 1.257827877998352, 1.4232193231582642, 1.487066388130188, 1.5367006063461304];[-2.17692232131958, -4.966763973236084, -12.05785083770752, -16.720083236694336, -19.63072395324707, -21.131113052368164];[1.5305474996566772, 0.8097670674324036, 0.3809886574745178, 0.21379907429218292, 0.14692941308021545];302.82654309272766
4500;[3.435029983520508, 2.235529899597168, 4.412121295928955, 7.216813087463379, 9.418885231018066, 10.436914443969727];[0.4312841594219208, 0.31766411662101746, 1.1979608535766602, 1.4171000719070435, 1.5370150804519653, 1.5624595880508423];[-2.1519405841827393, -1.9541516304016113, -9.237990379333496, -16.441204071044922, -20.961109161376953, -23.148353576660156];[1.4830230474472046, 0.810236930847168, 0.40842676162719727, 0.23569929599761963, 0.17352710664272308];304.4340534210205
4550;[3.4912192821502686, 2.8208022117614746, 6.4637651443481445, 9.465009689331055, 10.684577941894531, 10.969603538513184];[0.41575321555137634, 0.7524890303611755, 1.3383082151412964, 1.5062849521636963, 1.5899479389190674, 1.6270781755447388];[-2.1820414066314697, -3.816840410232544, -14.642724990844727, -21.00497817993164, -22.600765228271484, -24.314422607421875];[1.4108039140701294, 0.7665968537330627, 0.34464624524116516, 0.2609536051750183, 0.16569073498249054];297.2580485343933
4600;[3.322650909423828, 2.511704921722412, 14.901881217956543, 18.388769149780273, 18.497175216674805, 19.559375762939453];[0.43635958433151245, 0.31881773471832275, 1.5723450183868408, 1.672289252281189, 1.680023431777954, 1.6827874183654785];[-2.133258819580078, -1.9393482208251953, -27.109169006347656, -30.490135192871094, -30.44460105895996, -30.79723358154297];[1.4707304239273071, 0.8890182375907898, 0.5730551481246948, 0.27288758754730225, 0.19591321051120758];288.05006861686707
4650;[3.4254584312438965, 2.3017406463623047, 6.441876411437988, 8.374726295471191, 9.733652114868164, 11.072919845581055];[0.4274805188179016, 0.2911292612552643, 1.3570352792739868, 1.4920743703842163, 1.5323853492736816, 1.5597052574157715];[-2.1472837924957275, -1.9067893028259277, -13.839303016662598, -18.290613174438477, -21.081645965576172, -22.887859344482422];[1.4355543851852417, 0.8655720949172974, 0.4955426752567291, 0.24970556795597076, 0.18653495609760284];312.7642891407013
4700;[3.4441146850585938, 2.3397278785705566, 3.139639139175415, 4.6472249031066895, 6.198997974395752, 6.930220603942871];[0.4355427324771881, 0.31341031193733215, 0.9184615612030029, 1.2465853691101074, 1.3927968740463257, 1.4729100465774536];[-2.167985439300537, -2.065150737762451, -5.467940807342529, -9.72522258758545, -14.682723999023438, -16.502887725830078];[1.4566947221755981, 0.8202714920043945, 0.4123955965042114, 0.24062910676002502, 0.15943209826946259];290.6804277896881
4750;[3.427764654159546, 2.2948029041290283, 5.664342880249023, 7.042140483856201, 8.358302116394043, 8.982465744018555];[0.43967872858047485, 0.3068872094154358, 1.3384907245635986, 1.4524356126785278, 1.540394902229309, 1.5980544090270996];[-2.1648216247558594, -2.0095999240875244, -12.357709884643555, -15.423097610473633, -19.51081657409668, -21.370079040527344];[1.4229375123977661, 0.7895852327346802, 0.43335220217704773, 0.23197773098945618, 0.15796779096126556];287.4090418815613
4800;[3.6132876873016357, 3.072641611099243, 12.387693405151367, 14.41160774230957, 14.714475631713867, 14.621991157531738];[0.43190473318099976, 0.7711034417152405, 1.5555431842803955, 1.628527045249939, 1.6380950212478638, 1.6503746509552002];[-2.2278809547424316, -3.918837070465088, -24.490745544433594, -26.819881439208984, -27.174781799316406, -27.586910247802734];[1.4324054718017578, 0.8711090087890625, 0.44308626651763916, 0.22053410112857819, 0.15019816160202026];311.85014390945435
4850;[3.4939403533935547, 3.8669910430908203, 7.126883506774902, 8.237214088439941, 8.888616561889648, 9.316801071166992];[0.42048031091690063, 1.0190101861953735, 1.3461530208587646, 1.4684017896652222, 1.518753170967102, 1.5303843021392822];[-2.1906533241271973, -6.748946666717529, -16.35416030883789, -20.316322326660156, -21.255287170410156, -21.163721084594727];[1.401949405670166, 0.7955248355865479, 0.4027671813964844, 0.227951318025589, 0.15607546269893646];292.87221121788025
4900;[3.500035047531128, 2.6342737674713135, 3.9890329837799072, 6.6038126945495605, 9.292424201965332, 10.425264358520508];[0.43954998254776, 0.480038583278656, 1.143739104270935, 1.452622652053833, 1.5462125539779663, 1.5587722063064575];[-2.187502145767212, -2.6380975246429443, -7.849232196807861, -15.013089179992676, -21.004545211791992, -21.94040298461914];[1.4528001546859741, 0.7747223973274231, 0.4655131697654724, 0.23446357250213623, 0.16964642703533173];288.094491481781
4950;[3.6074352264404297, 3.067002773284912, 10.825993537902832, 12.144811630249023, 13.187138557434082, 14.140337944030762];[0.4442906975746155, 0.7323252558708191, 1.4969806671142578, 1.5465850830078125, 1.5824666023254395, 1.6147454977035522];[-2.2326273918151855, -3.7820260524749756, -22.251710891723633, -24.308069229125977, -26.419456481933594, -27.807388305664062];[1.477205514907837, 0.7935549020767212, 0.4760560095310211, 0.2567029893398285, 0.15162140130996704];289.8788366317749
5000;[3.4515857696533203, 2.710698127746582, 12.830592155456543, 14.448629379272461, 14.79666519165039, 15.350067138671875];[0.4284898042678833, 0.4879331588745117, 1.526441216468811, 1.610595464706421, 1.619757056236267, 1.6345226764678955];[-2.155395984649658, -2.208873987197876, -24.203327178955078, -27.300804138183594, -27.747520446777344, -28.08696746826172];[1.4226378202438354, 0.9515485167503357, 0.5902243256568909, 0.32012730836868286, 0.1774054616689682];288.1438500881195
5050;[3.4448494911193848, 2.8382492065429688, 6.765568733215332, 7.758759021759033, 9.35086441040039, 9.629217147827148];[0.42627382278442383, 0.7005008459091187, 1.3757981061935425, 1.4644144773483276, 1.548861026763916, 1.5477445125579834];[-2.140512466430664, -3.611218214035034, -15.546298027038574, -17.742549896240234, -21.594263076782227, -21.676015853881836];[1.4337881803512573, 0.7601370811462402, 0.3773331344127655, 0.24897357821464539, 0.1520708203315735];312.9000701904297
5100;[3.3854267597198486, 2.665964365005493, 11.700366020202637, 13.457033157348633, 14.868364334106445, 15.458504676818848];[0.4483056366443634, 0.399422287940979, 1.5750677585601807, 1.6524126529693604, 1.6814121007919312, 1.6881608963012695];[-2.1356468200683594, -2.2925167083740234, -22.005355834960938, -25.45146942138672, -28.02777671813965, -28.35936164855957];[1.449776530265808, 0.8231118321418762, 0.4829629361629486, 0.2574394941329956, 0.18955032527446747];283.5587229728699
5150;[3.388988733291626, 2.4376001358032227, 10.158266067504883, 11.61423397064209, 13.830788612365723, 14.921688079833984];[0.42629897594451904, 0.3348350524902344, 1.5230005979537964, 1.5753251314163208, 1.6104730367660522, 1.6523164510726929];[-2.144418954849243, -2.095852851867676, -21.73694610595703, -23.0957088470459, -26.00202751159668, -27.045455932617188];[1.36872398853302, 0.8578648567199707, 0.49049901962280273, 0.2805483937263489, 0.19492028653621674];283.5606577396393
5200;[3.482097625732422, 3.1541550159454346, 7.118040084838867, 10.295852661132812, 11.692912101745605, 12.055255889892578];[0.44505175948143005, 0.8241879343986511, 1.3799039125442505, 1.5186461210250854, 1.5785346031188965, 1.610582709312439];[-2.1873252391815186, -4.413500785827637, -16.3375301361084, -21.637840270996094, -24.06963348388672, -25.477996826171875];[1.5042283535003662, 0.8134868741035461, 0.4385715425014496, 0.2204493135213852, 0.1360320746898651];289.0953266620636
5250;[3.4543895721435547, 2.2456705570220947, 5.63526725769043, 8.378372192382812, 10.062056541442871, 10.530143737792969];[0.4224918782711029, 0.2705131769180298, 1.32636559009552, 1.4825223684310913, 1.5525104999542236, 1.5994244813919067];[-2.180452346801758, -1.8508669137954712, -11.93655014038086, -17.992895126342773, -21.611473083496094, -23.720857620239258];[1.4530771970748901, 0.8420100808143616, 0.4321879744529724, 0.238479882478714, 0.1785699427127838];294.15848088264465
5300;[3.384072780609131, 2.221045970916748, 8.7371244430542, 10.361519813537598, 12.916218757629395, 14.615674018859863];[0.43511489033699036, 0.3231007158756256, 1.4699912071228027, 1.5845814943313599, 1.6426756381988525, 1.6724168062210083];[-2.12966251373291, -1.9988781213760376, -18.005308151245117, -21.35443878173828, -25.660070419311523, -26.99091339111328];[1.460091233253479, 0.7493252158164978, 0.4254682660102844, 0.27153319120407104, 0.16788001358509064];290.6112697124481
5350;[3.5128014087677, 2.903144598007202, 3.9628732204437256, 4.663908958435059, 6.872537136077881, 7.196781635284424];[0.43577641248703003, 0.7571913599967957, 1.0962940454483032, 1.2380871772766113, 1.446933388710022, 1.4536610841751099];[-2.1909666061401367, -3.836153507232666, -8.445476531982422, -11.536683082580566, -17.30132484436035, -18.644445419311523];[1.381511926651001, 0.7675077319145203, 0.36570337414741516, 0.2282528281211853, 0.1442684382200241];290.64020562171936
5400;[3.4227616786956787, 2.268446207046509, 9.073862075805664, 11.213525772094727, 13.0655517578125, 13.413976669311523];[0.419302374124527, 0.3072553873062134, 1.4585984945297241, 1.5916633605957031, 1.65475594997406, 1.6707117557525635];[-2.13055157661438, -2.0075132846832275, -18.979164123535156, -21.98066520690918, -25.556625366210938, -27.192670822143555];[1.4129160642623901, 0.7983258962631226, 0.47066161036491394, 0.2607495188713074, 0.16823972761631012];291.5475022792816
5450;[3.4153659343719482, 2.5223495960235596, 4.792286396026611, 5.724972248077393, 7.653078079223633, 8.257403373718262];[0.42600539326667786, 0.5586936473846436, 1.2149778604507446, 1.3515022993087769, 1.484304666519165, 1.4977461099624634];[-2.1372056007385254, -2.682326555252075, -10.44612979888916, -13.89549446105957, -19.68451499938965, -19.982318878173828];[1.4338716268539429, 0.7609588503837585, 0.4020313620567322, 0.2808569073677063, 0.15685385465621948];291.12484526634216
5500;[3.3816285133361816, 2.290656089782715, 6.275478363037109, 7.642642498016357, 9.779595375061035, 10.772272109985352];[0.43203434348106384, 0.33270150423049927, 1.3878653049468994, 1.4733833074569702, 1.526312232017517, 1.5922801494598389];[-2.147369146347046, -2.1047003269195557, -14.235722541809082, -17.56317710876465, -21.099414825439453, -23.511606216430664];[1.4411567449569702, 0.7903462648391724, 0.38699600100517273, 0.23373746871948242, 0.16754759848117828];289.86921310424805
5550;[3.5486812591552734, 2.6980156898498535, 15.073066711425781, 16.8297176361084, 18.548208236694336, 19.749183654785156];[0.4252362549304962, 0.39553919434547424, 1.5470060110092163, 1.6238192319869995, 1.6429795026779175, 1.652766466140747];[-2.1902449131011963, -2.0919086933135986, -26.55956268310547, -29.869735717773438, -30.98178482055664, -31.660980224609375];[1.4547945261001587, 0.9635381698608398, 0.6165569424629211, 0.29188960790634155, 0.18123701214790344];288.65550327301025
5600;[3.37861967086792, 2.2514584064483643, 4.058148384094238, 5.1648712158203125, 5.623662948608398, 6.842551231384277];[0.4175051152706146, 0.2951580286026001, 1.1062719821929932, 1.333190679550171, 1.3655556440353394, 1.4473416805267334];[-2.123978853225708, -1.9945091009140015, -7.996762275695801, -12.467174530029297, -13.40818977355957, -16.688135147094727];[1.3982077836990356, 0.7834805846214294, 0.39030224084854126, 0.21104687452316284, 0.15841367840766907];290.3631680011749
5650;[3.4458436965942383, 3.0244545936584473, 7.505527019500732, 8.581954956054688, 9.601214408874512, 9.937532424926758];[0.4161941409111023, 0.791801393032074, 1.4287296533584595, 1.5171386003494263, 1.5868890285491943, 1.5793349742889404];[-2.1508853435516357, -4.160884857177734, -16.777223587036133, -19.42986297607422, -21.651336669921875, -22.2894229888916];[1.3682698011398315, 0.7764982581138611, 0.3592703640460968, 0.24089612066745758, 0.14665131270885468];289.5383207798004
5700;[3.518735647201538, 2.854830741882324, 7.2379536628723145, 8.901097297668457, 9.6278657913208, 10.712596893310547];[0.42927441000938416, 0.6843814849853516, 1.4529978036880493, 1.5374442338943481, 1.5292010307312012, 1.5619763135910034];[-2.1884829998016357, -3.3737542629241943, -17.14715576171875, -20.545133590698242, -21.67601776123047, -22.489280700683594];[1.4380441904067993, 0.798866868019104, 0.4120424687862396, 0.22043782472610474, 0.16118192672729492];287.2185413837433
5750;[3.495710849761963, 2.4139161109924316, 19.84760284423828, 21.259201049804688, 23.018613815307617, 23.435121536254883];[0.43353694677352905, 0.29366034269332886, 1.5984292030334473, 1.6548871994018555, 1.7014576196670532, 1.7114595174789429];[-2.173147678375244, -1.8581591844558716, -30.455249786376953, -32.67213439941406, -33.15814208984375, -33.69781494140625];[1.4409122467041016, 0.8938649296760559, 0.5594670176506042, 0.2931229770183563, 0.17817042768001556];285.82152700424194
5800;[3.6056039333343506, 3.720426321029663, 6.88469934463501, 8.908708572387695, 10.013712882995605, 11.15981674194336];[0.4248155355453491, 0.955571174621582, 1.3709133863449097, 1.5049233436584473, 1.514432668685913, 1.5822968482971191];[-2.218609094619751, -5.975789546966553, -16.600614547729492, -20.892684936523438, -22.212026596069336, -24.26461410522461];[1.4767940044403076, 0.8090771436691284, 0.3875204026699066, 0.2083103507757187, 0.1550157070159912];293.1962926387787
5850;[3.4156088829040527, 2.6239538192749023, 11.007205963134766, 11.675108909606934, 13.302777290344238, 13.7439546585083];[0.4235422909259796, 0.34552982449531555, 1.5577383041381836, 1.5645253658294678, 1.6235575675964355, 1.6348116397857666];[-2.141894578933716, -2.1492953300476074, -21.08901023864746, -22.772432327270508, -25.25975799560547, -26.4666690826416];[1.443084716796875, 0.8775250911712646, 0.4464375972747803, 0.2612309753894806, 0.1803371161222458];289.60105061531067
5900;[3.505112886428833, 3.634533166885376, 9.320459365844727, 10.611889839172363, 11.490446090698242, 12.099382400512695];[0.42549750208854675, 0.9151812791824341, 1.4777522087097168, 1.5892651081085205, 1.6162351369857788, 1.6325019598007202];[-2.1845786571502686, -5.700396537780762, -20.19329833984375, -22.890483856201172, -25.27400016784668, -25.337434768676758];[1.3579738140106201, 0.786872923374176, 0.3824070394039154, 0.2339988797903061, 0.14818991720676422];282.5835292339325
5950;[3.426513195037842, 2.467651844024658, 4.901396751403809, 7.665902614593506, 8.450167655944824, 10.70596981048584];[0.42651665210723877, 0.3568566143512726, 1.2750591039657593, 1.43384850025177, 1.5260679721832275, 1.5943875312805176];[-2.1390936374664307, -2.1688575744628906, -10.468354225158691, -15.720367431640625, -18.78127670288086, -22.51329803466797];[1.4238390922546387, 0.8088681101799011, 0.4801847040653229, 0.24911943078041077, 0.1775015890598297];295.3214237689972
6000;[3.5324230194091797, 3.6459224224090576, 10.482134819030762, 12.166340827941895, 12.256937026977539, 12.489262580871582];[0.4432600140571594, 0.9324514269828796, 1.5335286855697632, 1.6156303882598877, 1.630652666091919, 1.6325849294662476];[-2.2023110389709473, -5.926225185394287, -22.509775161743164, -24.72486114501953, -24.971031188964844, -25.26834487915039];[1.4273957014083862, 0.8377485275268555, 0.40250465273857117, 0.22325024008750916, 0.17625835537910461];287.4419505596161
6050;[3.525528907775879, 3.3200480937957764, 7.1961212158203125, 8.982048988342285, 9.597562789916992, 10.762389183044434];[0.42639636993408203, 0.8401888608932495, 1.4002559185028076, 1.5134650468826294, 1.5260963439941406, 1.5764676332473755];[-2.1861791610717773, -4.679314613342285, -16.919597625732422, -20.725419998168945, -21.508766174316406, -23.749008178710938];[1.4476920366287231, 0.8255879878997803, 0.41238275170326233, 0.22121722996234894, 0.16166706383228302];288.222776889801
6100;[3.5386545658111572, 3.0659189224243164, 4.542123794555664, 5.411344051361084, 6.8605217933654785, 7.342518329620361];[0.42927420139312744, 0.8085106015205383, 1.1218597888946533, 1.326970100402832, 1.4326645135879517, 1.43800950050354];[-2.185875177383423, -4.367700576782227, -9.639196395874023, -13.659543991088867, -17.39333152770996, -18.772668838500977];[1.444501519203186, 0.7635854482650757, 0.3708786070346832, 0.24423401057720184, 0.15865476429462433];290.14457726478577
6150;[3.391819715499878, 3.4657750129699707, 4.651582717895508, 5.701117515563965, 7.084910869598389, 7.544092178344727];[0.4235442280769348, 0.9181134104728699, 1.1849534511566162, 1.3407878875732422, 1.446258306503296, 1.4373674392700195];[-2.118706703186035, -5.702113151550293, -10.514311790466309, -14.467194557189941, -17.887374877929688, -18.729955673217773];[1.579514980316162, 0.780724048614502, 0.38741883635520935, 0.260251522064209, 0.15088346600532532];287.50134086608887
6200;[3.3767919540405273, 4.329154014587402, 8.858748435974121, 9.952434539794922, 10.292625427246094, 10.366701126098633];[0.4224041700363159, 1.0275428295135498, 1.4532545804977417, 1.4946205615997314, 1.5276134014129639, 1.5588061809539795];[-2.12829852104187, -7.885083198547363, -20.12873649597168, -21.532682418823242, -23.56350326538086, -23.292654037475586];[1.4089769124984741, 0.8081395030021667, 0.39611053466796875, 0.21112090349197388, 0.1430189162492752];287.2332193851471
6250;[3.4127135276794434, 3.4472033977508545, 11.87260913848877, 13.688880920410156, 14.453130722045898, 15.4714937210083];[0.4282115697860718, 0.8902798295021057, 1.5182992219924927, 1.6433959007263184, 1.6789805889129639, 1.6853681802749634];[-2.147883415222168, -5.4503302574157715, -23.173372268676758, -26.740428924560547, -28.029285430908203, -28.31052589416504];[1.4660993814468384, 0.7935260534286499, 0.4177924692630768, 0.21351850032806396, 0.18002992868423462];288.4455292224884
6300;[3.496427297592163, 2.7998263835906982, 9.66366195678711, 12.05709171295166, 14.460348129272461, 14.973528861999512];[0.44612348079681396, 0.49700820446014404, 1.489943504333496, 1.5950658321380615, 1.654404878616333, 1.649247169494629];[-2.1842172145843506, -2.6505987644195557, -20.229061126708984, -23.59659194946289, -27.330503463745117, -27.550983428955078];[1.492900013923645, 0.8162220120429993, 0.5064574480056763, 0.27115336060523987, 0.19111616909503937];285.78563714027405
6350;[3.510988473892212, 2.5740928649902344, 8.788248062133789, 11.05373477935791, 14.47946834564209, 14.963576316833496];[0.4416903555393219, 0.3716018795967102, 1.4531774520874023, 1.5935332775115967, 1.6705397367477417, 1.6700328588485718];[-2.1968064308166504, -2.4531123638153076, -18.775821685791016, -22.260879516601562, -27.20189094543457, -27.844491958618164];[1.4573240280151367, 0.7735163569450378, 0.4523995518684387, 0.2855621874332428, 0.18713277578353882];288.67100501060486
6400;[3.5146305561065674, 2.6424219608306885, 9.673728942871094, 11.818243980407715, 12.938348770141602, 14.457595825195312];[0.43778032064437866, 0.3964097797870636, 1.4606064558029175, 1.5807006359100342, 1.6232211589813232, 1.6451966762542725];[-2.175811529159546, -2.2306888103485107, -18.897790908813477, -23.458515167236328, -25.332199096679688, -26.456520080566406];[1.3885265588760376, 0.889580249786377, 0.47227466106414795, 0.2598477900028229, 0.19930939376354218];289.3949296474457
6450;[3.491072177886963, 2.472564220428467, 4.528173923492432, 5.979128837585449, 7.922659873962402, 9.635805130004883];[0.41797226667404175, 0.34093722701072693, 1.2141131162643433, 1.366120457649231, 1.483534812927246, 1.5408179759979248];[-2.1565778255462646, -2.2591350078582764, -9.54305648803711, -13.79404067993164, -18.832551956176758, -21.353103637695312];[1.417178988456726, 0.8080535531044006, 0.39338037371635437, 0.25752413272857666, 0.1653171330690384];286.65985465049744
6500;[3.45418643951416, 3.2089908123016357, 11.887009620666504, 14.042662620544434, 15.556396484375, 16.216400146484375];[0.42215070128440857, 0.8213678002357483, 1.5555832386016846, 1.6636883020401, 1.6873178482055664, 1.6936663389205933];[-2.1604888439178467, -4.2274885177612305, -23.878570556640625, -26.365812301635742, -27.69913673400879, -27.89243507385254];[1.5230666399002075, 0.8033913969993591, 0.43258392810821533, 0.22488278150558472, 0.16810177266597748];283.5641222000122
6550;[3.4759461879730225, 2.6685831546783447, 4.256671905517578, 5.656051158905029, 8.14399242401123, 8.58781623840332];[0.43682122230529785, 0.4184074103832245, 1.1779731512069702, 1.3088749647140503, 1.4974653720855713, 1.5405625104904175];[-2.1770341396331787, -2.639190196990967, -8.87283706665039, -12.124608993530273, -18.194551467895508, -20.711597442626953];[1.547082781791687, 0.7761209607124329, 0.4105887711048126, 0.2608073055744171, 0.15817344188690186];288.4276633262634
6600;[3.4148435592651367, 2.6594555377960205, 9.936701774597168, 10.95899772644043, 14.063584327697754, 15.267457008361816];[0.4393862783908844, 0.4411367177963257, 1.5304508209228516, 1.556031346321106, 1.6387051343917847, 1.66745126247406];[-2.1478524208068848, -2.3785781860351562, -19.767087936401367, -21.45755386352539, -25.857633590698242, -27.52910804748535];[1.4754189252853394, 0.8738952279090881, 0.48345595598220825, 0.26762279868125916, 0.1915273368358612];288.37882947921753
6650;[3.355729818344116, 2.6441268920898438, 5.094865322113037, 7.315970420837402, 9.053995132446289, 11.15832805633545];[0.4229552149772644, 0.407710462808609, 1.2688473463058472, 1.470957636833191, 1.5449342727661133, 1.593729853630066];[-2.1251649856567383, -2.3643665313720703, -10.697081565856934, -16.970563888549805, -20.026241302490234, -23.29767608642578];[1.5908465385437012, 0.8149429559707642, 0.4423573613166809, 0.22512714564800262, 0.16558463871479034];287.85228729248047
6700;[3.38685941696167, 2.5224361419677734, 4.761544227600098, 6.112582683563232, 7.967134475708008, 10.199527740478516];[0.41247639060020447, 0.45632249116897583, 1.2014048099517822, 1.4163364171981812, 1.5063214302062988, 1.5903624296188354];[-2.1057310104370117, -2.396836519241333, -9.038631439208984, -13.75947093963623, -18.58064079284668, -21.945941925048828];[1.4227871894836426, 0.8153669238090515, 0.45337772369384766, 0.26188379526138306, 0.1689334213733673];293.997451543808
6750;[3.471536874771118, 2.4605119228363037, 7.193667888641357, 8.152053833007812, 8.566198348999023, 9.487122535705566];[0.44458886981010437, 0.3007514476776123, 1.3983681201934814, 1.4859752655029297, 1.4910297393798828, 1.5132617950439453];[-2.16890025138855, -1.9321434497833252, -15.495484352111816, -18.260705947875977, -19.076313018798828, -20.096933364868164];[1.4636619091033936, 0.8402281403541565, 0.47233036160469055, 0.25732436776161194, 0.17974528670310974];286.572256565094
6800;[3.47160005569458, 2.851870536804199, 7.497499465942383, 8.815425872802734, 10.212347984313965, 11.582853317260742];[0.42987900972366333, 0.6954039931297302, 1.414856195449829, 1.4942734241485596, 1.5737062692642212, 1.5966819524765015];[-2.1651411056518555, -3.5003128051757812, -17.06391716003418, -19.897634506225586, -23.54581069946289, -23.412839889526367];[1.4529064893722534, 0.7803797721862793, 0.41701146960258484, 0.2058020681142807, 0.15209151804447174];288.8825674057007
6850;[3.4110498428344727, 3.258035898208618, 9.250260353088379, 12.141134262084961, 13.281038284301758, 13.985506057739258];[0.4251982867717743, 0.8364738821983337, 1.4671576023101807, 1.5667054653167725, 1.6033364534378052, 1.5999287366867065];[-2.153019666671753, -4.59846305847168, -20.432270050048828, -24.213577270507812, -26.588171005249023, -26.482351303100586];[1.4922515153884888, 0.8396562337875366, 0.4228624999523163, 0.21582791209220886, 0.1458859145641327];284.3511972427368
6900;[3.5187079906463623, 2.3367016315460205, 3.8812623023986816, 4.937869548797607, 7.054128646850586, 7.632805824279785];[0.4233356714248657, 0.3213227093219757, 1.0977907180786133, 1.3008103370666504, 1.4085352420806885, 1.5135091543197632];[-2.2008421421051025, -2.126997947692871, -7.678162097930908, -11.660592079162598, -16.27895164489746, -19.06136703491211];[1.4056156873703003, 0.7862420082092285, 0.4118664562702179, 0.2459833025932312, 0.1733761876821518];290.2539689540863
6950;[3.5780582427978516, 2.4353814125061035, 15.398210525512695, 17.9074764251709, 18.006437301635742, 18.08193016052246];[0.42360320687294006, 0.30864468216896057, 1.5555195808410645, 1.6377683877944946, 1.6503454446792603, 1.65804123878479];[-2.2075297832489014, -1.8870865106582642, -26.441802978515625, -29.70531463623047, -29.968610763549805, -30.413606643676758];[1.479819655418396, 0.9249629974365234, 0.5577171444892883, 0.30384111404418945, 0.18285953998565674];290.95398473739624
7000;[3.4158263206481934, 2.8552918434143066, 6.750372409820557, 8.495548248291016, 8.904366493225098, 9.380926132202148];[0.4285704493522644, 0.705661416053772, 1.3345917463302612, 1.426781415939331, 1.5158414840698242, 1.4870076179504395];[-2.149294376373291, -3.520507574081421, -15.026294708251953, -18.761411666870117, -21.015640258789062, -20.905221939086914];[1.3953157663345337, 0.8009548783302307, 0.4262363314628601, 0.2308708280324936, 0.16424867510795593];292.62690114974976
7050;[3.4300379753112793, 2.377636671066284, 6.287798881530762, 7.060241222381592, 8.755271911621094, 9.534886360168457];[0.4253702163696289, 0.4643743932247162, 1.3626512289047241, 1.436543583869934, 1.5132042169570923, 1.5509957075119019];[-2.1517746448516846, -2.378699541091919, -14.064453125, -16.33232307434082, -19.362459182739258, -21.539857864379883];[1.3970052003860474, 0.7649401426315308, 0.4187517464160919, 0.2524312734603882, 0.1614588052034378];289.05432057380676
7100;[3.410305976867676, 3.666292190551758, 6.375967502593994, 7.1663384437561035, 8.102914810180664, 8.525989532470703];[0.4376327693462372, 1.0093916654586792, 1.340364694595337, 1.4379862546920776, 1.4637811183929443, 1.4740321636199951];[-2.152648448944092, -6.4914045333862305, -15.418420791625977, -18.327219009399414, -19.843887329101562, -20.071788787841797];[1.3628652095794678, 0.7729786038398743, 0.3569783866405487, 0.19096331298351288, 0.13968969881534576];291.4645104408264
7150;[3.5161335468292236, 2.5403635501861572, 10.014416694641113, 11.664684295654297, 13.441537857055664, 14.278602600097656];[0.43235188722610474, 0.3885972797870636, 1.5160044431686401, 1.6354763507843018, 1.6534624099731445, 1.6604913473129272];[-2.1999800205230713, -2.289111375808716, -19.482572555541992, -23.597932815551758, -25.991544723510742, -26.169946670532227];[1.3842179775238037, 0.8104939460754395, 0.4618619978427887, 0.24488712847232819, 0.17792437970638275];293.1080627441406
7200;[3.5014235973358154, 2.4881949424743652, 6.2548956871032715, 7.193933010101318, 9.01577377319336, 9.357047080993652];[0.4243478775024414, 0.3826403021812439, 1.3762872219085693, 1.4647455215454102, 1.5425426959991455, 1.5671130418777466];[-2.1711623668670654, -2.3436086177825928, -13.422452926635742, -16.53089714050293, -20.550878524780273, -22.310152053833008];[1.4561607837677002, 0.7851212024688721, 0.4478161036968231, 0.2628291845321655, 0.172490194439888];289.16517519950867
7250;[3.41520094871521, 2.1427392959594727, 5.247278690338135, 6.252465724945068, 7.72356653213501, 8.519447326660156];[0.43882137537002563, 0.2971218228340149, 1.2832571268081665, 1.3861230611801147, 1.4615123271942139, 1.4875181913375854];[-2.163580894470215, -1.9844458103179932, -11.336621284484863, -14.789191246032715, -18.099538803100586, -20.07593536376953];[1.4162206649780273, 0.7918576598167419, 0.43000853061676025, 0.2501155138015747, 0.1538020670413971];290.9458496570587
7300;[3.3458776473999023, 2.3540823459625244, 6.138166904449463, 7.850308418273926, 8.947718620300293, 10.70151138305664];[0.4245806336402893, 0.31132689118385315, 1.3698374032974243, 1.4594168663024902, 1.5168994665145874, 1.596476674079895];[-2.1103062629699707, -2.016879081726074, -13.3671875, -17.887922286987305, -20.392499923706055, -24.100778579711914];[1.415171504020691, 0.8300145268440247, 0.5164691209793091, 0.2591091990470886, 0.17416293919086456];288.2856514453888
7350;[3.397529125213623, 2.5700671672821045, 8.112810134887695, 9.403249740600586, 10.452115058898926, 10.97146987915039];[0.42025071382522583, 0.334920734167099, 1.4327412843704224, 1.4975690841674805, 1.5838351249694824, 1.5621395111083984];[-2.1386537551879883, -2.128659963607788, -17.074739456176758, -19.986902236938477, -22.412944793701172, -23.133419036865234];[1.4941508769989014, 0.8733623027801514, 0.47648724913597107, 0.2684025466442108, 0.18455974757671356];286.77676701545715
7400;[3.4258272647857666, 3.014465570449829, 4.208105087280273, 4.594477653503418, 5.472045421600342, 5.54762077331543];[0.42250290513038635, 0.7788382172584534, 1.1525185108184814, 1.2094577550888062, 1.2910557985305786, 1.3197873830795288];[-2.1374926567077637, -4.136380672454834, -9.452360153198242, -11.446370124816895, -13.529437065124512, -14.468893051147461];[1.5691802501678467, 0.7588229179382324, 0.36201322078704834, 0.2548156678676605, 0.1596486121416092];292.23294138908386
7450;[3.468332529067993, 2.6358206272125244, 16.04340171813965, 17.6965389251709, 18.112319946289062, 18.487857818603516];[0.4213467240333557, 0.3914274573326111, 1.599400281906128, 1.6513280868530273, 1.6856857538223267, 1.7008488178253174];[-2.1579253673553467, -2.1403627395629883, -27.392780303955078, -28.76508140563965, -29.87636947631836, -31.581768035888672];[1.3929935693740845, 0.8838418126106262, 0.5460038781166077, 0.27620941400527954, 0.2142663598060608];288.5851390361786
7500;[3.5145277976989746, 2.8408315181732178, 7.793169021606445, 8.786726951599121, 10.31769847869873, 10.440561294555664];[0.4435330033302307, 0.7051359415054321, 1.4379358291625977, 1.5352656841278076, 1.592334270477295, 1.598679542541504];[-2.1853690147399902, -3.5253286361694336, -17.386241912841797, -19.596553802490234, -21.918365478515625, -22.902612686157227];[1.4268064498901367, 0.7651163339614868, 0.3666169047355652, 0.2204173058271408, 0.15325228869915009];288.32164573669434
7550;[3.49364972114563, 2.2900679111480713, 5.64052677154541, 7.3181681632995605, 8.637980461120605, 9.764609336853027];[0.4522863030433655, 0.37035882472991943, 1.2927112579345703, 1.4679763317108154, 1.5008251667022705, 1.5527726411819458];[-2.174058675765991, -2.094740390777588, -12.001077651977539, -16.57813262939453, -19.703832626342773, -21.47018814086914];[1.413692593574524, 0.7927691340446472, 0.42079871892929077, 0.2612377405166626, 0.15886826813220978];290.0207290649414
7600;[3.4201762676239014, 3.2825639247894287, 7.610642910003662, 9.369029998779297, 9.999181747436523, 10.680752754211426];[0.42099300026893616, 0.8547711968421936, 1.4019533395767212, 1.4996691942214966, 1.5399627685546875, 1.5308457612991333];[-2.1503331661224365, -4.926469326019287, -17.106008529663086, -20.194610595703125, -22.091096878051758, -23.03069496154785];[1.4730557203292847, 0.8138055801391602, 0.4277823269367218, 0.21121928095817566, 0.15230195224285126];290.72295784950256
7650;[3.324361801147461, 2.342527389526367, 8.572294235229492, 9.454797744750977, 11.449664115905762, 12.455901145935059];[0.4284830391407013, 0.3287973999977112, 1.4636274576187134, 1.5068817138671875, 1.584877848625183, 1.5721769332885742];[-2.116255283355713, -1.984814167022705, -18.6175594329834, -20.971363067626953, -23.62800407409668, -25.10723304748535];[1.3972899913787842, 0.8415367007255554, 0.4788873493671417, 0.23750683665275574, 0.1594664305448532];287.08312582969666
7700;[3.4914183616638184, 2.742305278778076, 9.120372772216797, 9.882987976074219, 10.934488296508789, 11.434386253356934];[0.4202416241168976, 0.4239422380924225, 1.4851144552230835, 1.5258170366287231, 1.5611987113952637, 1.5802111625671387];[-2.1748931407928467, -2.3535587787628174, -18.36534309387207, -20.645082473754883, -22.531143188476562, -23.201187133789062];[1.5216137170791626, 0.8472340703010559, 0.46135419607162476, 0.2620554268360138, 0.1744339019060135];286.6189613342285
7750;[3.4902026653289795, 2.6227357387542725, 7.898299217224121, 9.27151870727539, 10.59317398071289, 11.03658390045166];[0.43585360050201416, 0.6143092513084412, 1.4324383735656738, 1.5293376445770264, 1.6152571439743042, 1.604782223701477];[-2.162146806716919, -3.043543815612793, -17.590538024902344, -19.66571617126465, -23.63610076904297, -23.77042579650879];[1.3506263494491577, 0.7909578680992126, 0.4033687710762024, 0.2777097821235657, 0.16384340822696686];290.47362995147705
7800;[3.500040292739868, 3.911355495452881, 7.643345832824707, 9.861882209777832, 11.918744087219238, 12.366270065307617];[0.4382328689098358, 0.9582305550575256, 1.37823486328125, 1.5291002988815308, 1.5831055641174316, 1.5926504135131836];[-2.187696695327759, -6.369165897369385, -17.015478134155273, -22.21817970275879, -24.462350845336914, -25.705533981323242];[1.425821304321289, 0.8898619413375854, 0.4165957570075989, 0.21992932260036469, 0.13465715944766998];293.82717299461365
7850;[3.4770216941833496, 3.2885072231292725, 5.962949752807617, 6.679754734039307, 8.7151517868042, 9.372314453125];[0.4325808882713318, 0.8740595579147339, 1.2974743843078613, 1.379967212677002, 1.4889901876449585, 1.497268795967102];[-2.1807198524475098, -4.869447708129883, -13.815857887268066, -16.440059661865234, -20.498912811279297, -21.82190704345703];[1.4337522983551025, 0.7986098527908325, 0.38060078024864197, 0.2253519594669342, 0.14928515255451202];288.8201506137848
7900;[3.4245622158050537, 3.9977457523345947, 7.270683765411377, 7.855993747711182, 9.33427619934082, 9.759334564208984];[0.4227728843688965, 1.014526128768921, 1.3946638107299805, 1.4736511707305908, 1.58185875415802, 1.5727304220199585];[-2.167055368423462, -6.857439041137695, -16.62871551513672, -18.420654296875, -22.326623916625977, -22.570959091186523];[1.3916826248168945, 0.7691389918327332, 0.3706595003604889, 0.2636657953262329, 0.14812499284744263];287.59233117103577
7950;[3.5208237171173096, 2.522254228591919, 8.24416732788086, 10.32064437866211, 12.042889595031738, 13.511012077331543];[0.4353019595146179, 0.3716166913509369, 1.4429678916931152, 1.533272385597229, 1.6180384159088135, 1.621199131011963];[-2.2185897827148438, -2.158881425857544, -17.55272102355957, -21.809656143188477, -25.168609619140625, -26.925392150878906];[1.4092458486557007, 0.8383146524429321, 0.5351609587669373, 0.26023784279823303, 0.1672089844942093];291.5076446533203
8000;[3.4087133407592773, 2.5042500495910645, 12.941499710083008, 14.993288040161133, 17.02539825439453, 17.667680740356445];[0.4271165132522583, 0.3092938959598541, 1.5240319967269897, 1.644223690032959, 1.6693475246429443, 1.6680495738983154];[-2.1349101066589355, -2.005859613418579, -23.721282958984375, -27.14788818359375, -29.925607681274414, -29.03742027282715];[1.653374195098877, 0.9116529226303101, 0.5197557806968689, 0.23501645028591156, 0.1783948689699173];289.1156539916992
8050;[3.4201412200927734, 2.6315808296203613, 9.249205589294434, 12.421566009521484, 12.664210319519043, 13.953487396240234];[0.4235568046569824, 0.4611770212650299, 1.4839612245559692, 1.6026177406311035, 1.6337145566940308, 1.6503674983978271];[-2.152250289916992, -2.360689401626587, -18.11107635498047, -23.77355194091797, -25.260164260864258, -26.784374237060547];[1.4354636669158936, 0.8599813580513, 0.5110766291618347, 0.23789143562316895, 0.17580336332321167];288.39174604415894
8100;[3.4205591678619385, 2.4007959365844727, 12.266197204589844, 13.225507736206055, 13.484578132629395, 14.280657768249512];[0.42028412222862244, 0.3008956015110016, 1.5892212390899658, 1.6113543510437012, 1.6138451099395752, 1.6360851526260376];[-2.1421473026275635, -1.9184420108795166, -24.213760375976562, -24.538728713989258, -25.322473526000977, -26.27387809753418];[1.4384187459945679, 0.857129693031311, 0.4375213384628296, 0.24153080582618713, 0.18481330573558807];288.062442779541
8150;[3.483809471130371, 2.2746522426605225, 5.896125316619873, 6.665432453155518, 7.196774482727051, 8.458069801330566];[0.4155814051628113, 0.336039274930954, 1.3223285675048828, 1.4188365936279297, 1.458609700202942, 1.515021800994873];[-2.1490190029144287, -1.9852150678634644, -12.511445045471191, -15.708085060119629, -17.336305618286133, -19.892854690551758];[1.4933432340621948, 0.8373307585716248, 0.4198315441608429, 0.2340138703584671, 0.17159469425678253];287.1992311477661
8200;[3.4265542030334473, 2.543966054916382, 6.145399570465088, 7.4387054443359375, 9.114678382873535, 9.634988784790039];[0.44222769141197205, 0.5548538565635681, 1.3161637783050537, 1.4455348253250122, 1.5562794208526611, 1.569805383682251];[-2.1642885208129883, -2.7550251483917236, -13.693130493164062, -17.043365478515625, -20.673471450805664, -22.06243324279785];[1.4352457523345947, 0.7645750045776367, 0.3787696957588196, 0.21651706099510193, 0.13930170238018036];289.1971275806427
8250;[3.5096325874328613, 2.474649429321289, 7.491635799407959, 8.914411544799805, 10.62532901763916, 11.058622360229492];[0.4265439808368683, 0.3440767526626587, 1.475365400314331, 1.5479662418365479, 1.5996109247207642, 1.6090197563171387];[-2.200293779373169, -2.1728415489196777, -16.418819427490234, -18.65099334716797, -22.627483367919922, -23.138599395751953];[1.4470899105072021, 0.8372420072555542, 0.42212432622909546, 0.271955281496048, 0.1731068640947342];290.5208041667938
8300;[3.419157028198242, 3.0664308071136475, 7.788495063781738, 8.66414737701416, 9.340020179748535, 9.210665702819824];[0.44192126393318176, 0.8086989521980286, 1.4173308610916138, 1.4881751537322998, 1.4983313083648682, 1.5186692476272583];[-2.1562514305114746, -4.137609004974365, -17.999784469604492, -20.339380264282227, -20.47908592224121, -22.074804306030273];[1.4380468130111694, 0.8441177010536194, 0.39748066663742065, 0.22752977907657623, 0.14723454415798187];289.66937589645386
8350;[3.440568208694458, 2.542910099029541, 9.991854667663574, 11.047934532165527, 11.717961311340332, 12.129050254821777];[0.4387984573841095, 0.3176700174808502, 1.4986933469772339, 1.5433132648468018, 1.5762860774993896, 1.5751075744628906];[-2.1828620433807373, -1.897998571395874, -20.71087646484375, -23.116113662719727, -24.27863121032715, -24.211942672729492];[1.447880506515503, 0.9139008522033691, 0.5264273285865784, 0.28756099939346313, 0.191238135099411];292.1543688774109
8400;[3.4663591384887695, 2.4240520000457764, 14.580114364624023, 16.163658142089844, 16.86562156677246, 16.71857452392578];[0.42127275466918945, 0.3274010121822357, 1.5857222080230713, 1.6284193992614746, 1.6820621490478516, 1.6588332653045654];[-2.1589677333831787, -1.891454815864563, -26.28571128845215, -28.116069793701172, -29.537580490112305, -28.86343765258789];[1.4054789543151855, 0.9012261629104614, 0.5480124950408936, 0.30457764863967896, 0.17479129135608673];285.592333316803
8450;[3.5360963344573975, 2.728306293487549, 12.29191780090332, 14.215588569641113, 15.598939895629883, 15.637063980102539];[0.43971049785614014, 0.4489973783493042, 1.5475088357925415, 1.6380705833435059, 1.6749465465545654, 1.6904879808425903];[-2.192559242248535, -2.296119213104248, -23.065643310546875, -25.317785263061523, -27.73557472229004, -28.17740249633789];[1.4379475116729736, 0.9037074446678162, 0.5396347045898438, 0.2572096288204193, 0.18898694217205048];288.01179814338684
8500;[3.4333226680755615, 3.3795199394226074, 11.542055130004883, 13.366776466369629, 13.579522132873535, 13.38099479675293];[0.43046343326568604, 0.814512312412262, 1.5201659202575684, 1.5981069803237915, 1.6192736625671387, 1.5904875993728638];[-2.172778844833374, -4.393892765045166, -23.12677001953125, -25.894702911376953, -26.12248420715332, -25.90297508239746];[1.556658148765564, 0.8368102312088013, 0.43032827973365784, 0.21880561113357544, 0.15959639847278595];289.0172872543335
8550;[3.4510583877563477, 2.2712981700897217, 5.2212324142456055, 6.313566207885742, 8.010909080505371, 8.680556297302246];[0.429423451423645, 0.3288290500640869, 1.2541378736495972, 1.4049842357635498, 1.5033464431762695, 1.5126962661743164];[-2.1546132564544678, -2.0437939167022705, -10.89140510559082, -14.575169563293457, -18.957651138305664, -19.7792911529541];[1.454352855682373, 0.7710151076316833, 0.4127923846244812, 0.23758742213249207, 0.16997651755809784];291.7740533351898
8600;[3.537524700164795, 2.440896511077881, 4.920649528503418, 5.647441864013672, 7.931675910949707, 8.928067207336426];[0.4289161264896393, 0.36297041177749634, 1.1858439445495605, 1.336843490600586, 1.486392855644226, 1.5297905206680298];[-2.2009687423706055, -2.2667808532714844, -9.303243637084961, -12.61815357208252, -18.20713233947754, -19.885868072509766];[1.4654278755187988, 0.7747493982315063, 0.3984101414680481, 0.2676289677619934, 0.1648300141096115];291.67778396606445
8650;[3.4902520179748535, 2.8044652938842773, 8.964871406555176, 10.13353443145752, 12.237115859985352, 13.201703071594238];[0.4298435151576996, 0.47422924637794495, 1.5173550844192505, 1.5679857730865479, 1.6149585247039795, 1.640378713607788];[-2.1816182136535645, -2.651721715927124, -18.402307510375977, -20.400449752807617, -24.303796768188477, -25.391115188598633];[1.384202003479004, 0.8629962205886841, 0.4479919970035553, 0.296702116727829, 0.1882529854774475];291.6797742843628
8700;[3.4459896087646484, 2.469143867492676, 13.309803009033203, 15.451521873474121, 17.01490020751953, 18.54391098022461];[0.4349559545516968, 0.3704777956008911, 1.556822419166565, 1.649638295173645, 1.6654200553894043, 1.6940319538116455];[-2.1800506114959717, -2.1321067810058594, -24.349756240844727, -27.585439682006836, -27.795547485351562, -29.446388244628906];[1.3898839950561523, 0.894254207611084, 0.507620632648468, 0.26106107234954834, 0.2086324393749237];286.23269057273865
8750;[3.5104923248291016, 2.3088340759277344, 9.543859481811523, 11.484410285949707, 12.601492881774902, 13.933412551879883];[0.43076255917549133, 0.2953139543533325, 1.4900645017623901, 1.5537086725234985, 1.590991497039795, 1.6118234395980835];[-2.1839663982391357, -1.9081768989562988, -20.106529235839844, -23.159198760986328, -24.820735931396484, -27.08624267578125];[1.5018199682235718, 0.7895533442497253, 0.5195769667625427, 0.2588213086128235, 0.1653066724538803];290.087548494339
8800;[3.4627010822296143, 3.4336729049682617, 5.575168609619141, 6.22974967956543, 8.167490005493164, 8.807723999023438];[0.42997217178344727, 0.9219247102737427, 1.2747853994369507, 1.3789243698120117, 1.5029077529907227, 1.5013903379440308];[-2.172520637512207, -5.557836055755615, -13.256677627563477, -15.514080047607422, -20.049413681030273, -21.200950622558594];[1.4210615158081055, 0.7548820972442627, 0.3510062098503113, 0.2527625858783722, 0.1515241414308548];292.49302101135254
8850;[3.55043625831604, 4.746417045593262, 11.564934730529785, 13.303008079528809, 14.014497756958008, 14.803220748901367];[0.4316394031047821, 1.1077839136123657, 1.5349068641662598, 1.5974572896957397, 1.5994696617126465, 1.651024580001831];[-2.1970880031585693, -9.10642147064209, -23.51731300354004, -26.465364456176758, -26.357677459716797, -28.213890075683594];[1.4193295240402222, 0.8513465523719788, 0.4476264715194702, 0.20936110615730286, 0.14115838706493378];292.34633779525757
8900;[3.452826499938965, 2.249319314956665, 6.165760517120361, 10.492402076721191, 12.014359474182129, 13.353836059570312];[0.42510244250297546, 0.2909289002418518, 1.3342143297195435, 1.5454756021499634, 1.6045219898223877, 1.6557003259658813];[-2.1639912128448486, -1.875293254852295, -13.323741912841797, -22.07373046875, -24.299123764038086, -26.328296661376953];[1.3727089166641235, 0.8681238293647766, 0.4395739734172821, 0.24129743874073029, 0.16776305437088013];290.23051714897156
8950;[3.367286443710327, 2.416281223297119, 8.781999588012695, 10.960131645202637, 12.287477493286133, 13.567014694213867];[0.43160152435302734, 0.31248924136161804, 1.4658259153366089, 1.5715631246566772, 1.6227911710739136, 1.63424551486969];[-2.137305974960327, -1.898698329925537, -17.704988479614258, -22.476093292236328, -23.890981674194336, -25.758544921875];[1.4077383279800415, 0.902914822101593, 0.5217997431755066, 0.25096380710601807, 0.20184043049812317];291.8195924758911
9000;[3.509927272796631, 3.4515445232391357, 4.905206680297852, 5.656449794769287, 7.008934497833252, 7.652708053588867];[0.43090856075286865, 0.905961275100708, 1.2145664691925049, 1.3094699382781982, 1.4272491931915283, 1.469873070716858];[-2.1901438236236572, -5.2771453857421875, -11.238798141479492, -14.44062328338623, -17.490785598754883, -19.511545181274414];[1.4987794160842896, 0.7675493359565735, 0.34815487265586853, 0.2439301311969757, 0.16086377203464508];292.5046193599701
9050;[3.5327253341674805, 3.547708749771118, 4.474466323852539, 5.610888957977295, 7.482470512390137, 8.161123275756836];[0.42746472358703613, 0.8694217205047607, 1.1987874507904053, 1.2788691520690918, 1.4383970499038696, 1.4895498752593994];[-2.1952664852142334, -5.2620625495910645, -10.423048973083496, -13.563485145568848, -18.749982833862305, -20.627323150634766];[1.3728156089782715, 0.7934793829917908, 0.37354710698127747, 0.27509433031082153, 0.14185334742069244];289.69772601127625
9100;[3.367696523666382, 2.2132511138916016, 10.442238807678223, 12.915597915649414, 15.208022117614746, 15.804308891296387];[0.4286576509475708, 0.30014094710350037, 1.5377150774002075, 1.636673927307129, 1.679463267326355, 1.6955355405807495];[-2.1440486907958984, -1.9828144311904907, -21.349594116210938, -23.784446716308594, -27.0937442779541, -27.75693702697754];[1.4475278854370117, 0.7707524299621582, 0.4709799289703369, 0.25234493613243103, 0.1910652071237564];286.4748022556305
9150;[3.388803243637085, 2.6390442848205566, 15.795927047729492, 18.502065658569336, 18.544694900512695, 18.23545265197754];[0.4229702651500702, 0.302586168050766, 1.5474210977554321, 1.6470131874084473, 1.6635609865188599, 1.671849012374878];[-2.1374030113220215, -1.8934398889541626, -27.252492904663086, -30.03598403930664, -30.13653564453125, -30.400352478027344];[1.4225181341171265, 0.9764489531517029, 0.5709913969039917, 0.29064255952835083, 0.21062719821929932];297.5118498802185
9200;[3.5300161838531494, 2.363187074661255, 10.285672187805176, 11.328658103942871, 11.88564682006836, 12.827877044677734];[0.4437246024608612, 0.29991430044174194, 1.5300519466400146, 1.5894958972930908, 1.6188273429870605, 1.6529364585876465];[-2.2258903980255127, -1.9870401620864868, -20.92087745666504, -23.01651954650879, -23.751934051513672, -25.98940086364746];[1.4479050636291504, 0.817786693572998, 0.5015959739685059, 0.26572898030281067, 0.19817304611206055];288.77501940727234
9250;[3.492786407470703, 2.24688458442688, 9.694979667663574, 11.409222602844238, 11.681570053100586, 13.210013389587402];[0.4328988194465637, 0.3154989182949066, 1.4893215894699097, 1.5995296239852905, 1.6271016597747803, 1.642187237739563];[-2.1787405014038086, -2.0595333576202393, -19.896718978881836, -23.56200408935547, -24.5084171295166, -24.971744537353516];[1.5706729888916016, 0.7308385968208313, 0.5051268339157104, 0.25510260462760925, 0.19562359154224396];286.62294006347656
9300;[3.4580459594726562, 2.2073912620544434, 7.6044158935546875, 9.217229843139648, 11.030695915222168, 11.500272750854492];[0.427882581949234, 0.28454387187957764, 1.4409427642822266, 1.5148396492004395, 1.5580267906188965, 1.5586494207382202];[-2.165567636489868, -1.8468997478485107, -16.34058380126953, -19.84952735900879, -22.835105895996094, -23.847787857055664];[1.4044804573059082, 0.8244558572769165, 0.42400726675987244, 0.23263733088970184, 0.17107312381267548];288.1734993457794
9350;[3.5503883361816406, 3.6612231731414795, 6.820516109466553, 8.703051567077637, 9.260513305664062, 9.728781700134277];[0.4310784637928009, 0.9008263945579529, 1.4061967134475708, 1.4658411741256714, 1.5010285377502441, 1.515516757965088];[-2.1908836364746094, -5.739758491516113, -16.781539916992188, -20.023645401000977, -21.76825523376465, -22.590988159179688];[1.423182487487793, 0.7990702986717224, 0.38959264755249023, 0.1928083598613739, 0.13679379224777222];287.79528975486755
9400;[3.467446804046631, 3.2592861652374268, 5.712909698486328, 6.541979789733887, 8.055438995361328, 8.58854866027832];[0.43217605352401733, 0.8588578104972839, 1.2902475595474243, 1.423072099685669, 1.4969631433486938, 1.5035468339920044];[-2.187335252761841, -4.769620418548584, -13.528440475463867, -15.693048477172852, -19.667978286743164, -20.512283325195312];[1.364986777305603, 0.8022170066833496, 0.35423895716667175, 0.2741173505783081, 0.15218420326709747];290.8676013946533
9450;[3.485985040664673, 2.439516067504883, 16.22508430480957, 19.590124130249023, 19.00234603881836, 18.089963912963867];[0.4293910562992096, 0.3550650477409363, 1.5538588762283325, 1.6845650672912598, 1.6880013942718506, 1.700592279434204];[-2.175292730331421, -1.9034299850463867, -26.858112335205078, -31.465702056884766, -30.314674377441406, -31.51605224609375];[1.4202622175216675, 0.9726212024688721, 0.5636749267578125, 0.2856227457523346, 0.20773276686668396];287.9851939678192
9500;[3.4328224658966064, 2.437648296356201, 14.390122413635254, 15.348185539245605, 16.917604446411133, 17.243532180786133];[0.4145612120628357, 0.307883620262146, 1.5832529067993164, 1.5886969566345215, 1.6581357717514038, 1.6659085750579834];[-2.138206720352173, -1.9223774671554565, -25.945653915405273, -27.438678741455078, -28.807754516601562, -29.623796463012695];[1.3816860914230347, 0.9079029560089111, 0.5557857155799866, 0.3074084520339966, 0.19374749064445496];284.8760356903076
9550;[3.4682490825653076, 2.3789827823638916, 11.767337799072266, 14.140326499938965, 14.165778160095215, 15.62821102142334];[0.4244554936885834, 0.31604310870170593, 1.5328930616378784, 1.637133002281189, 1.6569820642471313, 1.6684802770614624];[-2.1627941131591797, -1.9970741271972656, -22.464366912841797, -26.38355827331543, -26.782073974609375, -27.16766357421875];[1.3812533617019653, 0.8340125679969788, 0.5215536952018738, 0.2633812427520752, 0.20023785531520844];286.0653545856476
9600;[3.472961902618408, 2.854336738586426, 4.375644207000732, 5.179698467254639, 6.454102993011475, 6.886602401733398];[0.4330383241176605, 0.7348232269287109, 1.167891025543213, 1.2928203344345093, 1.3651114702224731, 1.4282653331756592];[-2.180123805999756, -3.6437740325927734, -9.770825386047363, -13.154518127441406, -15.651793479919434, -17.61033821105957];[1.440819501876831, 0.7640610933303833, 0.3575892448425293, 0.24162058532238007, 0.15172211825847626];289.82521200180054
9650;[3.451794147491455, 2.705970525741577, 8.117408752441406, 10.710953712463379, 11.793050765991211, 12.134011268615723];[0.42521777749061584, 0.6498640179634094, 1.472096562385559, 1.5139364004135132, 1.5868325233459473, 1.5727156400680542];[-2.1597330570220947, -3.1262502670288086, -18.85219955444336, -22.502113342285156, -24.470020294189453, -24.922454833984375];[1.4659302234649658, 0.7848882079124451, 0.46605435013771057, 0.21805624663829803, 0.16108468174934387];285.3010928630829
9700;[3.6129822731018066, 3.089747428894043, 4.667100429534912, 6.692745208740234, 7.142602920532227, 7.374453544616699];[0.4114971458911896, 0.8677235245704651, 1.1905877590179443, 1.4015344381332397, 1.4796992540359497, 1.4370944499969482];[-2.2278079986572266, -4.590221405029297, -10.845861434936523, -16.955718994140625, -18.9267520904541, -18.53876304626465];[1.4089598655700684, 0.7287719249725342, 0.3562707006931305, 0.24158047139644623, 0.1620447337627411];286.60897874832153
9750;[3.4657483100891113, 2.8406381607055664, 4.039898872375488, 5.453369140625, 6.239649772644043, 6.819618225097656];[0.4229542315006256, 0.7337777018547058, 1.0967251062393188, 1.26993727684021, 1.3847907781600952, 1.4038418531417847];[-2.1522700786590576, -3.6900296211242676, -8.694296836853027, -13.085511207580566, -15.869810104370117, -16.98596954345703];[1.4220584630966187, 0.77070152759552, 0.3665134012699127, 0.21385625004768372, 0.14877456426620483];287.162397146225
9800;[3.4745001792907715, 2.6275930404663086, 9.732051849365234, 11.098533630371094, 12.955544471740723, 13.678520202636719];[0.43103888630867004, 0.40279585123062134, 1.4970368146896362, 1.5494524240493774, 1.6220723390579224, 1.621415376663208];[-2.180635452270508, -2.2741830348968506, -18.927051544189453, -22.18655014038086, -26.014110565185547, -25.568498611450195];[1.4870306253433228, 0.8717395663261414, 0.49917662143707275, 0.2583581507205963, 0.1754099428653717];291.18594789505005
9850;[3.5591089725494385, 2.573293924331665, 9.816096305847168, 11.145148277282715, 11.269132614135742, 13.833733558654785];[0.4267617464065552, 0.5511741042137146, 1.4741854667663574, 1.5656330585479736, 1.606939435005188, 1.6308249235153198];[-2.2096614837646484, -2.684051990509033, -18.84674644470215, -21.785226821899414, -23.673254013061523, -26.62912368774414];[1.440024971961975, 0.8184000253677368, 0.5006330013275146, 0.26000410318374634, 0.20026357471942902];283.26087760925293
9900;[3.3933238983154297, 2.449474334716797, 9.195623397827148, 11.663094520568848, 12.113064765930176, 13.30699348449707];[0.43316057324409485, 0.32328516244888306, 1.4687113761901855, 1.5935362577438354, 1.6097372770309448, 1.62592613697052];[-2.1431241035461426, -2.0086541175842285, -19.19764518737793, -24.14297103881836, -24.21129035949707, -25.062679290771484];[1.4773486852645874, 0.8807088136672974, 0.452955424785614, 0.24053044617176056, 0.19177933037281036];291.0005166530609
9950;[3.403292179107666, 2.553480625152588, 13.31877326965332, 16.048431396484375, 17.791828155517578, 18.344467163085938];[0.430907279253006, 0.33669593930244446, 1.558125615119934, 1.6385494470596313, 1.6866581439971924, 1.6962677240371704];[-2.139824628829956, -2.053312063217163, -25.854677200317383, -28.357805252075195, -30.049802780151367, -30.1162166595459];[1.4457627534866333, 0.8770046830177307, 0.5314797759056091, 0.26981788873672485, 0.19881556928157806];293.24097633361816
10000;[3.3262155055999756, 2.8082754611968994, 5.247941017150879, 6.846401691436768, 8.651769638061523, 9.097107887268066];[0.43026137351989746, 0.6834112405776978, 1.2942922115325928, 1.3975716829299927, 1.4934191703796387, 1.5107007026672363];[-2.11252760887146, -3.493485927581787, -12.52755069732666, -16.642608642578125, -20.716718673706055, -21.67853355407715];[1.381926417350769, 0.7940189242362976, 0.40931516885757446, 0.222511425614357, 0.15416470170021057];287.3846206665039
