Seed;RMSE History;MMD History;Log-Likelihood History;Max EIG History;Deployment Time
50;[3.4535317420959473, 2.303483724594116, 7.602156162261963, 9.162055015563965, 10.54930305480957, 12.244606018066406];[0.44550904631614685, 0.31941208243370056, 1.4430781602859497, 1.5560145378112793, 1.5653808116912842, 1.6057394742965698];[-2.1841557025909424, -1.9445345401763916, -16.64568328857422, -20.52249526977539, -23.018095016479492, -25.255849838256836];[1.4264227151870728, 0.8816945552825928, 0.4594542980194092, 0.234519824385643, 0.1695326864719391];307.6808331012726
100;[3.597290515899658, 3.3495235443115234, 15.16469669342041, 16.947843551635742, 17.585893630981445, 18.43414306640625];[0.4178268313407898, 0.7641462683677673, 1.5658866167068481, 1.6073720455169678, 1.6519075632095337, 1.6478270292282104];[-2.225539207458496, -3.3381597995758057, -25.83637809753418, -28.191200256347656, -29.516565322875977, -29.296621322631836];[1.3921425342559814, 0.9000033140182495, 0.64188551902771, 0.3376297652721405, 0.20587465167045593];285.52403950691223
150;[3.4319088459014893, 2.4270076751708984, 3.2117419242858887, 6.254568576812744, 8.251286506652832, 10.081147193908691];[0.43440350890159607, 0.31504926085472107, 0.940599799156189, 1.4237180948257446, 1.4854787588119507, 1.5285173654556274];[-2.1458182334899902, -2.076545476913452, -5.487868309020996, -14.723764419555664, -19.818143844604492, -22.288806915283203];[1.4685475826263428, 0.8207558393478394, 0.4187655746936798, 0.24933208525180817, 0.17086949944496155];284.47642993927
200;[3.4882147312164307, 2.3847930431365967, 5.592627048492432, 7.449782371520996, 8.822236061096191, 10.347413063049316];[0.43370386958122253, 0.31299784779548645, 1.3110291957855225, 1.438136339187622, 1.5164026021957397, 1.5461032390594482];[-2.181112289428711, -2.0222301483154297, -11.63945198059082, -16.764394760131836, -19.94658851623535, -22.322675704956055];[1.4078642129898071, 0.8231155276298523, 0.4645811915397644, 0.24787810444831848, 0.16683131456375122];288.1567232608795
250;[3.4891486167907715, 2.226846694946289, 6.133484363555908, 6.999824523925781, 8.302973747253418, 9.331747055053711];[0.43905624747276306, 0.34172770380973816, 1.3731499910354614, 1.444832444190979, 1.5100793838500977, 1.5655986070632935];[-2.1856272220611572, -2.0199365615844727, -13.847817420959473, -16.05321502685547, -19.37466049194336, -21.327404022216797];[1.4171242713928223, 0.8094645738601685, 0.40818485617637634, 0.2293190211057663, 0.16758139431476593];278.2299315929413
300;[3.4684314727783203, 2.404283046722412, 8.110745429992676, 9.179658889770508, 11.018457412719727, 11.912633895874023];[0.433230459690094, 0.34354791045188904, 1.468581199645996, 1.5501986742019653, 1.5474485158920288, 1.6122028827667236];[-2.175381660461426, -2.1932551860809326, -16.778501510620117, -19.668737411499023, -22.693723678588867, -24.35635757446289];[1.416370153427124, 0.7975136041641235, 0.43088436126708984, 0.25073012709617615, 0.1722261756658554];273.94001269340515
350;[3.426074743270874, 2.605787515640259, 6.221617221832275, 8.123559951782227, 10.143304824829102, 11.06934642791748];[0.4136400818824768, 0.3524788022041321, 1.3806030750274658, 1.5145397186279297, 1.5301135778427124, 1.614195466041565];[-2.1508469581604004, -2.2524220943450928, -13.570945739746094, -18.35310935974121, -21.184309005737305, -23.86326789855957];[1.4400101900100708, 0.8110405206680298, 0.42607495188713074, 0.22346392273902893, 0.16507570445537567];284.91291856765747
400;[3.480447769165039, 2.404937982559204, 11.831727027893066, 13.376004219055176, 14.508378028869629, 14.603114128112793];[0.4406643807888031, 0.28054726123809814, 1.5429991483688354, 1.596713900566101, 1.6115906238555908, 1.6322999000549316];[-2.1900761127471924, -1.8014782667160034, -23.292831420898438, -25.900196075439453, -27.125879287719727, -27.724456787109375];[1.4105747938156128, 0.9295010566711426, 0.5005598068237305, 0.28260019421577454, 0.1535871922969818];285.6086091995239
450;[3.629896402359009, 2.3110272884368896, 4.90840482711792, 5.7119975090026855, 7.113090515136719, 7.860754489898682];[0.42785149812698364, 0.3439619541168213, 1.243391752243042, 1.3245651721954346, 1.4375901222229004, 1.4786064624786377];[-2.2236576080322266, -2.118818759918213, -10.772285461425781, -13.030661582946777, -17.507701873779297, -18.90886878967285];[1.562289834022522, 0.7562411427497864, 0.4127178192138672, 0.22509613633155823, 0.1708965003490448];273.6108009815216
500;[3.3648812770843506, 2.3207035064697266, 9.858529090881348, 11.388381004333496, 12.078326225280762, 13.261478424072266];[0.44050097465515137, 0.30731210112571716, 1.4905900955200195, 1.5541044473648071, 1.5925285816192627, 1.6101036071777344];[-2.117938995361328, -1.922347903251648, -20.316551208496094, -23.30971908569336, -25.007108688354492, -26.053327560424805];[1.525174617767334, 0.8576371073722839, 0.49781468510627747, 0.26946496963500977, 0.17041167616844177];282.98526096343994
550;[3.362457513809204, 2.5406248569488525, 5.483529567718506, 6.256128311157227, 7.617861747741699, 8.354994773864746];[0.4273624122142792, 0.4017653167247772, 1.2984089851379395, 1.3911287784576416, 1.4611124992370605, 1.5160582065582275];[-2.1138741970062256, -2.2706758975982666, -11.182906150817871, -14.32280158996582, -17.436307907104492, -19.775571823120117];[1.3570165634155273, 0.8165252208709717, 0.45449957251548767, 0.23621007800102234, 0.17979373037815094];286.538934469223
600;[3.4779739379882812, 2.6854429244995117, 8.019484519958496, 9.452638626098633, 11.759444236755371, 12.658172607421875];[0.42433440685272217, 0.35889071226119995, 1.442678451538086, 1.523380160331726, 1.5933431386947632, 1.6011453866958618];[-2.1737163066864014, -2.2528958320617676, -16.837987899780273, -20.851774215698242, -24.38150405883789, -25.318159103393555];[1.4240550994873047, 0.830047070980072, 0.44499754905700684, 0.2396857887506485, 0.1873379647731781];282.9535322189331
650;[3.5407519340515137, 2.581529140472412, 9.43664264678955, 11.28439998626709, 12.000237464904785, 12.964249610900879];[0.43656808137893677, 0.40197083353996277, 1.5037795305252075, 1.5784693956375122, 1.6089822053909302, 1.6154855489730835];[-2.2121787071228027, -2.2606587409973145, -19.46762466430664, -23.150651931762695, -24.24490737915039, -25.458341598510742];[1.4594218730926514, 0.8482800722122192, 0.47393330931663513, 0.26065438985824585, 0.17433740198612213];281.36665439605713
700;[3.4655158519744873, 2.438347816467285, 3.1507692337036133, 4.71890115737915, 6.716475963592529, 7.194484233856201];[0.4309043884277344, 0.32916173338890076, 0.9474222660064697, 1.2702375650405884, 1.433864951133728, 1.4661914110183716];[-2.1853156089782715, -2.072209358215332, -5.599661350250244, -10.937518119812012, -16.017480850219727, -17.757478713989258];[1.3925169706344604, 0.8294522166252136, 0.42311757802963257, 0.22264939546585083, 0.16239699721336365];287.2162389755249
750;[3.474484443664551, 2.580021619796753, 5.213169574737549, 7.060916900634766, 9.556053161621094, 10.540277481079102];[0.4471079111099243, 0.35565412044525146, 1.2792725563049316, 1.4296420812606812, 1.5309247970581055, 1.586389183998108];[-2.1904795169830322, -2.2897863388061523, -11.375289916992188, -16.463205337524414, -21.553497314453125, -23.154088973999023];[1.4034637212753296, 0.7829284071922302, 0.4646006226539612, 0.26303866505622864, 0.16492527723312378];285.23165917396545
800;[3.5488901138305664, 2.325310230255127, 6.549773216247559, 8.385714530944824, 10.458101272583008, 11.349695205688477];[0.4226207137107849, 0.33040302991867065, 1.3935848474502563, 1.5039318799972534, 1.6009232997894287, 1.6170181035995483];[-2.211388349533081, -2.1508634090423584, -14.65794563293457, -17.852855682373047, -23.2320499420166, -24.406414031982422];[1.4197908639907837, 0.7454413175582886, 0.39036446809768677, 0.2477436065673828, 0.16641074419021606];285.55368518829346
850;[3.3409130573272705, 2.2795419692993164, 6.187981128692627, 7.119917869567871, 7.162283897399902, 8.276323318481445];[0.43717724084854126, 0.3875075578689575, 1.3402646780014038, 1.4364198446273804, 1.462036371231079, 1.4685964584350586];[-2.1206741333007812, -2.097205400466919, -13.699737548828125, -16.436019897460938, -17.663515090942383, -19.288955688476562];[1.4117730855941772, 0.8614352345466614, 0.43662720918655396, 0.24169501662254333, 0.18780823051929474];282.7193994522095
900;[3.5120975971221924, 2.1572093963623047, 9.053970336914062, 11.159584045410156, 13.503617286682129, 14.332561492919922];[0.43827444314956665, 0.2878408133983612, 1.504593014717102, 1.602710247039795, 1.6753958463668823, 1.6680973768234253];[-2.1942410469055176, -1.948269009590149, -19.223785400390625, -21.910799026489258, -26.65033721923828, -26.798973083496094];[1.4822183847427368, 0.8038733601570129, 0.508368968963623, 0.25621214509010315, 0.17206847667694092];281.65233993530273
950;[3.4888288974761963, 2.5145585536956787, 9.666055679321289, 10.977673530578613, 12.018999099731445, 13.192941665649414];[0.4305139482021332, 0.3638772666454315, 1.467225432395935, 1.5451077222824097, 1.570096492767334, 1.6043577194213867];[-2.1909918785095215, -2.028578758239746, -19.467405319213867, -23.14202117919922, -24.223329544067383, -26.146957397460938];[1.3763808012008667, 0.896614670753479, 0.5357179045677185, 0.2703136205673218, 0.1705271303653717];282.3947925567627
1000;[3.4790709018707275, 2.5148532390594482, 5.275446891784668, 7.179264068603516, 9.916061401367188, 10.643646240234375];[0.4421994388103485, 0.34613803029060364, 1.261537790298462, 1.4557175636291504, 1.5504289865493774, 1.5382227897644043];[-2.195986032485962, -2.2562344074249268, -11.200227737426758, -16.548725128173828, -22.13245964050293, -21.981534957885742];[1.4298933744430542, 0.7703747749328613, 0.4353526830673218, 0.26929810643196106, 0.16487164795398712];290.06093668937683
1050;[3.4341771602630615, 2.630887985229492, 8.288165092468262, 8.99771785736084, 9.451861381530762, 11.23230266571045];[0.4304201006889343, 0.4363483190536499, 1.4251880645751953, 1.5131139755249023, 1.5715703964233398, 1.6192865371704102];[-2.155642032623291, -2.39979887008667, -15.57351016998291, -19.503589630126953, -21.157461166381836, -23.107498168945312];[1.3702319860458374, 0.8680566549301147, 0.5027241706848145, 0.2617797255516052, 0.2056322544813156];286.51378202438354
1100;[3.5694146156311035, 2.5090858936309814, 8.231078147888184, 10.249931335449219, 12.39203929901123, 12.595033645629883];[0.4306790828704834, 0.4179075360298157, 1.4566781520843506, 1.5552009344100952, 1.5993635654449463, 1.5869702100753784];[-2.2354342937469482, -2.2379813194274902, -17.422300338745117, -21.592300415039062, -24.990924835205078, -25.924901962280273];[1.4891663789749146, 0.8610738515853882, 0.48419877886772156, 0.2539577782154083, 0.19882866740226746];282.8862204551697
1150;[3.4858319759368896, 2.7221901416778564, 13.56087589263916, 15.724827766418457, 16.692710876464844, 17.88167381286621];[0.43737438321113586, 0.5173088908195496, 1.5437201261520386, 1.6169538497924805, 1.6481341123580933, 1.6712908744812012];[-2.1709494590759277, -2.415647029876709, -25.509231567382812, -28.241336822509766, -29.43488311767578, -29.441986083984375];[1.4211032390594482, 0.928699791431427, 0.5855735540390015, 0.31432411074638367, 0.18048886954784393];282.01002192497253
1200;[3.437978982925415, 2.392218589782715, 5.634239673614502, 7.251357078552246, 8.020071029663086, 9.842243194580078];[0.4222293496131897, 0.37478914856910706, 1.2938498258590698, 1.4421319961547852, 1.5118657350540161, 1.5620371103286743];[-2.1453921794891357, -2.2061855792999268, -12.313375473022461, -17.15707015991211, -18.631458282470703, -21.80493927001953];[1.4090831279754639, 0.781766414642334, 0.4585774838924408, 0.2419159710407257, 0.20916208624839783];285.7553336620331
1250;[3.4220948219299316, 2.5294618606567383, 6.816880702972412, 7.8428449630737305, 9.62326431274414, 10.828720092773438];[0.4305312931537628, 0.3438364267349243, 1.363767147064209, 1.4540737867355347, 1.4934970140457153, 1.574541449546814];[-2.1536736488342285, -2.170255661010742, -14.12337875366211, -17.480224609375, -21.3966121673584, -23.42622184753418];[1.4425804615020752, 0.8195512890815735, 0.47416776418685913, 0.2548789381980896, 0.1691378951072693];286.27208733558655
1300;[3.4729998111724854, 2.378485679626465, 9.419307708740234, 10.710684776306152, 11.031161308288574, 11.987566947937012];[0.4191039800643921, 0.2930006682872772, 1.4694039821624756, 1.495742917060852, 1.582577109336853, 1.6055654287338257];[-2.148639678955078, -1.9746140241622925, -19.586956024169922, -21.421106338500977, -23.9249210357666, -25.428546905517578];[1.4331846237182617, 0.8153968453407288, 0.465846449136734, 0.2794056534767151, 0.1998731642961502];285.5036811828613
1350;[3.4616544246673584, 2.3347814083099365, 7.313490390777588, 8.495454788208008, 9.221015930175781, 10.209351539611816];[0.43835362792015076, 0.32529792189598083, 1.3815397024154663, 1.4787124395370483, 1.5463258028030396, 1.5443317890167236];[-2.1895406246185303, -2.008739709854126, -15.17463493347168, -18.84442710876465, -20.94554901123047, -22.52983283996582];[1.4399313926696777, 0.8216144442558289, 0.4508700668811798, 0.2290605753660202, 0.1559259593486786];286.213819026947
1400;[3.5098540782928467, 2.8770527839660645, 9.954005241394043, 11.575239181518555, 12.944843292236328, 13.698118209838867];[0.44667667150497437, 0.546550452709198, 1.4827014207839966, 1.5722426176071167, 1.5988293886184692, 1.6150604486465454];[-2.196889638900757, -2.580007791519165, -20.0684757232666, -23.3098087310791, -24.775033950805664, -26.076257705688477];[1.5062978267669678, 0.9437212944030762, 0.5336816906929016, 0.28598377108573914, 0.19209550321102142];279.25700283050537
1450;[3.398092031478882, 2.3824968338012695, 11.98155689239502, 13.539714813232422, 13.75893783569336, 14.343873977661133];[0.4274410307407379, 0.3150498569011688, 1.4933091402053833, 1.6017452478408813, 1.6239136457443237, 1.6386772394180298];[-2.136824607849121, -1.8920776844024658, -22.074316024780273, -26.35908317565918, -26.831371307373047, -28.051856994628906];[1.4827321767807007, 0.8964410424232483, 0.5322955846786499, 0.263156920671463, 0.18313150107860565];282.97436261177063
1500;[3.3999791145324707, 2.274623155593872, 8.074807167053223, 9.586348533630371, 11.713491439819336, 12.648198127746582];[0.42848700284957886, 0.3034132122993469, 1.4250906705856323, 1.5532323122024536, 1.6047714948654175, 1.615563154220581];[-2.1453912258148193, -2.008856773376465, -17.29513168334961, -20.735746383666992, -23.7667179107666, -24.549264907836914];[1.4814077615737915, 0.8021133542060852, 0.47736290097236633, 0.24514491856098175, 0.17578545212745667];286.10292768478394
1550;[3.435685157775879, 2.5893826484680176, 5.8861260414123535, 6.904431343078613, 8.994124412536621, 10.139547348022461];[0.42411941289901733, 0.37056708335876465, 1.3320900201797485, 1.4067137241363525, 1.5144954919815063, 1.5497205257415771];[-2.1512887477874756, -2.3030037879943848, -12.278430938720703, -15.224878311157227, -20.208171844482422, -21.891263961791992];[1.4545917510986328, 0.8192151188850403, 0.4049369990825653, 0.24902436137199402, 0.17420564591884613];285.79741740226746
1600;[3.5344862937927246, 2.337771415710449, 4.5793137550354, 5.8469109535217285, 6.268694877624512, 7.638152599334717];[0.437140554189682, 0.3440975546836853, 1.2298396825790405, 1.3745108842849731, 1.3973438739776611, 1.5168877840042114];[-2.198368787765503, -2.0899486541748047, -9.525951385498047, -13.54991626739502, -14.911766052246094, -18.912660598754883];[1.3467326164245605, 0.8026026487350464, 0.4269968271255493, 0.23824064433574677, 0.17281551659107208];285.8470838069916
1650;[3.3729896545410156, 2.4208426475524902, 11.145269393920898, 12.829052925109863, 13.342581748962402, 13.736865997314453];[0.4261898100376129, 0.29141178727149963, 1.5107448101043701, 1.6186728477478027, 1.6450107097625732, 1.6504018306732178];[-2.128889560699463, -1.897101640701294, -21.876802444458008, -25.378204345703125, -25.858835220336914, -26.48816680908203];[1.4399919509887695, 0.851967990398407, 0.56882244348526, 0.27072688937187195, 0.21081767976284027];280.5175802707672
1700;[3.3907694816589355, 2.262925624847412, 8.707858085632324, 10.169503211975098, 11.152207374572754, 12.361273765563965];[0.41682669520378113, 0.3017250895500183, 1.4473843574523926, 1.5412721633911133, 1.589653730392456, 1.5934767723083496];[-2.115798234939575, -1.9696576595306396, -18.031917572021484, -22.08232307434082, -23.153881072998047, -25.081871032714844];[1.4486035108566284, 0.8158100843429565, 0.48609691858291626, 0.27811309695243835, 0.17335738241672516];281.76296758651733
1750;[3.4865918159484863, 2.3233892917633057, 6.678128719329834, 8.218459129333496, 10.230720520019531, 10.733576774597168];[0.43417859077453613, 0.3578457832336426, 1.3920868635177612, 1.4699368476867676, 1.56911301612854, 1.5632297992706299];[-2.1764469146728516, -2.114013433456421, -14.67928695678711, -17.68294334411621, -22.80936050415039, -23.503822326660156];[1.478678584098816, 0.8009831309318542, 0.4218629002571106, 0.24073171615600586, 0.17919409275054932];285.741473197937
1800;[3.542616844177246, 2.461324691772461, 7.113462448120117, 8.889677047729492, 10.6743803024292, 11.812600135803223];[0.43504461646080017, 0.3378761112689972, 1.4255101680755615, 1.5379939079284668, 1.617669701576233, 1.6284910440444946];[-2.2129921913146973, -2.1868736743927, -15.33520221710205, -18.222206115722656, -23.139541625976562, -23.795011520385742];[1.3986296653747559, 0.8340803980827332, 0.4360378384590149, 0.2774388790130615, 0.18475119769573212];285.20830631256104
1850;[3.523024320602417, 2.3732635974884033, 5.704432487487793, 7.173030376434326, 7.872056484222412, 9.210274696350098];[0.43340134620666504, 0.33886846899986267, 1.3002281188964844, 1.4237734079360962, 1.465323805809021, 1.5488708019256592];[-2.2051966190338135, -2.1154396533966064, -11.8837251663208, -16.098146438598633, -17.426490783691406, -20.894458770751953];[1.4456795454025269, 0.8604556918144226, 0.5056953430175781, 0.2686578631401062, 0.18643002212047577];279.59670519828796
1900;[3.5153372287750244, 2.522916555404663, 8.560603141784668, 9.993800163269043, 11.302275657653809, 11.739583969116211];[0.4438469111919403, 0.32767170667648315, 1.4748029708862305, 1.5725481510162354, 1.6043285131454468, 1.6055258512496948];[-2.202637195587158, -2.0945403575897217, -18.324365615844727, -20.904830932617188, -23.92559242248535, -24.31089973449707];[1.3942899703979492, 0.826164960861206, 0.47281011939048767, 0.240173801779747, 0.18156848847866058];281.47758626937866
1950;[3.449302911758423, 2.3120718002319336, 11.76668643951416, 13.524588584899902, 13.8340482711792, 14.713093757629395];[0.4420658349990845, 0.33555296063423157, 1.5640614032745361, 1.647982120513916, 1.6611987352371216, 1.6795566082000732];[-2.188352108001709, -2.0533201694488525, -23.097543716430664, -25.670368194580078, -26.385276794433594, -28.16659927368164];[1.430879831314087, 0.8344258069992065, 0.48012855648994446, 0.2579275071620941, 0.20442675054073334];284.3593096733093
2000;[3.5128579139709473, 2.3814759254455566, 7.977441787719727, 9.505971908569336, 10.394002914428711, 11.20797061920166];[0.43277543783187866, 0.2919919192790985, 1.4531220197677612, 1.5085235834121704, 1.5456757545471191, 1.5649828910827637];[-2.1851656436920166, -1.8854680061340332, -17.928491592407227, -21.01816177368164, -22.480854034423828, -22.9144229888916];[1.4451537132263184, 0.8490179777145386, 0.5075981020927429, 0.24523861706256866, 0.17999456822872162];287.28003120422363
2050;[3.4718825817108154, 2.331624984741211, 6.709217548370361, 8.179275512695312, 10.092529296875, 10.413064956665039];[0.435119092464447, 0.3168686330318451, 1.3624320030212402, 1.4936938285827637, 1.564777135848999, 1.5488630533218384];[-2.168713331222534, -1.998301386833191, -14.265514373779297, -18.581396102905273, -22.24355697631836, -22.3328914642334];[1.3899706602096558, 0.8145761489868164, 0.4508896470069885, 0.2589486837387085, 0.16163405776023865];283.3598792552948
2100;[3.4577395915985107, 2.2628157138824463, 7.177753925323486, 8.465335845947266, 9.101274490356445, 9.846814155578613];[0.4313388168811798, 0.4241064786911011, 1.389967918395996, 1.4905723333358765, 1.5500848293304443, 1.5738341808319092];[-2.1701595783233643, -2.188554525375366, -15.438766479492188, -18.830055236816406, -20.046451568603516, -21.760156631469727];[1.4028916358947754, 0.7782467603683472, 0.43346768617630005, 0.22004283964633942, 0.16965556144714355];281.37413787841797
2150;[3.5250561237335205, 2.392357349395752, 9.782623291015625, 11.643921852111816, 11.95907974243164, 13.22099781036377];[0.42883846163749695, 0.32392165064811707, 1.481160283088684, 1.581671118736267, 1.605666995048523, 1.6347981691360474];[-2.201998710632324, -1.9759089946746826, -18.40190315246582, -23.187255859375, -23.308250427246094, -25.448013305664062];[1.469148874282837, 0.8620890378952026, 0.47715502977371216, 0.26101166009902954, 0.20647577941417694];282.67215847969055
2200;[3.4772369861602783, 2.4240353107452393, 15.809727668762207, 17.12749671936035, 17.552709579467773, 16.790313720703125];[0.43342170119285583, 0.2916170358657837, 1.6125282049179077, 1.6565991640090942, 1.6681091785430908, 1.6394336223602295];[-2.167332649230957, -1.806391954421997, -27.88657569885254, -29.69755744934082, -29.29715347290039, -28.47978973388672];[1.5389820337295532, 0.966920793056488, 0.5485649704933167, 0.28541505336761475, 0.18467314541339874];277.89667081832886
2250;[3.447732448577881, 2.5501396656036377, 13.161572456359863, 14.416751861572266, 15.521309852600098, 15.336456298828125];[0.42744630575180054, 0.3915751278400421, 1.5240501165390015, 1.563185691833496, 1.6383955478668213, 1.6179606914520264];[-2.1626577377319336, -2.047459363937378, -24.827312469482422, -26.641651153564453, -29.091867446899414, -28.240453720092773];[1.4969102144241333, 0.9120927453041077, 0.5760684609413147, 0.307343989610672, 0.18691688776016235];282.9774751663208
2300;[3.4258675575256348, 2.3209261894226074, 6.743198871612549, 7.602809429168701, 9.247811317443848, 9.699640274047852];[0.43996262550354004, 0.31747016310691833, 1.3753806352615356, 1.439850926399231, 1.5189969539642334, 1.5595513582229614];[-2.155377149581909, -2.0136775970458984, -14.115193367004395, -17.04936981201172, -20.748395919799805, -22.155187606811523];[1.3730943202972412, 0.7842870354652405, 0.445283979177475, 0.2656862139701843, 0.16788733005523682];283.0428156852722
2350;[3.479848861694336, 2.1647818088531494, 8.667306900024414, 10.322994232177734, 11.836847305297852, 12.181623458862305];[0.4281454086303711, 0.2689007520675659, 1.4367547035217285, 1.57271146774292, 1.5892181396484375, 1.6254465579986572];[-2.1800904273986816, -1.7735522985458374, -18.35110855102539, -22.656923294067383, -23.816131591796875, -25.395374298095703];[1.4287128448486328, 0.8520380854606628, 0.48943671584129333, 0.24428319931030273, 0.1844409853219986];279.2904932498932
2400;[3.453928232192993, 2.46040415763855, 9.512310028076172, 10.86473560333252, 12.390345573425293, 13.912496566772461];[0.42348501086235046, 0.358469694852829, 1.5101016759872437, 1.5596281290054321, 1.6174336671829224, 1.6387728452682495];[-2.1593546867370605, -2.0517566204071045, -19.150894165039062, -22.04368019104004, -24.197757720947266, -26.62985610961914];[1.4247595071792603, 0.8561119437217712, 0.4947914183139801, 0.2623651921749115, 0.1748271882534027];284.5889916419983
2450;[3.443373441696167, 2.498506784439087, 8.9100341796875, 10.900206565856934, 13.560568809509277, 13.981243133544922];[0.4253566563129425, 0.35374680161476135, 1.4666167497634888, 1.5540074110031128, 1.625111699104309, 1.6394990682601929];[-2.157527446746826, -2.182326555252075, -17.781160354614258, -21.705596923828125, -25.312849044799805, -26.73383903503418];[1.5208905935287476, 0.7988464832305908, 0.4874601662158966, 0.25314661860466003, 0.18271546065807343];285.4753797054291
2500;[3.500199317932129, 2.2460176944732666, 8.442184448242188, 10.141229629516602, 10.30716609954834, 11.489023208618164];[0.4217135012149811, 0.3013794720172882, 1.4102247953414917, 1.5328130722045898, 1.5685920715332031, 1.6060720682144165];[-2.151613235473633, -1.8817286491394043, -17.239059448242188, -21.09364891052246, -22.428667068481445, -24.0560245513916];[1.3893779516220093, 0.8159469962120056, 0.49324271082878113, 0.2603748142719269, 0.20689746737480164];286.54506373405457
2550;[3.422832489013672, 2.2844579219818115, 6.591856002807617, 7.941632270812988, 8.107114791870117, 9.471830368041992];[0.439088374376297, 0.2957956790924072, 1.3916864395141602, 1.4583930969238281, 1.53769850730896, 1.5157324075698853];[-2.157212495803833, -1.9337106943130493, -14.341858863830566, -17.429229736328125, -19.22958755493164, -20.990262985229492];[1.3986759185791016, 0.8088525533676147, 0.4389963746070862, 0.23317241668701172, 0.18991783261299133];278.63547945022583
2600;[3.394423484802246, 3.1439764499664307, 10.04472827911377, 11.871469497680664, 12.562554359436035, 13.366042137145996];[0.44063636660575867, 0.7198598980903625, 1.4691249132156372, 1.5582070350646973, 1.5964336395263672, 1.5994782447814941];[-2.1647140979766846, -2.9877591133117676, -20.461101531982422, -24.283187866210938, -25.369163513183594, -26.279199600219727];[1.3757927417755127, 0.9595085978507996, 0.5937170386314392, 0.2834409475326538, 0.1909078061580658];283.19506430625916
2650;[3.442821979522705, 2.2614338397979736, 5.675260543823242, 6.742013454437256, 8.184146881103516, 9.345367431640625];[0.4292795956134796, 0.3156677186489105, 1.3423960208892822, 1.4177335500717163, 1.5022205114364624, 1.5464046001434326];[-2.150250196456909, -2.0868799686431885, -12.749595642089844, -15.10926342010498, -19.211467742919922, -20.678651809692383];[1.4356052875518799, 0.7630138397216797, 0.3898451626300812, 0.24379567801952362, 0.17391063272953033];286.11724162101746
2700;[3.5615553855895996, 2.699190616607666, 9.848191261291504, 12.620935440063477, 13.414621353149414, 14.46884536743164];[0.4321097135543823, 0.3718584477901459, 1.4944607019424438, 1.58811616897583, 1.6188207864761353, 1.6208364963531494];[-2.211458683013916, -2.2645349502563477, -21.29425811767578, -25.00246238708496, -26.16616439819336, -27.76982879638672];[1.381988525390625, 0.8652868866920471, 0.493792861700058, 0.25212156772613525, 0.16722658276557922];285.8637726306915
2750;[3.5089309215545654, 2.229796886444092, 8.724411010742188, 10.310935020446777, 11.114327430725098, 12.323166847229004];[0.43499210476875305, 0.2865404188632965, 1.472727656364441, 1.5390859842300415, 1.5627992153167725, 1.621812343597412];[-2.196744441986084, -1.841937780380249, -18.464153289794922, -21.484312057495117, -22.34747314453125, -24.951749801635742];[1.5251234769821167, 0.8127545714378357, 0.4796663224697113, 0.2630263566970825, 0.1836467832326889];287.92319989204407
2800;[3.548353433609009, 2.3416593074798584, 6.907905578613281, 8.678703308105469, 10.018898010253906, 11.251625061035156];[0.42625173926353455, 0.3273371458053589, 1.398032546043396, 1.5003948211669922, 1.5287376642227173, 1.578090786933899];[-2.2053003311157227, -2.0157320499420166, -15.138869285583496, -19.056575775146484, -22.04050636291504, -24.407392501831055];[1.415387749671936, 0.8171801567077637, 0.4708794057369232, 0.24893838167190552, 0.17652635276317596];282.4495813846588
2850;[3.4069786071777344, 2.250077486038208, 3.9659812450408936, 4.463861465454102, 7.5226359367370605, 8.215645790100098];[0.42313840985298157, 0.44073158502578735, 1.0917651653289795, 1.2047542333602905, 1.4686012268066406, 1.4876184463500977];[-2.1496262550354004, -2.3094708919525146, -8.336478233337402, -10.169206619262695, -18.362009048461914, -19.218746185302734];[1.4206163883209229, 0.7606697678565979, 0.3955463469028473, 0.2937774062156677, 0.17504842579364777];272.64884424209595
2900;[3.4786903858184814, 2.4036386013031006, 14.418342590332031, 16.275053024291992, 16.973031997680664, 17.049291610717773];[0.4198276996612549, 0.28335657715797424, 1.5534297227859497, 1.6102192401885986, 1.6605991125106812, 1.67808997631073];[-2.169485092163086, -1.8597519397735596, -25.822172164916992, -27.546424865722656, -29.219074249267578, -29.93675994873047];[1.5595101118087769, 0.9307717084884644, 0.539745032787323, 0.30021587014198303, 0.18665874004364014];285.86061549186707
2950;[3.457639694213867, 2.237537145614624, 8.926140785217285, 10.255863189697266, 12.346451759338379, 12.909134864807129];[0.41961294412612915, 0.3135385811328888, 1.5214546918869019, 1.5729355812072754, 1.6233141422271729, 1.6137137413024902];[-2.1645867824554443, -1.9571884870529175, -19.373092651367188, -21.53558921813965, -24.900165557861328, -25.007972717285156];[1.4005879163742065, 0.7985109090805054, 0.45949798822402954, 0.23611851036548615, 0.1713469922542572];284.49212169647217
3000;[3.4256255626678467, 2.3044419288635254, 6.649405002593994, 7.35142183303833, 8.98783016204834, 9.18271541595459];[0.4304555654525757, 0.3058161735534668, 1.3567025661468506, 1.4621713161468506, 1.5655754804611206, 1.5345414876937866];[-2.1510977745056152, -1.984379768371582, -14.101917266845703, -16.41608238220215, -20.709186553955078, -20.881399154663086];[1.4508298635482788, 0.8040633797645569, 0.41844847798347473, 0.2492113560438156, 0.17330598831176758];284.584184885025
3050;[3.5232760906219482, 2.4735302925109863, 7.753964424133301, 10.854767799377441, 12.005724906921387, 12.758011817932129];[0.4335034191608429, 0.3234108090400696, 1.4212045669555664, 1.5774964094161987, 1.5880244970321655, 1.5661507844924927];[-2.183851718902588, -2.011651039123535, -17.54956817626953, -23.609298706054688, -24.421876907348633, -24.841325759887695];[1.4893990755081177, 0.8507726788520813, 0.5139752626419067, 0.23425932228565216, 0.14785675704479218];278.08380341529846
3100;[3.5262510776519775, 2.7572021484375, 15.145833015441895, 17.313106536865234, 17.036602020263672, 16.754404067993164];[0.4273252487182617, 0.3755299150943756, 1.5832488536834717, 1.621609091758728, 1.6554341316223145, 1.6517460346221924];[-2.1755728721618652, -2.0903091430664062, -27.501089096069336, -28.142404556274414, -29.933469772338867, -29.93193244934082];[1.466610312461853, 0.9635658264160156, 0.5268713235855103, 0.2784556746482849, 0.18140120804309845];282.25657320022583
3150;[3.481098175048828, 2.5194828510284424, 5.981938362121582, 7.955665111541748, 10.2962646484375, 11.287063598632812];[0.4412480592727661, 0.3886764645576477, 1.3105636835098267, 1.5181388854980469, 1.548743486404419, 1.569654107093811];[-2.1739420890808105, -2.2154057025909424, -11.840879440307617, -18.180713653564453, -22.37093734741211, -23.491798400878906];[1.3970140218734741, 0.8052099347114563, 0.48998749256134033, 0.2646103501319885, 0.1776770055294037];287.0011200904846
3200;[3.5564115047454834, 2.576986312866211, 12.755017280578613, 15.457390785217285, 15.705946922302246, 16.030250549316406];[0.42679154872894287, 0.33130353689193726, 1.54474937915802, 1.6361713409423828, 1.6713029146194458, 1.6876178979873657];[-2.2020366191864014, -1.9937394857406616, -24.287273406982422, -26.698726654052734, -28.42251205444336, -29.2890682220459];[1.4627749919891357, 0.898036539554596, 0.5198917984962463, 0.2523065507411957, 0.19522705674171448];282.9111096858978
3250;[3.5460596084594727, 2.5515854358673096, 10.747249603271484, 12.551678657531738, 13.228094100952148, 14.263761520385742];[0.44870391488075256, 0.3354155421257019, 1.508956789970398, 1.5885995626449585, 1.6057519912719727, 1.6193205118179321];[-2.22725510597229, -2.08799409866333, -21.137418746948242, -24.723148345947266, -26.091358184814453, -26.964181900024414];[1.4305607080459595, 0.8625870943069458, 0.549927830696106, 0.27631327509880066, 0.18094487488269806];280.76981258392334
3300;[3.5628983974456787, 2.453054666519165, 6.893906593322754, 8.549808502197266, 10.768985748291016, 11.762463569641113];[0.4286653399467468, 0.34484338760375977, 1.413014531135559, 1.4789624214172363, 1.5901548862457275, 1.6003817319869995];[-2.204709529876709, -2.233783721923828, -15.79001522064209, -17.99138069152832, -23.449283599853516, -24.71769142150879];[1.3652318716049194, 0.7806034088134766, 0.44063910841941833, 0.23975679278373718, 0.1639374941587448];281.1682288646698
3350;[3.4647178649902344, 2.3134078979492188, 6.672348499298096, 9.34360122680664, 10.140158653259277, 11.192788124084473];[0.42730820178985596, 0.3017313778400421, 1.3851542472839355, 1.5197657346725464, 1.5650279521942139, 1.5683876276016235];[-2.1585211753845215, -1.9531906843185425, -14.942584037780762, -20.559391021728516, -21.876399993896484, -22.787687301635742];[1.3729313611984253, 0.83310467004776, 0.4614017605781555, 0.24630026519298553, 0.16431821882724762];284.360093832016
3400;[3.4300949573516846, 2.2867214679718018, 4.449937343597412, 4.960883140563965, 6.39756441116333, 7.141554832458496];[0.4225103259086609, 0.31709668040275574, 1.1580908298492432, 1.2618857622146606, 1.4115935564041138, 1.441133975982666];[-2.153245210647583, -2.10829758644104, -8.791604042053223, -11.352066040039062, -15.907689094543457, -17.24795150756836];[1.3664191961288452, 0.7718241810798645, 0.39166659116744995, 0.2592118978500366, 0.18146562576293945];291.13809084892273
3450;[3.4317879676818848, 2.3868348598480225, 7.766672134399414, 8.93994140625, 11.087611198425293, 12.263267517089844];[0.42851898074150085, 0.3110332190990448, 1.4472754001617432, 1.4894071817398071, 1.5780775547027588, 1.6182504892349243];[-2.1599225997924805, -2.010152578353882, -16.612144470214844, -19.095787048339844, -23.876182556152344, -25.944421768188477];[1.359683632850647, 0.8156470060348511, 0.4665529727935791, 0.2598360478878021, 0.18581344187259674];287.5714466571808
3500;[3.43996524810791, 3.4007480144500732, 13.940703392028809, 14.724820137023926, 15.864365577697754, 16.194751739501953];[0.4161004424095154, 0.8601171970367432, 1.5724003314971924, 1.6129215955734253, 1.665245771408081, 1.6616506576538086];[-2.1366357803344727, -3.6568477153778076, -25.21617889404297, -27.518003463745117, -28.242143630981445, -28.996191024780273];[1.510897159576416, 0.9057308435440063, 0.5867853760719299, 0.2825152575969696, 0.21035251021385193];283.04405546188354
3550;[3.530898094177246, 2.336782217025757, 5.732630729675293, 6.885047435760498, 8.746234893798828, 9.433115005493164];[0.4299246668815613, 0.3954276144504547, 1.3040857315063477, 1.4282170534133911, 1.5403707027435303, 1.5450894832611084];[-2.201012134552002, -2.204650640487671, -12.186589241027832, -15.620508193969727, -20.091007232666016, -21.283950805664062];[1.4692564010620117, 0.7981271743774414, 0.38750192523002625, 0.22482697665691376, 0.16693001985549927];280.00348353385925
3600;[3.4477524757385254, 2.5387232303619385, 10.526920318603516, 11.50204849243164, 12.232577323913574, 13.379239082336426];[0.4325738847255707, 0.3096487522125244, 1.5253866910934448, 1.580379605293274, 1.6035172939300537, 1.6330502033233643];[-2.174731731414795, -2.0010616779327393, -20.587846755981445, -23.23452377319336, -24.085721969604492, -26.167879104614258];[1.6281895637512207, 0.8843056559562683, 0.48965078592300415, 0.2707199156284332, 0.19198504090309143];285.64070868492126
3650;[3.540844678878784, 2.3268377780914307, 2.9879326820373535, 4.229841709136963, 6.456693649291992, 7.474185943603516];[0.4399881660938263, 0.3296196758747101, 0.944176197052002, 1.1992504596710205, 1.4375473260879517, 1.4189033508300781];[-2.20306396484375, -2.2003471851348877, -5.507093906402588, -9.33920955657959, -16.10760498046875, -18.250009536743164];[1.4857816696166992, 0.7529604434967041, 0.3849717974662781, 0.25642889738082886, 0.15298303961753845];287.27180576324463
3700;[3.4027581214904785, 2.589348077774048, 8.679903030395508, 10.733904838562012, 11.404585838317871, 12.408170700073242];[0.43114277720451355, 0.3330307900905609, 1.440058708190918, 1.5316548347473145, 1.544403076171875, 1.5686421394348145];[-2.1527085304260254, -2.0908451080322266, -18.664932250976562, -22.616395950317383, -24.03053855895996, -24.724716186523438];[1.4258722066879272, 0.8888280987739563, 0.5036681890487671, 0.26367759704589844, 0.15682867169380188];285.0094976425171
3750;[3.417722225189209, 2.5562355518341064, 7.972607612609863, 9.170731544494629, 11.634540557861328, 12.56302547454834];[0.4201606214046478, 0.3541461229324341, 1.4466608762741089, 1.5197458267211914, 1.582261323928833, 1.618277907371521];[-2.120706558227539, -2.2592039108276367, -17.005624771118164, -20.513364791870117, -24.05550765991211, -26.081754684448242];[1.5076102018356323, 0.8105568289756775, 0.5065644979476929, 0.2572270929813385, 0.18263639509677887];279.80735325813293
3800;[3.5380775928497314, 2.603848457336426, 10.903915405273438, 12.160608291625977, 13.370214462280273, 13.889567375183105];[0.4449352025985718, 0.372344046831131, 1.531996488571167, 1.5879192352294922, 1.6595605611801147, 1.6132992506027222];[-2.1953392028808594, -2.0602402687072754, -21.252614974975586, -24.588077545166016, -26.7078800201416, -26.213781356811523];[1.437378168106079, 0.9480116963386536, 0.5114313364028931, 0.2555299699306488, 0.17471174895763397];285.21003675460815
3850;[3.3782663345336914, 2.265655517578125, 6.832614421844482, 8.455364227294922, 10.691274642944336, 11.138710975646973];[0.43335577845573425, 0.3541550636291504, 1.3670144081115723, 1.5036311149597168, 1.5664870738983154, 1.5787484645843506];[-2.1257143020629883, -2.0847489833831787, -14.009696960449219, -19.326480865478516, -22.521038055419922, -23.878108978271484];[1.3927130699157715, 0.8042541146278381, 0.4289426803588867, 0.23514553904533386, 0.16239868104457855];284.66804599761963
3900;[3.400075674057007, 2.7849831581115723, 13.254823684692383, 14.287675857543945, 15.561380386352539, 15.410845756530762];[0.42518237233161926, 0.4427470564842224, 1.5648385286331177, 1.588017463684082, 1.6106230020523071, 1.6149824857711792];[-2.1462230682373047, -2.191922426223755, -24.65565299987793, -26.150611877441406, -28.061359405517578, -28.562030792236328];[1.5412731170654297, 1.0145764350891113, 0.5347705483436584, 0.2704465389251709, 0.16747240722179413];284.05790281295776
3950;[3.5219907760620117, 2.4529905319213867, 12.846583366394043, 14.959554672241211, 14.93338680267334, 15.120277404785156];[0.43788301944732666, 0.2900538742542267, 1.5508495569229126, 1.6048625707626343, 1.626596212387085, 1.6089822053909302];[-2.1906542778015137, -1.8535336256027222, -25.567001342773438, -26.725242614746094, -27.94776725769043, -27.164419174194336];[1.4576197862625122, 0.911857008934021, 0.5623738169670105, 0.30224576592445374, 0.18407036364078522];281.0813956260681
4000;[3.4889564514160156, 2.6872661113739014, 3.985271453857422, 5.0330119132995605, 7.474107265472412, 8.892906188964844];[0.419704794883728, 0.4723050892353058, 1.122711181640625, 1.276787519454956, 1.4579623937606812, 1.5235837697982788];[-2.1676790714263916, -2.7157304286956787, -7.980405330657959, -11.56389045715332, -17.932735443115234, -20.653953552246094];[1.4340693950653076, 0.7680110335350037, 0.4025394916534424, 0.23627103865146637, 0.1712481677532196];283.77140641212463
4050;[3.568859577178955, 2.6125810146331787, 9.593561172485352, 11.313467025756836, 12.109992980957031, 12.492324829101562];[0.4272952973842621, 0.3298981785774231, 1.4700870513916016, 1.5717467069625854, 1.5947411060333252, 1.5874325037002563];[-2.2002525329589844, -2.0360543727874756, -18.77069091796875, -22.793046951293945, -24.606502532958984, -24.964460372924805];[1.3979111909866333, 0.9257986545562744, 0.4629881978034973, 0.2423291802406311, 0.17445272207260132];284.44961071014404
4100;[3.4559199810028076, 2.4587161540985107, 7.026585102081299, 7.44140625, 9.368203163146973, 10.033136367797852];[0.43601733446121216, 0.4401101768016815, 1.4089311361312866, 1.4727392196655273, 1.5170271396636963, 1.5588129758834839];[-2.1943347454071045, -2.3237128257751465, -15.33267879486084, -17.377038955688477, -21.285236358642578, -22.761253356933594];[1.4656541347503662, 0.7839731574058533, 0.4294048845767975, 0.25541236996650696, 0.1664174646139145];283.7826979160309
4150;[3.433300495147705, 2.2642035484313965, 4.659850597381592, 6.054739952087402, 6.494818210601807, 7.921760082244873];[0.4243253767490387, 0.3193565607070923, 1.2329283952713013, 1.3666142225265503, 1.4245600700378418, 1.4970260858535767];[-2.129598617553711, -2.0205023288726807, -10.049959182739258, -13.864346504211426, -15.444701194763184, -18.52297019958496];[1.4008816480636597, 0.8009577393531799, 0.41633114218711853, 0.23207803070545197, 0.17163953185081482];281.7633981704712
4200;[3.552973985671997, 2.156785011291504, 5.988461494445801, 7.948790073394775, 9.685486793518066, 10.450243949890137];[0.4355594515800476, 0.3700759708881378, 1.314777135848999, 1.4813700914382935, 1.54123055934906, 1.5646597146987915];[-2.2056286334991455, -2.0360238552093506, -13.300700187683105, -18.027023315429688, -22.112518310546875, -23.21294593811035];[1.4416403770446777, 0.7749745845794678, 0.42206650972366333, 0.23798613250255585, 0.17328636348247528];281.065128326416
4250;[3.439617872238159, 2.385793447494507, 9.486492156982422, 11.666528701782227, 12.633270263671875, 13.330763816833496];[0.4486544132232666, 0.2884715795516968, 1.4817345142364502, 1.5632928609848022, 1.608066201210022, 1.602518081665039];[-2.158219337463379, -1.8907464742660522, -20.078561782836914, -23.808368682861328, -25.647621154785156, -26.469762802124023];[1.4138010740280151, 0.8669542074203491, 0.5088913440704346, 0.23771847784519196, 0.16858209669589996];284.7117373943329
4300;[3.4404165744781494, 2.4524877071380615, 10.3100004196167, 12.083938598632812, 11.996969223022461, 12.40904712677002];[0.4380873441696167, 0.30865538120269775, 1.4972985982894897, 1.569023847579956, 1.5510554313659668, 1.6031856536865234];[-2.167135715484619, -1.92545747756958, -21.26861572265625, -23.71025848388672, -23.93138313293457, -24.765491485595703];[1.4293386936187744, 0.8694756627082825, 0.49993038177490234, 0.25938424468040466, 0.16257619857788086];292.40486907958984
4350;[3.5066659450531006, 2.2973978519439697, 7.385147571563721, 9.007747650146484, 9.682822227478027, 10.973265647888184];[0.42971107363700867, 0.3052069842815399, 1.3923879861831665, 1.5293670892715454, 1.5392714738845825, 1.5651047229766846];[-2.201038360595703, -1.9631975889205933, -15.07369613647461, -20.068519592285156, -21.160015106201172, -23.305997848510742];[1.4041314125061035, 0.8566515445709229, 0.4674147069454193, 0.2419104427099228, 0.18620900809764862];288.4713065624237
4400;[3.388012409210205, 2.630790948867798, 7.214712619781494, 8.204340934753418, 9.168815612792969, 9.517603874206543];[0.43449947237968445, 0.352573424577713, 1.4008220434188843, 1.4689390659332275, 1.5750024318695068, 1.556971788406372];[-2.1369526386260986, -2.224794864654541, -15.38106918334961, -17.78139877319336, -20.39410400390625, -21.3925838470459];[1.4521327018737793, 0.8596662282943726, 0.46223339438438416, 0.2641163468360901, 0.18858233094215393];271.00938606262207
4450;[3.46403431892395, 2.495567798614502, 11.666110038757324, 12.440387725830078, 14.193389892578125, 14.668195724487305];[0.4295528829097748, 0.3361659646034241, 1.547479271888733, 1.60373854637146, 1.6164624691009521, 1.6488174200057983];[-2.17692232131958, -2.052264451980591, -22.481679916381836, -24.533153533935547, -27.04163932800293, -27.886722564697266];[1.5305474996566772, 0.8968695998191833, 0.5086808800697327, 0.28105905652046204, 0.188813254237175];280.2983748912811
4500;[3.435029983520508, 2.1985294818878174, 5.006715774536133, 6.430971622467041, 7.497402191162109, 8.824139595031738];[0.4312841594219208, 0.2992382347583771, 1.2784630060195923, 1.3846042156219482, 1.4780912399291992, 1.5107285976409912];[-2.1519405841827393, -1.9147632122039795, -10.996370315551758, -15.054648399353027, -17.460796356201172, -20.945505142211914];[1.4830230474472046, 0.805589497089386, 0.4579494595527649, 0.23037084937095642, 0.1535683423280716];288.5661823749542
4550;[3.4912192821502686, 2.2313642501831055, 3.6215620040893555, 4.575469017028809, 6.916718006134033, 7.847405433654785];[0.41575321555137634, 0.33533838391304016, 1.0482410192489624, 1.2061342000961304, 1.4199144840240479, 1.482549786567688];[-2.1820414066314697, -2.1981070041656494, -7.362090587615967, -10.714773178100586, -16.675395965576172, -20.085556030273438];[1.4108039140701294, 0.7761143445968628, 0.338765412569046, 0.2393811047077179, 0.15412703156471252];286.43606972694397
4600;[3.322650909423828, 2.6107475757598877, 13.908425331115723, 15.864447593688965, 16.034921646118164, 16.562910079956055];[0.43635958433151245, 0.37241068482398987, 1.576361060142517, 1.6427918672561646, 1.6565680503845215, 1.6556771993637085];[-2.133258819580078, -2.071157693862915, -25.7652645111084, -28.256446838378906, -28.372325897216797, -28.242855072021484];[1.4707304239273071, 0.9429420828819275, 0.5321939587593079, 0.2749810516834259, 0.2017904818058014];287.1912910938263
4650;[3.4254584312438965, 2.2540693283081055, 9.128227233886719, 10.12719440460205, 12.051203727722168, 12.678841590881348];[0.4274805188179016, 0.28813111782073975, 1.4856315851211548, 1.550551414489746, 1.5974735021591187, 1.5914711952209473];[-2.1472837924957275, -1.9181904792785645, -18.97040557861328, -21.215776443481445, -24.04650115966797, -24.90023422241211];[1.4355543851852417, 0.823089063167572, 0.4512491226196289, 0.25199490785598755, 0.1903216689825058];281.58082008361816
4700;[3.4441146850585938, 2.305870294570923, 3.4333314895629883, 4.415574073791504, 6.1558661460876465, 7.199456691741943];[0.4355427324771881, 0.3188712000846863, 0.9934564828872681, 1.2157657146453857, 1.3719326257705688, 1.4715782403945923];[-2.167985439300537, -2.059375286102295, -6.442605495452881, -9.601046562194824, -15.038961410522461, -17.56089210510254];[1.4566947221755981, 0.8119267821311951, 0.420760840177536, 0.22464433312416077, 0.15615004301071167];275.39212441444397
4750;[3.427764654159546, 2.2795681953430176, 6.109399795532227, 7.981430530548096, 9.771957397460938, 10.572593688964844];[0.43967872858047485, 0.29605117440223694, 1.3598904609680176, 1.4668232202529907, 1.5446932315826416, 1.6035677194595337];[-2.1648216247558594, -1.9161077737808228, -13.599544525146484, -17.665199279785156, -22.28581428527832, -23.95464324951172];[1.4229375123977661, 0.8256653547286987, 0.44005751609802246, 0.24145019054412842, 0.17621365189552307];284.4354667663574
4800;[3.6132876873016357, 2.738814115524292, 14.064925193786621, 16.764816284179688, 18.203533172607422, 18.145835876464844];[0.43190473318099976, 0.495845228433609, 1.531447410583496, 1.5906213521957397, 1.6383938789367676, 1.6589882373809814];[-2.2278809547424316, -2.296328544616699, -25.4691104888916, -28.55034828186035, -29.8051815032959, -30.06868553161621];[1.4324054718017578, 0.9804120063781738, 0.6076539158821106, 0.3197765648365021, 0.1925656944513321];286.73897647857666
4850;[3.4939403533935547, 2.765394449234009, 20.921789169311523, 22.805370330810547, 23.50992774963379, 25.054767608642578];[0.42048031091690063, 0.5122376084327698, 1.6109360456466675, 1.6931045055389404, 1.7160818576812744, 1.7228144407272339];[-2.1906533241271973, -2.326294183731079, -30.44989013671875, -33.68413162231445, -34.05558776855469, -34.268821716308594];[1.401949405670166, 0.940987229347229, 0.6821027398109436, 0.345966637134552, 0.23827043175697327];284.97936058044434
4900;[3.500035047531128, 2.5408878326416016, 6.904854774475098, 8.654609680175781, 10.754076957702637, 12.10940170288086];[0.43954998254776, 0.4116195738315582, 1.4174251556396484, 1.535919189453125, 1.580583095550537, 1.5818651914596558];[-2.187502145767212, -2.3807692527770996, -14.746284484863281, -18.664840698242188, -22.938749313354492, -23.902881622314453];[1.4528001546859741, 0.7933166027069092, 0.44081416726112366, 0.26162758469581604, 0.1902281641960144];285.1051518917084
4950;[3.6074352264404297, 3.2125678062438965, 21.137155532836914, 23.99755096435547, 23.204021453857422, 22.753440856933594];[0.4442906975746155, 0.6160722374916077, 1.5859308242797852, 1.6803598403930664, 1.6925299167633057, 1.6999937295913696];[-2.2326273918151855, -2.7089102268218994, -30.75623893737793, -32.97364044189453, -33.55352783203125, -33.75017547607422];[1.477205514907837, 1.000821828842163, 0.6725853681564331, 0.30338814854621887, 0.19588369131088257];278.1229751110077
5000;[3.4515857696533203, 3.13616681098938, 13.970539093017578, 15.765296936035156, 16.075830459594727, 16.628496170043945];[0.4284898042678833, 0.7393146753311157, 1.5550620555877686, 1.626153588294983, 1.6334185600280762, 1.6436046361923218];[-2.155395984649658, -3.0607993602752686, -25.326404571533203, -28.450674057006836, -29.002286911010742, -29.102550506591797];[1.4226378202438354, 0.977798342704773, 0.5524463653564453, 0.27900227904319763, 0.18756696581840515];285.48468923568726
5050;[3.4448494911193848, 2.3146450519561768, 4.236891746520996, 5.183320999145508, 7.040591239929199, 7.93734884262085];[0.42627382278442383, 0.3302869498729706, 1.149857997894287, 1.2894065380096436, 1.446148157119751, 1.47768235206604];[-2.140512466430664, -2.0643248558044434, -9.052732467651367, -12.01748275756836, -17.291536331176758, -19.113622665405273];[1.4337881803512573, 0.7794131636619568, 0.4142417013645172, 0.219216451048851, 0.16501404345035553];273.778568983078
5100;[3.3854267597198486, 2.8434948921203613, 10.285602569580078, 12.052189826965332, 13.397321701049805, 14.461230278015137];[0.4483056366443634, 0.4640996754169464, 1.5177793502807617, 1.6081279516220093, 1.6416043043136597, 1.6443852186203003];[-2.1356468200683594, -2.5684120655059814, -19.733524322509766, -23.634363174438477, -26.3653507232666, -27.41061019897461];[1.449776530265808, 0.85579514503479, 0.49005135893821716, 0.29459434747695923, 0.1864628940820694];268.9522168636322
5150;[3.388988733291626, 2.441143751144409, 6.986901760101318, 8.566500663757324, 10.230216979980469, 11.883978843688965];[0.42629897594451904, 0.3353375792503357, 1.416270136833191, 1.4817774295806885, 1.5315055847167969, 1.5916147232055664];[-2.144418954849243, -2.106794834136963, -15.45057201385498, -18.53714370727539, -21.806854248046875, -23.940954208374023];[1.36872398853302, 0.8185820579528809, 0.4740438461303711, 0.255236953496933, 0.18586313724517822];266.8232138156891
5200;[3.482097625732422, 2.3897693157196045, 12.572299003601074, 14.316057205200195, 15.251466751098633, 15.479978561401367];[0.44505175948143005, 0.2941700518131256, 1.527767300605774, 1.5664918422698975, 1.5862232446670532, 1.6206581592559814];[-2.1873252391815186, -1.8479982614517212, -23.880489349365234, -26.08272933959961, -27.585548400878906, -28.717124938964844];[1.5042283535003662, 0.8987427949905396, 0.5277587175369263, 0.24329642951488495, 0.16984260082244873];270.3034300804138
5250;[3.4543895721435547, 2.3602724075317383, 6.010956287384033, 7.373309135437012, 7.978001117706299, 8.778253555297852];[0.4224918782711029, 0.3024142384529114, 1.3571110963821411, 1.4307899475097656, 1.478471040725708, 1.5425715446472168];[-2.180452346801758, -1.9584088325500488, -13.048741340637207, -16.408920288085938, -17.985361099243164, -20.98707389831543];[1.4530771970748901, 0.8227903246879578, 0.4468227028846741, 0.25254732370376587, 0.19021791219711304];269.92684674263
5300;[3.384072780609131, 2.2168023586273193, 6.857706546783447, 8.03746509552002, 10.53193187713623, 11.644158363342285];[0.43511489033699036, 0.31683090329170227, 1.373192310333252, 1.4647969007492065, 1.5564881563186646, 1.5864269733428955];[-2.12966251373291, -1.9331685304641724, -14.644210815429688, -18.009260177612305, -22.981664657592773, -23.987926483154297];[1.460091233253479, 0.8221825361251831, 0.4656362235546112, 0.25000762939453125, 0.18333421647548676];270.87303924560547
5350;[3.5128014087677, 2.479081153869629, 3.993692398071289, 4.491519451141357, 6.908768653869629, 7.7028889656066895];[0.43577641248703003, 0.3634234070777893, 1.1081821918487549, 1.2383309602737427, 1.4715967178344727, 1.495918869972229];[-2.1909666061401367, -2.3619654178619385, -7.48137903213501, -9.840291023254395, -16.48233413696289, -18.72861099243164];[1.381511926651001, 0.7597768306732178, 0.44089555740356445, 0.24808503687381744, 0.17214952409267426];268.3060214519501
5400;[3.4227616786956787, 2.262113094329834, 5.970542907714844, 8.005462646484375, 9.116369247436523, 10.688204765319824];[0.419302374124527, 0.3047565519809723, 1.3150917291641235, 1.4531593322753906, 1.5466824769973755, 1.5947511196136475];[-2.13055157661438, -1.99076509475708, -12.707793235778809, -17.664371490478516, -20.295835494995117, -24.214900970458984];[1.4129160642623901, 0.8465449213981628, 0.4494592845439911, 0.250957727432251, 0.17411358654499054];270.14627838134766
5450;[3.4153659343719482, 2.5366454124450684, 7.354952812194824, 8.913605690002441, 11.679758071899414, 12.866568565368652];[0.42600539326667786, 0.39903998374938965, 1.4147592782974243, 1.5701528787612915, 1.6569889783859253, 1.675073266029358];[-2.1372056007385254, -2.433844804763794, -15.144525527954102, -18.6687068939209, -24.747318267822266, -25.468460083007812];[1.4338716268539429, 0.8397786021232605, 0.47763168811798096, 0.30203235149383545, 0.1678658276796341];271.1592638492584
5500;[3.3816285133361816, 2.334927797317505, 5.5095534324646, 6.403080463409424, 8.125397682189941, 9.601197242736816];[0.43203434348106384, 0.32939413189888, 1.3325765132904053, 1.4060544967651367, 1.467221975326538, 1.5594779253005981];[-2.147369146347046, -2.061013698577881, -12.70798110961914, -15.3845853805542, -18.824342727661133, -22.118824005126953];[1.4411567449569702, 0.8215613961219788, 0.4272996485233307, 0.21994143724441528, 0.15583597123622894];270.5645606517792
5550;[3.5486812591552734, 2.7807652950286865, 18.48007583618164, 20.717357635498047, 21.010543823242188, 20.981048583984375];[0.4252362549304962, 0.4354494512081146, 1.5859535932540894, 1.6550884246826172, 1.6519163846969604, 1.645546555519104];[-2.1902449131011963, -2.2075772285461426, -29.5394344329834, -32.604801177978516, -32.51975631713867, -32.403465270996094];[1.4547945261001587, 0.9993993043899536, 0.5665466785430908, 0.28194043040275574, 0.17138385772705078];270.2416660785675
5600;[3.37861967086792, 2.238314390182495, 4.838566303253174, 6.151057720184326, 8.114628791809082, 8.848785400390625];[0.4175051152706146, 0.2885705828666687, 1.2084256410598755, 1.4072864055633545, 1.4957163333892822, 1.5152759552001953];[-2.123978853225708, -1.945427417755127, -9.712676048278809, -14.67258358001709, -19.02212905883789, -20.41815185546875];[1.3982077836990356, 0.7693336606025696, 0.4155225157737732, 0.2393627017736435, 0.16560877859592438];270.95895862579346
5650;[3.4458436965942383, 2.314784049987793, 7.895398139953613, 8.716355323791504, 9.220982551574707, 10.343851089477539];[0.4161941409111023, 0.30428346991539, 1.4320874214172363, 1.4882276058197021, 1.550096869468689, 1.5435248613357544];[-2.1508853435516357, -1.9486122131347656, -16.883874893188477, -19.50808334350586, -20.64287567138672, -22.642446517944336];[1.3682698011398315, 0.8319844603538513, 0.47419169545173645, 0.25855186581611633, 0.1912786066532135];270.792977809906
5700;[3.518735647201538, 2.4986572265625, 9.067398071289062, 11.411752700805664, 12.070622444152832, 13.318153381347656];[0.42927441000938416, 0.32105642557144165, 1.5165419578552246, 1.5877586603164673, 1.5744832754135132, 1.6090216636657715];[-2.1884829998016357, -2.006178617477417, -19.67182159423828, -23.718637466430664, -24.368608474731445, -25.26052474975586];[1.4380441904067993, 0.880005955696106, 0.48390859365463257, 0.2638760805130005, 0.19213102757930756];272.1964409351349
5750;[3.495710849761963, 2.4330477714538574, 15.18114948272705, 17.618633270263672, 18.727645874023438, 18.728137969970703];[0.43353694677352905, 0.29774996638298035, 1.5646759271621704, 1.63736093044281, 1.661467432975769, 1.6663237810134888];[-2.173147678375244, -1.8311501741409302, -26.601009368896484, -30.27118682861328, -30.47216033935547, -30.65781021118164];[1.4409122467041016, 0.9653565287590027, 0.524320125579834, 0.25432369112968445, 0.1737636923789978];269.38804841041565
5800;[3.6056039333343506, 2.338921546936035, 11.304193496704102, 13.197183609008789, 14.65225601196289, 15.120479583740234];[0.4248155355453491, 0.3009410500526428, 1.5362385511398315, 1.6443015336990356, 1.6517107486724854, 1.6807290315628052];[-2.218609094619751, -1.927788257598877, -22.608123779296875, -25.51858901977539, -26.694780349731445, -27.961811065673828];[1.4767940044403076, 0.8298826217651367, 0.47446537017822266, 0.25584137439727783, 0.2028391808271408];265.31729388237
5850;[3.4156088829040527, 2.6684887409210205, 9.836604118347168, 11.174247741699219, 12.754064559936523, 12.849522590637207];[0.4235422909259796, 0.3646198809146881, 1.5079073905944824, 1.5476897954940796, 1.6083821058273315, 1.6171573400497437];[-2.141894578933716, -2.2419040203094482, -19.52975082397461, -22.254453659057617, -24.60108757019043, -25.77849578857422];[1.443084716796875, 0.8417086005210876, 0.49224525690078735, 0.2691206932067871, 0.1907951384782791];271.2156946659088
5900;[3.505112886428833, 2.470642566680908, 6.455263137817383, 7.472700595855713, 8.884674072265625, 9.756817817687988];[0.42549750208854675, 0.4125664234161377, 1.3489480018615723, 1.4672108888626099, 1.5394126176834106, 1.540488839149475];[-2.1845786571502686, -2.3154141902923584, -14.246726036071777, -17.47430419921875, -21.332866668701172, -22.546884536743164];[1.3579738140106201, 0.7755753993988037, 0.42020556330680847, 0.253849595785141, 0.16644978523254395];270.407292842865
5950;[3.426513195037842, 2.4794352054595947, 6.116579532623291, 7.681699752807617, 9.37779712677002, 10.278669357299805];[0.42651665210723877, 0.35807618498802185, 1.387447714805603, 1.441574215888977, 1.5456652641296387, 1.5721330642700195];[-2.1390936374664307, -2.22650146484375, -13.458179473876953, -15.649191856384277, -20.631515502929688, -22.235523223876953];[1.4238390922546387, 0.8331165909767151, 0.4577628970146179, 0.2459242194890976, 0.1786215901374817];271.2698760032654
6000;[3.5324230194091797, 2.4071171283721924, 10.260519981384277, 12.177934646606445, 12.74584674835205, 13.504071235656738];[0.4432600140571594, 0.33808791637420654, 1.5165635347366333, 1.5871198177337646, 1.5895025730133057, 1.5933301448822021];[-2.2023110389709473, -1.9769456386566162, -21.361499786376953, -24.58690643310547, -25.439815521240234, -26.46530532836914];[1.4273957014083862, 0.9010810256004333, 0.517370879650116, 0.24050791561603546, 0.17701251804828644];270.1860468387604
6050;[3.525528907775879, 2.6272783279418945, 13.505866050720215, 15.329933166503906, 15.955931663513184, 17.5594425201416];[0.42639636993408203, 0.39280903339385986, 1.562565565109253, 1.629775881767273, 1.6354938745498657, 1.6681650876998901];[-2.1861791610717773, -2.1917805671691895, -24.60803985595703, -27.227636337280273, -27.954254150390625, -30.052927017211914];[1.4476920366287231, 0.8500303626060486, 0.5491737127304077, 0.2884671092033386, 0.2060442417860031];270.041273355484
6100;[3.5386545658111572, 2.337376356124878, 4.852635383605957, 5.343418121337891, 6.944157123565674, 7.359911918640137];[0.42927420139312744, 0.316557914018631, 1.1761714220046997, 1.33681321144104, 1.4568126201629639, 1.468705415725708];[-2.185875177383423, -2.118443489074707, -9.568782806396484, -12.586337089538574, -16.783536911010742, -18.2591609954834];[1.444501519203186, 0.7728614211082458, 0.4224100112915039, 0.24801130592823029, 0.1743384748697281];272.76120495796204
6150;[3.391819715499878, 2.3555078506469727, 9.809467315673828, 11.243098258972168, 13.723234176635742, 14.408865928649902];[0.4235442280769348, 0.3052631914615631, 1.4801952838897705, 1.5954737663269043, 1.6269258260726929, 1.6203863620758057];[-2.118706703186035, -1.9573588371276855, -19.53833770751953, -23.124534606933594, -26.691312789916992, -27.135839462280273];[1.579514980316162, 0.8009527325630188, 0.5057295560836792, 0.2798566520214081, 0.1845061182975769];271.3067512512207
6200;[3.3767919540405273, 2.486135721206665, 14.089574813842773, 16.179729461669922, 15.662688255310059, 16.295400619506836];[0.4224041700363159, 0.2984659969806671, 1.5421959161758423, 1.6046515703201294, 1.6064389944076538, 1.6456369161605835];[-2.12829852104187, -1.8649485111236572, -25.968563079833984, -27.70774269104004, -28.789220809936523, -29.112327575683594];[1.4089769124984741, 0.9230788350105286, 0.5711795091629028, 0.25639739632606506, 0.17998453974723816];271.345335483551
6250;[3.4127135276794434, 2.29374098777771, 7.643710613250732, 8.65505313873291, 9.38705825805664, 10.456567764282227];[0.4282115697860718, 0.3165172040462494, 1.3934276103973389, 1.5048490762710571, 1.5504556894302368, 1.5632727146148682];[-2.147883415222168, -1.9902193546295166, -16.452295303344727, -19.85350227355957, -21.70246696472168, -22.87628173828125];[1.4660993814468384, 0.7951215505599976, 0.4518005847930908, 0.24127526581287384, 0.1677638739347458];269.9855408668518
6300;[3.496427297592163, 2.5625646114349365, 10.227298736572266, 12.024227142333984, 12.516960144042969, 13.665361404418945];[0.44612348079681396, 0.3708977699279785, 1.4977209568023682, 1.5681588649749756, 1.6071351766586304, 1.616436243057251];[-2.1842172145843506, -2.1148159503936768, -21.106250762939453, -23.72020721435547, -25.136106491088867, -26.542774200439453];[1.492900013923645, 0.8657633066177368, 0.635428249835968, 0.27888599038124084, 0.2082594782114029];272.15572476387024
6350;[3.510988473892212, 2.551307439804077, 3.7900800704956055, 4.532358169555664, 6.777548789978027, 7.729381084442139];[0.4416903555393219, 0.35856834053993225, 1.076450228691101, 1.225773572921753, 1.4395982027053833, 1.4802700281143188];[-2.1968064308166504, -2.3071067333221436, -7.419772148132324, -10.131829261779785, -16.365022659301758, -18.763032913208008];[1.4573240280151367, 0.7901508808135986, 0.4050549864768982, 0.240265890955925, 0.15731485188007355];268.96064496040344
6400;[3.5146305561065674, 2.559143304824829, 5.981657028198242, 8.263813018798828, 9.806464195251465, 10.764378547668457];[0.43778032064437866, 0.3655009865760803, 1.2885515689849854, 1.4866368770599365, 1.5515625476837158, 1.5671436786651611];[-2.175811529159546, -2.131882905960083, -12.406174659729004, -18.113426208496094, -21.68587875366211, -22.53219985961914];[1.3885265588760376, 0.8834994435310364, 0.49695733189582825, 0.253591924905777, 0.1977902501821518];267.41592931747437
6450;[3.491072177886963, 2.392508029937744, 7.611156463623047, 9.058084487915039, 11.760078430175781, 12.665760040283203];[0.41797226667404175, 0.3297860026359558, 1.4525659084320068, 1.550464391708374, 1.6295340061187744, 1.6563531160354614];[-2.1565778255462646, -2.1910433769226074, -16.563594818115234, -19.284772872924805, -24.196247100830078, -24.732973098754883];[1.417178988456726, 0.7584004998207092, 0.4568239152431488, 0.25880560278892517, 0.1706705093383789];267.3519263267517
6500;[3.45418643951416, 2.8692915439605713, 12.676925659179688, 15.220486640930176, 15.398032188415527, 16.31671714782715];[0.42215070128440857, 0.5134469866752625, 1.5182024240493774, 1.6291917562484741, 1.6459269523620605, 1.6433465480804443];[-2.1604888439178467, -2.5718235969543457, -23.93975257873535, -26.937606811523438, -26.831010818481445, -27.655672073364258];[1.5230666399002075, 0.8945091962814331, 0.5804582238197327, 0.29461899399757385, 0.22959333658218384];271.497761964798
6550;[3.4759461879730225, 2.6645946502685547, 3.6349856853485107, 5.1003804206848145, 8.080472946166992, 9.042658805847168];[0.43682122230529785, 0.39491114020347595, 1.0828745365142822, 1.2648648023605347, 1.49348783493042, 1.5397357940673828];[-2.1770341396331787, -2.5861847400665283, -6.974813938140869, -10.766536712646484, -18.09611701965332, -21.271728515625];[1.547082781791687, 0.7767384648323059, 0.38372769951820374, 0.2512055039405823, 0.15817148983478546];275.2432065010071
6600;[3.4148435592651367, 2.6170825958251953, 7.150667667388916, 7.598187446594238, 9.484233856201172, 10.012105941772461];[0.4393862783908844, 0.41684627532958984, 1.4139035940170288, 1.4313738346099854, 1.548163890838623, 1.563378930091858];[-2.1478524208068848, -2.253281593322754, -14.797901153564453, -16.22751235961914, -20.234386444091797, -21.6376895904541];[1.4754189252853394, 0.8587630987167358, 0.49354907870292664, 0.29241544008255005, 0.1877100169658661];272.9197361469269
6650;[3.355729818344116, 2.576359748840332, 6.304065227508545, 7.371852397918701, 7.901780128479004, 9.126392364501953];[0.4229552149772644, 0.3843229115009308, 1.3449106216430664, 1.465653657913208, 1.4934618473052979, 1.5286189317703247];[-2.1251649856567383, -2.2044217586517334, -13.17359447479248, -16.853361129760742, -18.027000427246094, -20.395946502685547];[1.5908465385437012, 0.8481775522232056, 0.47896820306777954, 0.2651599645614624, 0.18522723019123077];276.47451543807983
6700;[3.38685941696167, 2.479780673980713, 6.331507682800293, 7.3342204093933105, 8.162178039550781, 10.255552291870117];[0.41247639060020447, 0.4193934202194214, 1.3558391332626343, 1.4848356246948242, 1.5218267440795898, 1.5924705266952515];[-2.1057310104370117, -2.26910138130188, -12.74378776550293, -16.466585159301758, -18.213563919067383, -21.612768173217773];[1.4227871894836426, 0.8227847814559937, 0.48436474800109863, 0.24020056426525116, 0.18726962804794312];272.5954415798187
6750;[3.471536874771118, 2.478311777114868, 10.311920166015625, 11.899059295654297, 12.027994155883789, 12.853090286254883];[0.44458886981010437, 0.3058266043663025, 1.4967352151870728, 1.5736415386199951, 1.5764979124069214, 1.5776091814041138];[-2.16890025138855, -1.9548102617263794, -20.810754776000977, -23.77920150756836, -24.06459617614746, -24.559926986694336];[1.4636619091033936, 0.8458662033081055, 0.46105873584747314, 0.255778431892395, 0.18235993385314941];273.49834847450256
6800;[3.47160005569458, 2.8953049182891846, 12.164582252502441, 13.60152530670166, 15.264732360839844, 17.941238403320312];[0.42987900972366333, 0.4962802827358246, 1.5348100662231445, 1.5694305896759033, 1.627383828163147, 1.648604154586792];[-2.1651411056518555, -2.4971697330474854, -22.730239868164062, -25.13686752319336, -28.915897369384766, -29.33161735534668];[1.4529064893722534, 0.9207624793052673, 0.5086978077888489, 0.27343660593032837, 0.20639528334140778];269.32131242752075
6850;[3.4110498428344727, 2.398927688598633, 10.47836685180664, 12.447633743286133, 13.498287200927734, 14.32599925994873];[0.4251982867717743, 0.36977580189704895, 1.4968336820602417, 1.5618659257888794, 1.5988690853118896, 1.5946736335754395];[-2.153019666671753, -2.035597085952759, -21.43820571899414, -24.281660079956055, -26.601381301879883, -26.485754013061523];[1.4922515153884888, 0.8734239339828491, 0.46357786655426025, 0.22814391553401947, 0.16365595161914825];270.6080105304718
6900;[3.5187079906463623, 2.3824713230133057, 4.972070693969727, 6.332493782043457, 8.466794967651367, 9.26516056060791];[0.4233356714248657, 0.33359137177467346, 1.2417452335357666, 1.4128659963607788, 1.4925930500030518, 1.5831489562988281];[-2.2008421421051025, -2.241572856903076, -10.322675704956055, -14.748067855834961, -18.349180221557617, -21.575777053833008];[1.4056156873703003, 0.7971831560134888, 0.4506411552429199, 0.23418402671813965, 0.1653841733932495];270.8902769088745
6950;[3.5780582427978516, 2.4596610069274902, 15.986197471618652, 17.364839553833008, 17.46283531188965, 17.502893447875977];[0.42360320687294006, 0.31854891777038574, 1.582016944885254, 1.6436927318572998, 1.6475235223770142, 1.664326786994934];[-2.2075297832489014, -1.8941739797592163, -26.888364791870117, -29.24505043029785, -29.507282257080078, -30.07237434387207];[1.479819655418396, 0.9607847929000854, 0.5467856526374817, 0.2968830168247223, 0.173744335770607];274.2600073814392
7000;[3.4158263206481934, 2.5139684677124023, 11.433404922485352, 13.355847358703613, 14.173250198364258, 15.25129222869873];[0.4285704493522644, 0.3862880766391754, 1.4941147565841675, 1.552371859550476, 1.6182692050933838, 1.6134119033813477];[-2.149294376373291, -2.064781904220581, -21.16799545288086, -24.331653594970703, -26.776615142822266, -26.924327850341797];[1.3953157663345337, 0.9578884840011597, 0.5221632719039917, 0.26664862036705017, 0.1986570805311203];270.9062457084656
7050;[3.4300379753112793, 2.3192667961120605, 4.852039813995361, 5.285388946533203, 5.585572242736816, 6.790587425231934];[0.4253702163696289, 0.4102584719657898, 1.2446426153182983, 1.3143842220306396, 1.34385347366333, 1.4182323217391968];[-2.1517746448516846, -2.2280094623565674, -10.535372734069824, -12.50765323638916, -12.946259498596191, -16.924840927124023];[1.3970052003860474, 0.7709720730781555, 0.37378671765327454, 0.22551186382770538, 0.18452835083007812];269.9317800998688
7100;[3.410305976867676, 2.254027843475342, 5.671285152435303, 7.751148223876953, 9.129619598388672, 10.891297340393066];[0.4376327693462372, 0.29244664311408997, 1.3071560859680176, 1.481899619102478, 1.5194364786148071, 1.5520761013031006];[-2.152648448944092, -1.8854339122772217, -12.41756820678711, -18.572490692138672, -21.100549697875977, -22.993152618408203];[1.3628652095794678, 0.8399388790130615, 0.4805302321910858, 0.22349970042705536, 0.17548786103725433];271.137455701828
7150;[3.5161335468292236, 2.4819517135620117, 8.359137535095215, 9.18999195098877, 11.336252212524414, 12.693936347961426];[0.43235188722610474, 0.33306771516799927, 1.4301154613494873, 1.550930142402649, 1.5852746963500977, 1.6222469806671143];[-2.1999800205230713, -2.0733442306518555, -17.012529373168945, -19.987451553344727, -23.5793399810791, -24.491413116455078];[1.3842179775238037, 0.8671408891677856, 0.4526920020580292, 0.2813378572463989, 0.18367742002010345];271.30355882644653
7200;[3.5014235973358154, 2.4790024757385254, 7.462224960327148, 8.521475791931152, 11.006340980529785, 11.231732368469238];[0.4243478775024414, 0.3666997253894806, 1.4392831325531006, 1.5290164947509766, 1.608101725578308, 1.6278150081634521];[-2.1711623668670654, -2.330897569656372, -16.035221099853516, -18.68635368347168, -23.248886108398438, -24.677701950073242];[1.4561607837677002, 0.7804267406463623, 0.4677809476852417, 0.25181904435157776, 0.16858461499214172];272.98539662361145
7250;[3.41520094871521, 2.1461257934570312, 4.3829169273376465, 5.669560432434082, 7.951789379119873, 8.930595397949219];[0.43882137537002563, 0.33493202924728394, 1.1903316974639893, 1.3525208234786987, 1.4692646265029907, 1.5057859420776367];[-2.163580894470215, -2.026965379714966, -9.265497207641602, -13.708715438842773, -18.758224487304688, -20.874174118041992];[1.4162206649780273, 0.7608343958854675, 0.4347604513168335, 0.21951577067375183, 0.14925575256347656];272.17773723602295
7300;[3.3458776473999023, 2.3692846298217773, 6.217846870422363, 7.921387672424316, 8.613656044006348, 10.205348014831543];[0.4245806336402893, 0.32098138332366943, 1.366148591041565, 1.4600940942764282, 1.5089482069015503, 1.5868825912475586];[-2.1103062629699707, -2.066744089126587, -13.692093849182129, -18.08706283569336, -19.827486038208008, -23.306447982788086];[1.415171504020691, 0.7975872159004211, 0.4490851163864136, 0.2348267138004303, 0.19027994573116302];272.758620262146
7350;[3.397529125213623, 2.6338818073272705, 8.689929008483887, 10.035512924194336, 11.657549858093262, 11.943156242370605];[0.42025071382522583, 0.350803405046463, 1.4471352100372314, 1.5150197744369507, 1.6016502380371094, 1.5826882123947144];[-2.1386537551879883, -2.2115142345428467, -17.953392028808594, -20.78900909423828, -24.130151748657227, -24.271892547607422];[1.4941508769989014, 0.8472039103507996, 0.4936566948890686, 0.24807319045066833, 0.19036740064620972];276.8794596195221
7400;[3.4258272647857666, 2.3613007068634033, 6.860909461975098, 7.880998134613037, 10.071255683898926, 10.876175880432129];[0.42250290513038635, 0.30606964230537415, 1.392455816268921, 1.4753210544586182, 1.5411827564239502, 1.575872778892517];[-2.1374926567077637, -2.003774881362915, -14.673407554626465, -17.740402221679688, -20.891599655151367, -22.611631393432617];[1.5691802501678467, 0.8089933395385742, 0.429974764585495, 0.2672453224658966, 0.17501245439052582];268.9501578807831
7450;[3.468332529067993, 2.761293888092041, 12.062265396118164, 14.13517951965332, 14.648210525512695, 14.897042274475098];[0.4213467240333557, 0.43428173661231995, 1.5473967790603638, 1.6059191226959229, 1.639339804649353, 1.6651508808135986];[-2.1579253673553467, -2.3251585960388184, -22.72101593017578, -25.62282371520996, -26.686866760253906, -28.793554306030273];[1.3929935693740845, 0.8985645771026611, 0.5273398160934448, 0.26063141226768494, 0.20268787443637848];273.1216652393341
7500;[3.5145277976989746, 2.448930501937866, 9.010187149047852, 10.434622764587402, 10.826290130615234, 12.34914493560791];[0.4435330033302307, 0.3260633945465088, 1.4774442911148071, 1.5387097597122192, 1.555300235748291, 1.5767534971237183];[-2.1853690147399902, -2.1342484951019287, -18.808746337890625, -21.768199920654297, -22.200767517089844, -25.20713996887207];[1.4268064498901367, 0.8071210384368896, 0.483889639377594, 0.24057705700397491, 0.18764057755470276];271.3551654815674
7550;[3.49364972114563, 2.2831826210021973, 6.353065013885498, 7.418519496917725, 8.689408302307129, 9.511932373046875];[0.4522863030433655, 0.39217835664749146, 1.3628777265548706, 1.4709875583648682, 1.5019484758377075, 1.535330057144165];[-2.174058675765991, -2.1223268508911133, -13.828598022460938, -16.793800354003906, -19.73508071899414, -20.920969009399414];[1.413692593574524, 0.8183735609054565, 0.45710277557373047, 0.2453845739364624, 0.16808484494686127];275.01316118240356
7600;[3.4201762676239014, 2.4055893421173096, 9.143624305725098, 11.719707489013672, 11.862873077392578, 12.513134956359863];[0.42099300026893616, 0.30034297704696655, 1.4520946741104126, 1.5711634159088135, 1.5715374946594238, 1.554942011833191];[-2.1503331661224365, -1.9646131992340088, -18.25995635986328, -22.685039520263672, -23.885940551757812, -24.79234504699707];[1.4730557203292847, 0.8461502194404602, 0.4810938835144043, 0.25819557905197144, 0.18436644971370697];269.0775291919708
7650;[3.324361801147461, 2.357656240463257, 10.231721878051758, 12.126666069030762, 14.059386253356934, 13.828659057617188];[0.4284830391407013, 0.3320229649543762, 1.5115445852279663, 1.589397668838501, 1.6414246559143066, 1.6168053150177002];[-2.116255283355713, -1.9851208925247192, -21.316680908203125, -24.397613525390625, -26.478897094726562, -26.5268497467041];[1.3972899913787842, 0.8415323495864868, 0.47690966725349426, 0.24547146260738373, 0.1646834909915924];270.1451497077942
7700;[3.4914183616638184, 2.6295149326324463, 9.934328079223633, 11.295337677001953, 11.600448608398438, 12.370549201965332];[0.4202416241168976, 0.3645726442337036, 1.511377215385437, 1.5590105056762695, 1.59630286693573, 1.6095917224884033];[-2.1748931407928467, -2.1550650596618652, -20.185302734375, -22.706985473632812, -23.32103157043457, -24.045761108398438];[1.5216137170791626, 0.8708432912826538, 0.48079678416252136, 0.2519635856151581, 0.18616947531700134];269.2170977592468
7750;[3.4902026653289795, 2.6791183948516846, 7.667172908782959, 9.332720756530762, 9.735627174377441, 11.498885154724121];[0.43585360050201416, 0.46409934759140015, 1.4300265312194824, 1.5070781707763672, 1.5933774709701538, 1.6171362400054932];[-2.162146806716919, -2.572944402694702, -16.137758255004883, -18.91916275024414, -21.24091911315918, -23.702096939086914];[1.3506263494491577, 0.8046819567680359, 0.47854065895080566, 0.24822811782360077, 0.2067074477672577];271.0635766983032
7800;[3.500040292739868, 2.639007329940796, 16.870878219604492, 18.917098999023438, 19.49130630493164, 19.023632049560547];[0.4382328689098358, 0.38329368829727173, 1.5702104568481445, 1.6377419233322144, 1.662233591079712, 1.6528353691101074];[-2.187696695327759, -2.0336921215057373, -27.206222534179688, -30.751564025878906, -30.805505752563477, -31.151748657226562];[1.425821304321289, 0.9355818629264832, 0.5801378488540649, 0.3020210862159729, 0.18450841307640076];273.2327015399933
7850;[3.4770216941833496, 2.375593900680542, 6.477653980255127, 7.421630859375, 9.848684310913086, 10.664469718933105];[0.4325808882713318, 0.32210031151771545, 1.3570741415023804, 1.4457515478134155, 1.5587738752365112, 1.566147804260254];[-2.1807198524475098, -2.1774957180023193, -13.737602233886719, -16.703147888183594, -21.48182487487793, -23.02509117126465];[1.4337522983551025, 0.765120267868042, 0.4169347584247589, 0.2470611333847046, 0.16175514459609985];274.0751268863678
7900;[3.4245622158050537, 2.413026809692383, 5.4363884925842285, 6.578420639038086, 8.625011444091797, 9.392617225646973];[0.4227728843688965, 0.3353813886642456, 1.2914454936981201, 1.413912057876587, 1.5473664999008179, 1.5452369451522827];[-2.167055368423462, -2.2495710849761963, -11.883142471313477, -15.196527481079102, -20.840877532958984, -21.818775177001953];[1.3916826248168945, 0.7252862453460693, 0.4114244282245636, 0.2529822885990143, 0.16062170267105103];270.08530354499817
7950;[3.5208237171173096, 2.463533639907837, 8.13991641998291, 10.828716278076172, 12.164820671081543, 13.094636917114258];[0.4353019595146179, 0.35363054275512695, 1.4466177225112915, 1.5486968755722046, 1.6345477104187012, 1.6348634958267212];[-2.2185897827148438, -2.0466244220733643, -17.797481536865234, -22.780603408813477, -25.280668258666992, -26.265914916992188];[1.4092458486557007, 0.8517535328865051, 0.5226328372955322, 0.26009735465049744, 0.16419269144535065];271.1396255493164
8000;[3.4087133407592773, 2.4630095958709717, 7.157068729400635, 8.37106990814209, 10.04308032989502, 11.9711332321167];[0.4271165132522583, 0.3234166204929352, 1.3919111490249634, 1.4868098497390747, 1.5691179037094116, 1.569100260734558];[-2.1349101066589355, -2.010215997695923, -14.668654441833496, -18.428091049194336, -22.346960067749023, -23.838960647583008];[1.653374195098877, 0.8717224597930908, 0.4663134813308716, 0.24955397844314575, 0.1771545559167862];271.71757555007935
8050;[3.4201412200927734, 2.5146219730377197, 9.902179718017578, 11.024762153625488, 11.510616302490234, 12.845842361450195];[0.4235568046569824, 0.3914354145526886, 1.4974616765975952, 1.5335462093353271, 1.591273307800293, 1.616420030593872];[-2.152250289916992, -2.094636917114258, -19.458812713623047, -22.283039093017578, -24.012014389038086, -25.761152267456055];[1.4354636669158936, 0.9192514419555664, 0.5285130143165588, 0.2798127233982086, 0.19766002893447876];271.91245579719543
8100;[3.4205591678619385, 2.392014741897583, 10.778451919555664, 12.834062576293945, 13.299494743347168, 14.10509204864502];[0.42028412222862244, 0.30513736605644226, 1.5412812232971191, 1.5837442874908447, 1.5975337028503418, 1.6217989921569824];[-2.1421473026275635, -1.9242039918899536, -22.37425422668457, -24.383813858032227, -25.295379638671875, -26.118804931640625];[1.4384187459945679, 0.8610212802886963, 0.4999271631240845, 0.24645161628723145, 0.17298488318920135];268.5370078086853
8150;[3.483809471130371, 2.2310619354248047, 6.257476329803467, 7.330819606781006, 8.846662521362305, 9.896141052246094];[0.4155814051628113, 0.33138415217399597, 1.3370293378829956, 1.45417320728302, 1.5165808200836182, 1.5618630647659302];[-2.1490190029144287, -1.9924300909042358, -13.058430671691895, -17.082443237304688, -20.296913146972656, -22.077075958251953];[1.4933432340621948, 0.7775327563285828, 0.42181336879730225, 0.23630903661251068, 0.16971613466739655];270.8149137496948
8200;[3.4265542030334473, 2.750472068786621, 8.404242515563965, 9.685402870178223, 12.6265287399292, 13.330262184143066];[0.44222769141197205, 0.4542728662490845, 1.4193835258483887, 1.4916167259216309, 1.6062811613082886, 1.606088638305664];[-2.1642885208129883, -2.5360159873962402, -16.430864334106445, -19.891613006591797, -25.145593643188477, -26.334428787231445];[1.4352457523345947, 0.8470845818519592, 0.5018822550773621, 0.2991303503513336, 0.19589398801326752];272.63961267471313
8250;[3.5096325874328613, 2.448147773742676, 5.557101726531982, 6.685563564300537, 8.534445762634277, 9.394793510437012];[0.4265439808368683, 0.3374437391757965, 1.3418816328048706, 1.4213401079177856, 1.5111751556396484, 1.5407253503799438];[-2.200293779373169, -2.164649486541748, -12.5045804977417, -15.043147087097168, -19.64076805114746, -21.218111038208008];[1.4470899105072021, 0.8126397728919983, 0.4178641736507416, 0.262277752161026, 0.16537043452262878];269.02478647232056
8300;[3.419157028198242, 2.3005712032318115, 12.816607475280762, 15.55024242401123, 16.73980140686035, 15.96753978729248];[0.44192126393318176, 0.29067718982696533, 1.5341174602508545, 1.6477216482162476, 1.6564624309539795, 1.6656643152236938];[-2.1562514305114746, -1.8390734195709229, -24.292720794677734, -27.90094757080078, -28.060100555419922, -29.274120330810547];[1.4380468130111694, 0.9102841019630432, 0.5245509743690491, 0.25776293873786926, 0.17818564176559448];271.70935320854187
8350;[3.440568208694458, 2.742779016494751, 12.15281867980957, 13.760751724243164, 14.001656532287598, 15.112424850463867];[0.4387984573841095, 0.41458165645599365, 1.5537172555923462, 1.5928325653076172, 1.6110661029815674, 1.6189861297607422];[-2.1828620433807373, -2.2702572345733643, -23.47063636779785, -26.391260147094727, -26.941679000854492, -27.336374282836914];[1.447880506515503, 0.8739443421363831, 0.5394477844238281, 0.26159629225730896, 0.18466924130916595];269.6134543418884
8400;[3.4663591384887695, 2.437645435333252, 13.44332218170166, 15.739325523376465, 16.530275344848633, 16.35187530517578];[0.42127275466918945, 0.3304869830608368, 1.5670697689056396, 1.6188675165176392, 1.6655607223510742, 1.6371076107025146];[-2.1589677333831787, -1.923532485961914, -24.590377807617188, -27.62271499633789, -29.158723831176758, -28.5542049407959];[1.4054789543151855, 0.9236595630645752, 0.4912166893482208, 0.27235013246536255, 0.16559326648712158];271.28362488746643
8450;[3.5360963344573975, 2.8443961143493652, 9.718034744262695, 12.167920112609863, 13.333357810974121, 13.6099853515625];[0.43971049785614014, 0.48499464988708496, 1.465295433998108, 1.5371849536895752, 1.6056616306304932, 1.6085779666900635];[-2.192559242248535, -2.4637043476104736, -19.00978660583496, -23.458738327026367, -25.648216247558594, -26.617624282836914];[1.4379475116729736, 0.8929849863052368, 0.5374382138252258, 0.2738472521305084, 0.19591034948825836];268.07252955436707
8500;[3.4333226680755615, 2.755356550216675, 15.427423477172852, 17.245769500732422, 17.90241241455078, 17.605621337890625];[0.43046343326568604, 0.43727532029151917, 1.5692816972732544, 1.6340982913970947, 1.6677401065826416, 1.652445673942566];[-2.172778844833374, -2.2052996158599854, -26.28692626953125, -28.928922653198242, -29.397951126098633, -29.32390594482422];[1.556658148765564, 0.9580646753311157, 0.5717746615409851, 0.2919504940509796, 0.20316365361213684];272.39412355422974
8550;[3.4510583877563477, 2.2614998817443848, 5.185036659240723, 6.485875129699707, 8.583892822265625, 9.219071388244629];[0.429423451423645, 0.30703648924827576, 1.2646454572677612, 1.4022459983825684, 1.5014612674713135, 1.4885259866714478];[-2.1546132564544678, -1.9733070135116577, -10.839454650878906, -15.311563491821289, -20.24333381652832, -20.86279296875];[1.454352855682373, 0.7879477739334106, 0.3981604278087616, 0.24755331873893738, 0.1671018749475479];269.28205275535583
8600;[3.537524700164795, 2.517775297164917, 4.027287483215332, 5.372750282287598, 8.12813949584961, 9.515214920043945];[0.4289161264896393, 0.3898636996746063, 1.07503342628479, 1.3086631298065186, 1.4677969217300415, 1.5390374660491943];[-2.2009687423706055, -2.4105472564697266, -7.5784406661987305, -12.310101509094238, -18.864351272583008, -20.864412307739258];[1.4654278755187988, 0.7925913333892822, 0.4030810594558716, 0.24207277595996857, 0.18499550223350525];270.6419641971588
8650;[3.4902520179748535, 2.9000306129455566, 4.545278549194336, 6.214349269866943, 6.634549617767334, 8.442839622497559];[0.4298435151576996, 0.5054094195365906, 1.221603512763977, 1.4041293859481812, 1.4322742223739624, 1.528954029083252];[-2.1816182136535645, -2.695435047149658, -9.107842445373535, -13.798547744750977, -15.33532428741455, -19.464359283447266];[1.384202003479004, 0.858208417892456, 0.44685277342796326, 0.22733454406261444, 0.18294550478458405];271.7522671222687
8700;[3.4459896087646484, 2.2900586128234863, 9.656665802001953, 11.711871147155762, 11.972485542297363, 13.332152366638184];[0.4349559545516968, 0.289783239364624, 1.4741981029510498, 1.578464150428772, 1.5570024251937866, 1.5814800262451172];[-2.1800506114959717, -1.8423810005187988, -19.388071060180664, -23.89528465270996, -23.365535736083984, -25.425500869750977];[1.3898839950561523, 0.8572503924369812, 0.5289686322212219, 0.26304322481155396, 0.18806807696819305];271.107470035553
8750;[3.5104923248291016, 2.3458924293518066, 6.353208541870117, 8.705023765563965, 10.204415321350098, 11.123834609985352];[0.43076255917549133, 0.3005574941635132, 1.3665095567703247, 1.4863309860229492, 1.541118860244751, 1.5717005729675293];[-2.1839663982391357, -1.9676289558410645, -14.050860404968262, -19.07083511352539, -21.762845993041992, -23.89786148071289];[1.5018199682235718, 0.8241724371910095, 0.4647290110588074, 0.23218221962451935, 0.15857958793640137];268.6048917770386
8800;[3.4627010822296143, 2.40388822555542, 5.635200500488281, 6.913206577301025, 8.653671264648438, 9.807948112487793];[0.42997217178344727, 0.3368706703186035, 1.3000779151916504, 1.4350926876068115, 1.537359356880188, 1.5422621965408325];[-2.172520637512207, -2.2086315155029297, -12.426241874694824, -16.1892147064209, -20.396183013916016, -22.0959415435791];[1.4210615158081055, 0.7785859107971191, 0.4711923897266388, 0.2502250373363495, 0.15792059898376465];269.4670205116272
8850;[3.55043625831604, 2.3806118965148926, 9.213597297668457, 11.403169631958008, 11.917024612426758, 12.059281349182129];[0.4316394031047821, 0.31407755613327026, 1.4600750207901, 1.5638657808303833, 1.5469480752944946, 1.5915278196334839];[-2.1970880031585693, -1.8795515298843384, -18.456090927124023, -23.60751724243164, -23.722944259643555, -25.067060470581055];[1.4193295240402222, 0.9085288047790527, 0.506920337677002, 0.25199341773986816, 0.17697332799434662];269.50197410583496
8900;[3.452826499938965, 2.307997703552246, 9.31993293762207, 10.589216232299805, 11.993847846984863, 12.152149200439453];[0.42510244250297546, 0.33362653851509094, 1.4913063049316406, 1.550539255142212, 1.5928187370300293, 1.6198543310165405];[-2.1639912128448486, -1.9493504762649536, -19.243785858154297, -21.857255935668945, -24.32451820373535, -24.80753517150879];[1.3727089166641235, 0.8415330052375793, 0.45176923274993896, 0.2463289499282837, 0.17980751395225525];273.1071171760559
8950;[3.367286443710327, 2.551518440246582, 10.507808685302734, 11.708541870117188, 13.199751853942871, 13.954699516296387];[0.43160152435302734, 0.3658916652202606, 1.5025930404663086, 1.562752366065979, 1.595068335533142, 1.5972801446914673];[-2.137305974960327, -2.0524632930755615, -20.487138748168945, -23.605777740478516, -25.308181762695312, -26.25046157836914];[1.4077383279800415, 0.8755216002464294, 0.5136114358901978, 0.2650635242462158, 0.18909019231796265];270.8509523868561
9000;[3.509927272796631, 2.534116268157959, 8.293427467346191, 9.814630508422852, 11.938745498657227, 12.671979904174805];[0.43090856075286865, 0.38899630308151245, 1.4460915327072144, 1.514056921005249, 1.5844600200653076, 1.6243679523468018];[-2.1901438236236572, -2.276566505432129, -17.382230758666992, -20.819873809814453, -24.195987701416016, -25.798969268798828];[1.4987794160842896, 0.8084726333618164, 0.50394207239151, 0.253812313079834, 0.17955398559570312];270.8236484527588
9050;[3.5327253341674805, 2.456052780151367, 3.914914608001709, 5.098605155944824, 6.855746269226074, 7.550095081329346];[0.42746472358703613, 0.36674100160598755, 1.1301316022872925, 1.2508407831192017, 1.4197393655776978, 1.482677936553955];[-2.1952664852142334, -2.2395057678222656, -8.231725692749023, -11.956841468811035, -17.285491943359375, -19.438539505004883];[1.3728156089782715, 0.7676025629043579, 0.41233643889427185, 0.25628599524497986, 0.16269248723983765];268.3049294948578
9100;[3.367696523666382, 2.1897153854370117, 3.8554868698120117, 5.380345821380615, 5.505647659301758, 6.445135116577148];[0.4286576509475708, 0.3030606806278229, 1.1254582405090332, 1.2905932664871216, 1.324924349784851, 1.4102894067764282];[-2.1440486907958984, -2.001671552658081, -7.790503978729248, -11.720138549804688, -12.666372299194336, -15.249504089355469];[1.4475278854370117, 0.7592381834983826, 0.432282418012619, 0.22344721853733063, 0.16852065920829773];273.13681745529175
9150;[3.388803243637085, 2.6022932529449463, 17.79293441772461, 19.45587730407715, 19.227210998535156, 18.83960723876953];[0.4229702651500702, 0.29460078477859497, 1.5580981969833374, 1.6326775550842285, 1.6357399225234985, 1.6390105485916138];[-2.1374030113220215, -1.8794642686843872, -29.037109375, -30.834121704101562, -30.79875946044922, -30.830652236938477];[1.4225181341171265, 1.0060772895812988, 0.6411048769950867, 0.3322775363922119, 0.18781247735023499];273.589661359787
9200;[3.5300161838531494, 2.3580384254455566, 8.180877685546875, 9.828879356384277, 11.864433288574219, 12.523343086242676];[0.4437246024608612, 0.29625269770622253, 1.4434150457382202, 1.5323892831802368, 1.5837231874465942, 1.6338167190551758];[-2.2258903980255127, -1.9743367433547974, -17.493450164794922, -21.368444442749023, -24.402921676635742, -26.218759536743164];[1.4479050636291504, 0.8121709823608398, 0.4912596046924591, 0.24987256526947021, 0.17283998429775238];270.1796340942383
9250;[3.492786407470703, 2.225792407989502, 4.082664966583252, 5.822420597076416, 7.591882228851318, 9.788349151611328];[0.4328988194465637, 0.316276490688324, 1.1241708993911743, 1.3846304416656494, 1.4965091943740845, 1.555117130279541];[-2.1787405014038086, -1.9499045610427856, -8.100128173828125, -13.862956047058105, -18.663406372070312, -21.126144409179688];[1.5706729888916016, 0.776687741279602, 0.4091448187828064, 0.22729109227657318, 0.1625826358795166];272.9084503650665
9300;[3.4580459594726562, 2.17743182182312, 6.425505638122559, 7.974792957305908, 9.971750259399414, 10.573076248168945];[0.427882581949234, 0.2866863012313843, 1.3820468187332153, 1.484513521194458, 1.5606880187988281, 1.5679882764816284];[-2.165567636489868, -1.923924446105957, -13.86361312866211, -17.499303817749023, -21.198820114135742, -22.214746475219727];[1.4044804573059082, 0.7766754627227783, 0.4220190942287445, 0.23709025979042053, 0.16834357380867004];271.54265546798706
9350;[3.5503883361816406, 2.4886178970336914, 7.87441873550415, 9.805511474609375, 11.22040843963623, 12.214042663574219];[0.4310784637928009, 0.309731125831604, 1.4523783922195435, 1.506603717803955, 1.5715179443359375, 1.59175705909729];[-2.1908836364746094, -1.9706459045410156, -17.43100929260254, -20.75082015991211, -23.826745986938477, -25.254589080810547];[1.423182487487793, 0.8795902132987976, 0.5003535151481628, 0.24524350464344025, 0.15569868683815002];271.0431344509125
9400;[3.467446804046631, 2.2972803115844727, 5.0618815422058105, 6.0133585929870605, 8.052217483520508, 8.789105415344238];[0.43217605352401733, 0.34865644574165344, 1.2494120597839355, 1.3890068531036377, 1.4836764335632324, 1.5015023946762085];[-2.187335252761841, -2.1819849014282227, -11.300312042236328, -14.332023620605469, -19.77583122253418, -20.776485443115234];[1.364986777305603, 0.7236579656600952, 0.3841352164745331, 0.24750609695911407, 0.17109118402004242];271.5407826900482
9450;[3.485985040664673, 2.266024589538574, 17.54344940185547, 19.81829261779785, 20.231826782226562, 20.14152717590332];[0.4293910562992096, 0.2723156213760376, 1.5586905479431152, 1.6595778465270996, 1.6853010654449463, 1.7010103464126587];[-2.175292730331421, -1.702383279800415, -28.153644561767578, -31.715789794921875, -31.44508171081543, -32.90068435668945];[1.4202622175216675, 0.9481462836265564, 0.627372682094574, 0.3153754770755768, 0.19913220405578613];269.96123790740967
9500;[3.4328224658966064, 2.4814953804016113, 13.041022300720215, 14.024651527404785, 14.753915786743164, 14.98166561126709];[0.4145612120628357, 0.32337698340415955, 1.5464898347854614, 1.5708717107772827, 1.6262073516845703, 1.621922254562378];[-2.138206720352173, -1.9608864784240723, -24.144704818725586, -26.180631637573242, -26.947669982910156, -27.73232078552246];[1.3816860914230347, 0.9000363349914551, 0.5557227730751038, 0.2833828032016754, 0.1841234564781189];271.7007865905762
9550;[3.4682490825653076, 2.4272093772888184, 10.128469467163086, 11.993075370788574, 12.294435501098633, 13.348370552062988];[0.4244554936885834, 0.3418354094028473, 1.490514874458313, 1.5957341194152832, 1.6260254383087158, 1.6363272666931152];[-2.1627941131591797, -2.0263404846191406, -20.202285766601562, -23.88129425048828, -24.769922256469727, -25.03603172302246];[1.3812533617019653, 0.8105584383010864, 0.5040505528450012, 0.25825217366218567, 0.20569519698619843];272.7945258617401
9600;[3.472961902618408, 2.425943613052368, 7.862020969390869, 9.388952255249023, 11.800106048583984, 12.096344947814941];[0.4330383241176605, 0.32747796177864075, 1.4276660680770874, 1.525253176689148, 1.5840195417404175, 1.606202483177185];[-2.180123805999756, -2.072709560394287, -16.37844467163086, -20.758934020996094, -23.210222244262695, -24.626405715942383];[1.440819501876831, 0.8463736176490784, 0.49179840087890625, 0.235129252076149, 0.17095515131950378];272.1998953819275
9650;[3.451794147491455, 2.6552295684814453, 10.969179153442383, 12.402928352355957, 12.658123970031738, 12.903494834899902];[0.42521777749061584, 0.4160041809082031, 1.5601073503494263, 1.565262794494629, 1.6108100414276123, 1.5882741212844849];[-2.1597330570220947, -2.29101300239563, -22.497020721435547, -23.86872673034668, -24.89887046813965, -25.313488006591797];[1.4659302234649658, 0.8611427545547485, 0.5187851786613464, 0.2742329239845276, 0.20484668016433716];272.77500796318054
9700;[3.6129822731018066, 2.1934688091278076, 4.464893341064453, 5.5792670249938965, 7.235278129577637, 7.8477349281311035];[0.4114971458911896, 0.3001500964164734, 1.185880184173584, 1.3552056550979614, 1.5049688816070557, 1.4839823246002197];[-2.2278079986572266, -2.0210914611816406, -9.340603828430176, -13.094630241394043, -18.306562423706055, -18.761926651000977];[1.4089598655700684, 0.7758217453956604, 0.4117530286312103, 0.24697619676589966, 0.17155909538269043];273.1793200969696
9750;[3.4657483100891113, 2.3023626804351807, 7.626650810241699, 9.093245506286621, 9.416780471801758, 10.773787498474121];[0.4229542315006256, 0.3144494593143463, 1.4203696250915527, 1.5026103258132935, 1.5493462085723877, 1.570313572883606];[-2.1522700786590576, -2.0041239261627197, -15.63083267211914, -18.797163009643555, -20.6390438079834, -22.514881134033203];[1.4220584630966187, 0.803629994392395, 0.4556441009044647, 0.23843786120414734, 0.1811945140361786];273.06812953948975
9800;[3.4745001792907715, 2.479311227798462, 8.261722564697266, 8.959378242492676, 10.54228687286377, 11.392448425292969];[0.43103888630867004, 0.33139896392822266, 1.4459799528121948, 1.4884717464447021, 1.5772209167480469, 1.578930377960205];[-2.180635452270508, -2.0179929733276367, -16.723737716674805, -19.259469985961914, -22.914859771728516, -23.361642837524414];[1.4870306253433228, 0.8508877754211426, 0.4841211438179016, 0.24902194738388062, 0.17044460773468018];270.3581213951111
9850;[3.5591089725494385, 2.5782887935638428, 5.822375297546387, 7.9172234535217285, 10.526686668395996, 11.431455612182617];[0.4267617464065552, 0.5514387488365173, 1.278903841972351, 1.4673646688461304, 1.584829568862915, 1.5883668661117554];[-2.2096614837646484, -2.589677333831787, -11.0201997756958, -16.593982696533203, -23.28265953063965, -24.106582641601562];[1.440024971961975, 0.8309732675552368, 0.494892418384552, 0.24615561962127686, 0.18888185918331146];271.00911259651184
9900;[3.3933238983154297, 2.3667831420898438, 7.668837070465088, 10.241477012634277, 11.498305320739746, 12.924237251281738];[0.43316057324409485, 0.30945202708244324, 1.410495400428772, 1.557257890701294, 1.5864802598953247, 1.6088134050369263];[-2.1431241035461426, -1.975637674331665, -16.050899505615234, -22.14786720275879, -23.529861450195312, -24.729633331298828];[1.4773486852645874, 0.828724205493927, 0.4620804786682129, 0.24412918090820312, 0.17768622934818268];271.9066605567932
9950;[3.403292179107666, 2.63063907623291, 8.144331932067871, 10.097801208496094, 10.963088989257812, 11.92856502532959];[0.430907279253006, 0.3736104369163513, 1.4538884162902832, 1.5257081985473633, 1.5665935277938843, 1.5629568099975586];[-2.139824628829956, -2.1577627658843994, -17.721878051757812, -21.53006362915039, -23.25383949279785, -24.37346076965332];[1.4457627534866333, 0.8737043738365173, 0.5141086578369141, 0.27369236946105957, 0.19099631905555725];271.6947617530823
10000;[3.3262155055999756, 2.3940982818603516, 6.049661636352539, 6.823104381561279, 8.473865509033203, 9.253121376037598];[0.43026137351989746, 0.338738352060318, 1.3603328466415405, 1.418387770652771, 1.5047011375427246, 1.5319254398345947];[-2.11252760887146, -2.15739107131958, -13.172579765319824, -15.507694244384766, -19.762483596801758, -21.245162963867188];[1.381926417350769, 0.8036676645278931, 0.4206487238407135, 0.23819611966609955, 0.1652366816997528];274.35915517807007
