Seed;RMSE History;MMD History;Log-Likelihood History;Max EIG History;Deployment Time
50;[3.518050193786621, 2.469057321548462, 7.565361499786377, 8.87719440460205, 10.25697135925293, 11.149984359741211];[0.3292688727378845, 0.2832786440849304, 1.397715449333191, 1.526668667793274, 1.5595754384994507, 1.5957491397857666];[-2.347703695297241, -2.5173139572143555, -17.0299015045166, -20.171159744262695, -22.656169891357422, -23.891103744506836];[1.4264227151870728, 0.8733524680137634, 0.44366785883903503, 0.2439049780368805, 0.18579310178756714];287.9719977378845
50;[3.7702865600585938, 2.7630677223205566, 9.209012985229492, 10.661376953125, 12.31442928314209, 13.399727821350098];[0.289466917514801, 0.22634680569171906, 1.4128814935684204, 1.5317319631576538, 1.5574920177459717, 1.6010385751724243];[-2.377535104751587, -2.5660831928253174, -19.679065704345703, -22.75000762939453, -25.123674392700195, -26.383243560791016];[1.4264227151870728, 0.8767701387405396, 0.44907572865486145, 0.24463403224945068, 0.17360922694206238];332.6997742652893
100;[3.659580945968628, 4.15770959854126, 16.95272445678711, 18.49321937561035, 20.002038955688477, 21.198163986206055];[0.31416648626327515, 0.9763379096984863, 1.5809389352798462, 1.6039804220199585, 1.6823993921279907, 1.689024567604065];[-2.374498128890991, -6.584153175354004, -27.104158401489258, -29.253604888916016, -31.1043643951416, -31.076486587524414];[1.3921425342559814, 0.927651584148407, 0.6784915328025818, 0.367221474647522, 0.22677332162857056];278.3475434780121
100;[4.006771564483643, 3.872596263885498, 15.848966598510742, 17.290098190307617, 18.225746154785156, 19.138168334960938];[0.258314311504364, 0.6171118021011353, 1.5207728147506714, 1.5532931089401245, 1.6152558326721191, 1.6108782291412354];[-2.436501979827881, -4.494531631469727, -26.483108520507812, -28.558765411376953, -30.04930305480957, -29.871089935302734];[1.3921425342559814, 0.9121192097663879, 0.6469175815582275, 0.3621346056461334, 0.21280376613140106];311.6425714492798
150;[3.497097969055176, 2.5971620082855225, 3.0742013454437256, 5.7423415184021, 7.599574089050293, 9.057249069213867];[0.32012543082237244, 0.28151431679725647, 0.7046985030174255, 1.309061884880066, 1.424743413925171, 1.482466459274292];[-2.320436954498291, -2.442617654800415, -5.320101261138916, -13.724821090698242, -18.799915313720703, -20.860057830810547];[1.4685475826263428, 0.8229790925979614, 0.4433909058570862, 0.24846968054771423, 0.16533435881137848];365.6433093547821
150;[3.7729921340942383, 2.8542914390563965, 3.324645757675171, 5.388777256011963, 7.388067245483398, 9.095901489257812];[0.28246140480041504, 0.17416492104530334, 0.3109974265098572, 1.1782748699188232, 1.3267160654067993, 1.408410906791687];[-2.3357129096984863, -2.6137564182281494, -7.922169208526611, -12.513060569763184, -18.149049758911133, -20.822795867919922];[1.4685475826263428, 0.8220629692077637, 0.4579813480377197, 0.25337114930152893, 0.17541395127773285];283.04547810554504
200;[3.5523300170898438, 2.5724849700927734, 5.546148300170898, 7.458917140960693, 8.882996559143066, 10.440958976745605];[0.32133498787879944, 0.28653547167778015, 1.2169448137283325, 1.394565224647522, 1.4906773567199707, 1.5332375764846802];[-2.3463809490203857, -2.3949928283691406, -11.685766220092773, -16.876020431518555, -20.119550704956055, -22.506345748901367];[1.4078642129898071, 0.8270953297615051, 0.4695010781288147, 0.24945436418056488, 0.1672525256872177];297.50015473365784
200;[3.841989278793335, 2.8171212673187256, 4.635700702667236, 6.505149841308594, 8.254420280456543, 9.934209823608398];[0.2777068316936493, 0.17320215702056885, 1.001152753829956, 1.2520127296447754, 1.3935461044311523, 1.4480016231536865];[-2.3814196586608887, -2.5497119426727295, -9.095111846923828, -14.738556861877441, -18.957225799560547, -21.780933380126953];[1.4078642129898071, 0.8250267505645752, 0.4725828468799591, 0.2437330037355423, 0.16166485846042633];298.9977185726166
250;[3.553293466567993, 2.4579837322235107, 6.405151844024658, 7.287680625915527, 8.61693286895752, 9.679603576660156];[0.32453498244285583, 0.3279229998588562, 1.3314621448516846, 1.4128122329711914, 1.494228720664978, 1.5574731826782227];[-2.351017951965332, -2.762712240219116, -14.930099487304688, -16.993072509765625, -20.159170150756836, -22.033517837524414];[1.4171242713928223, 0.8070927858352661, 0.40190643072128296, 0.22273176908493042, 0.1651059091091156];281.0998821258545
250;[3.8362362384796143, 2.7045340538024902, 8.393561363220215, 9.617019653320312, 9.86242961883545, 11.096575736999512];[0.2837018370628357, 0.2743823826313019, 1.3801562786102295, 1.4554917812347412, 1.4822978973388672, 1.5511008501052856];[-2.3730008602142334, -2.760599374771118, -18.637351989746094, -20.820255279541016, -21.648160934448242, -23.7514591217041];[1.4171242713928223, 0.8092414736747742, 0.4221745729446411, 0.2232661098241806, 0.1907230168581009];338.6015160083771
300;[3.531836748123169, 2.5897738933563232, 8.278036117553711, 9.337060928344727, 11.176332473754883, 12.067354202270508];[0.32167282700538635, 0.31819382309913635, 1.4354429244995117, 1.5261346101760864, 1.5400238037109375, 1.6068240404129028];[-2.3390114307403564, -2.6102709770202637, -17.178380966186523, -19.998790740966797, -22.922269821166992, -24.576297760009766];[1.416370153427124, 0.8004375696182251, 0.4334045946598053, 0.25172188878059387, 0.17375805974006653];283.95162773132324
300;[3.8254170417785645, 2.813087224960327, 9.348434448242188, 10.352106094360352, 12.297379493713379, 13.152546882629395];[0.2792637348175049, 0.19956804811954498, 1.4170118570327759, 1.4917703866958618, 1.5023822784423828, 1.5664827823638916];[-2.3687820434570312, -2.7939321994781494, -18.934934616088867, -21.46173667907715, -24.244705200195312, -25.797426223754883];[1.416370153427124, 0.7995136380195618, 0.43246009945869446, 0.2545246481895447, 0.17835597693920135];293.5828056335449
350;[3.4902820587158203, 2.759674072265625, 6.190101146697998, 8.936701774597168, 9.820775985717773, 11.667978286743164];[0.3032425343990326, 0.3138735592365265, 1.305037021636963, 1.509842038154602, 1.5114941596984863, 1.6145762205123901];[-2.3089499473571777, -2.5782504081726074, -13.696173667907715, -20.005126953125, -20.52076530456543, -24.636507034301758];[1.4400101900100708, 0.812443196773529, 0.43150025606155396, 0.22103385627269745, 0.17114569246768951];324.2897651195526
350;[3.7810158729553223, 3.058746337890625, 5.543254852294922, 7.947643756866455, 10.164432525634766, 11.443280220031738];[0.2617441713809967, 0.198332741856575, 1.156100869178772, 1.394375205039978, 1.4400837421417236, 1.546517014503479];[-2.341439723968506, -2.849311113357544, -11.88456916809082, -17.960731506347656, -21.19745635986328, -24.508413314819336];[1.4400101900100708, 0.8117834329605103, 0.4306894540786743, 0.2198292464017868, 0.15690751373767853];283.29863929748535
400;[3.5450050830841064, 2.5565309524536133, 14.55691146850586, 16.10538101196289, 16.941251754760742, 17.059764862060547];[0.3272956609725952, 0.2520695924758911, 1.5735774040222168, 1.6236443519592285, 1.6353574991226196, 1.6580156087875366];[-2.3653807640075684, -2.3094964027404785, -26.8493709564209, -28.66965675354004, -29.295631408691406, -29.871719360351562];[1.4105747938156128, 0.948936402797699, 0.5268791317939758, 0.28225648403167725, 0.15566708147525787];280.3568148612976
400;[3.8365018367767334, 2.8201441764831543, 13.344087600708008, 14.168546676635742, 15.1796293258667, 15.454316139221191];[0.28688350319862366, 0.14518550038337708, 1.5133295059204102, 1.5517061948776245, 1.5651164054870605, 1.5939174890518188];[-2.384373426437378, -2.1729743480682373, -25.242624282836914, -26.78224754333496, -27.82008934020996, -28.566810607910156];[1.4105747938156128, 0.9276788234710693, 0.49328383803367615, 0.2937246263027191, 0.16146576404571533];312.2078800201416
450;[3.6915128231048584, 2.526406764984131, 6.96192741394043, 7.961607456207275, 8.381097793579102, 9.747477531433105];[0.32362547516822815, 0.35680216550827026, 1.3512638807296753, 1.4134867191314697, 1.4593256711959839, 1.5210671424865723];[-2.373487710952759, -2.967796802520752, -16.144023895263672, -18.10158348083496, -19.878252029418945, -22.059593200683594];[1.562289834022522, 0.7500048875808716, 0.4103753864765167, 0.237838476896286, 0.17112670838832855];281.24655079841614
450;[4.029263496398926, 2.7780137062072754, 5.467493534088135, 6.275121212005615, 7.614354610443115, 8.003525733947754];[0.267217755317688, 0.274527370929718, 1.122833013534546, 1.2031790018081665, 1.3408408164978027, 1.3674899339675903];[-2.4298970699310303, -2.865495443344116, -12.153676986694336, -14.306320190429688, -18.55561065673828, -19.260061264038086];[1.562289834022522, 0.7533079981803894, 0.3893452286720276, 0.2243412584066391, 0.16946856677532196];299.9050750732422
500;[3.429854393005371, 2.5484907627105713, 9.279062271118164, 10.71144962310791, 11.464508056640625, 12.410698890686035];[0.3201182782649994, 0.33316364884376526, 1.4514589309692383, 1.5232199430465698, 1.5698864459991455, 1.5905424356460571];[-2.289767026901245, -2.7700278759002686, -19.96263313293457, -22.749792098999023, -24.517318725585938, -25.308557510375977];[1.525174617767334, 0.8332744836807251, 0.4739842414855957, 0.2581876516342163, 0.15712997317314148];285.11683654785156
500;[3.66644024848938, 2.76802659034729, 9.67154598236084, 10.999260902404785, 12.050060272216797, 13.388583183288574];[0.29034972190856934, 0.2151511311531067, 1.3874566555023193, 1.4636175632476807, 1.5271596908569336, 1.5508544445037842];[-2.2939422130584717, -2.5189623832702637, -20.221284866333008, -22.94207000732422, -25.108381271362305, -26.32211685180664];[1.525174617767334, 0.8488233685493469, 0.48972198367118835, 0.2671438455581665, 0.16520091891288757];279.22835993766785
550;[3.4279885292053223, 2.9930481910705566, 9.296243667602539, 10.32583236694336, 12.835776329040527, 13.829232215881348];[0.31024667620658875, 0.5062335133552551, 1.4524222612380981, 1.5224931240081787, 1.5808910131454468, 1.6254377365112305];[-2.2929978370666504, -3.136200428009033, -18.945383071899414, -21.60011863708496, -24.871931076049805, -26.981536865234375];[1.3570165634155273, 0.8587920069694519, 0.5399549603462219, 0.2679964005947113, 0.2020149976015091];349.4622778892517
550;[3.6865522861480713, 3.055298328399658, 7.467938423156738, 8.031988143920898, 9.575828552246094, 10.80079460144043];[0.27847549319267273, 0.2953287959098816, 1.2953095436096191, 1.3644561767578125, 1.4254016876220703, 1.5040342807769775];[-2.3015549182891846, -3.040285348892212, -15.409492492675781, -17.841142654418945, -20.736515045166016, -23.502548217773438];[1.3570165634155273, 0.8292962908744812, 0.5023527145385742, 0.2545618414878845, 0.19403623044490814];294.3857560157776
600;[3.540910005569458, 2.8662445545196533, 6.225090980529785, 7.938339710235596, 10.204505920410156, 11.215843200683594];[0.31453534960746765, 0.3312610387802124, 1.279546856880188, 1.4434624910354614, 1.5529794692993164, 1.5718246698379517];[-2.319356679916382, -2.6135294437408447, -13.162384986877441, -18.20476531982422, -22.295116424560547, -23.612560272216797];[1.4240550994873047, 0.800059974193573, 0.4183602035045624, 0.240798220038414, 0.1836579442024231];280.04233598709106
600;[3.8338539600372314, 3.1455023288726807, 8.493525505065918, 9.803289413452148, 11.87221908569336, 12.914670944213867];[0.2677205502986908, 0.20289431512355804, 1.3517341613769531, 1.4626861810684204, 1.5422298908233643, 1.554428219795227];[-2.3706183433532715, -2.821805000305176, -17.63077163696289, -21.190153121948242, -24.388294219970703, -25.525535583496094];[1.4240550994873047, 0.824837327003479, 0.44483715295791626, 0.2531830072402954, 0.17743448913097382];282.89538645744324
650;[3.604032278060913, 2.9220502376556396, 13.033346176147461, 14.572952270507812, 16.61817169189453, 17.201749801635742];[0.32569724321365356, 0.4457938075065613, 1.5525816679000854, 1.6287274360656738, 1.6710052490234375, 1.6774160861968994];[-2.375779390335083, -2.9019219875335693, -24.78770637512207, -26.939624786376953, -28.993383407592773, -29.33768081665039];[1.4594218730926514, 0.8592708110809326, 0.5543480515480042, 0.26660504937171936, 0.2049185037612915];321.49479842185974
650;[3.9040536880493164, 3.0054423809051514, 14.116869926452637, 15.910265922546387, 16.985443115234375, 17.80247688293457];[0.2791663408279419, 0.25332266092300415, 1.5340937376022339, 1.608001470565796, 1.6469892263412476, 1.6517643928527832];[-2.4164435863494873, -2.8279380798339844, -26.111019134521484, -28.348316192626953, -29.245399475097656, -29.830402374267578];[1.4594218730926514, 0.848244309425354, 0.5481459498405457, 0.25772735476493835, 0.19100616872310638];278.9933886528015
700;[3.5309722423553467, 2.723644256591797, 3.090806484222412, 4.7499494552612305, 6.62050724029541, 7.000219821929932];[0.3201204836368561, 0.3477990925312042, 0.7371065616607666, 1.1674784421920776, 1.3764418363571167, 1.41506028175354];[-2.3599231243133545, -2.599116325378418, -5.544831275939941, -11.041913986206055, -15.774164199829102, -17.335054397583008];[1.3925169706344604, 0.8369726538658142, 0.4344078600406647, 0.22426733374595642, 0.16649502515792847];293.1129095554352
700;[3.8213300704956055, 2.9318761825561523, 2.889458417892456, 4.379053592681885, 5.786197185516357, 6.9253106117248535];[0.2770443856716156, 0.20811937749385834, 0.4795683026313782, 1.0176628828048706, 1.1998273134231567, 1.321065902709961];[-2.3834190368652344, -2.732316017150879, -4.294261932373047, -9.661320686340332, -13.339110374450684, -16.810537338256836];[1.3925169706344604, 0.8350440263748169, 0.4339344799518585, 0.22128954529762268, 0.16153058409690857];279.25490403175354
750;[3.5392649173736572, 2.6993117332458496, 5.137939453125, 6.702335834503174, 8.927029609680176, 9.719135284423828];[0.3328361511230469, 0.3031820058822632, 1.1814500093460083, 1.3568363189697266, 1.4910880327224731, 1.5512431859970093];[-2.3656411170959473, -2.6242146492004395, -11.48743724822998, -15.86802864074707, -20.649024963378906, -22.04237937927246];[1.4034637212753296, 0.7808175086975098, 0.44365859031677246, 0.2645787000656128, 0.15866999328136444];343.8530435562134
750;[3.797492265701294, 2.991783618927002, 4.592187404632568, 7.246726036071777, 10.071974754333496, 11.1014986038208];[0.289719820022583, 0.20175789296627045, 1.0208832025527954, 1.3137016296386719, 1.4588923454284668, 1.5255632400512695];[-2.391772985458374, -2.8722212314605713, -9.487497329711914, -16.84986114501953, -22.399211883544922, -23.908178329467773];[1.4034637212753296, 0.7815020680427551, 0.4484250843524933, 0.2562577724456787, 0.15689265727996826];332.6517114639282
800;[3.612802028656006, 2.467026948928833, 6.799318790435791, 8.73258113861084, 10.825613021850586, 11.691377639770508];[0.31813952326774597, 0.28180983662605286, 1.3528999090194702, 1.4884324073791504, 1.59657621383667, 1.604843258857727];[-2.3637871742248535, -2.500802516937256, -15.418524742126465, -18.571210861206055, -23.83367919921875, -25.000507354736328];[1.4197908639907837, 0.7444907426834106, 0.38877013325691223, 0.24734580516815186, 0.17272236943244934];282.61783599853516
800;[3.937373638153076, 2.704284429550171, 8.700845718383789, 11.198586463928223, 13.674181938171387, 14.975408554077148];[0.2629055678844452, 0.1834610253572464, 1.4003044366836548, 1.511275291442871, 1.607635736465454, 1.6341623067855835];[-2.410005569458008, -2.713704824447632, -18.804319381713867, -22.178974151611328, -27.204395294189453, -28.404273986816406];[1.4197908639907837, 0.7448257803916931, 0.38420766592025757, 0.24722063541412354, 0.16737402975559235];297.71405029296875
850;[3.40629506111145, 2.756788969039917, 6.068039417266846, 6.803214073181152, 6.796167850494385, 7.717933177947998];[0.31851717829704285, 0.48828989267349243, 1.270608901977539, 1.3672375679016113, 1.388890027999878, 1.4054523706436157];[-2.2892351150512695, -3.5360465049743652, -14.087474822998047, -16.339458465576172, -17.45725440979004, -18.73707389831543];[1.4117730855941772, 0.851717472076416, 0.4157707393169403, 0.23151934146881104, 0.18574559688568115];329.7637641429901
850;[3.6515612602233887, 2.856126070022583, 6.237525463104248, 6.609558582305908, 7.185952186584473, 7.6493425369262695];[0.2851385772228241, 0.36253622174263, 1.1942055225372314, 1.2611582279205322, 1.3352410793304443, 1.3121119737625122];[-2.3090617656707764, -3.049346923828125, -13.887414932250977, -15.339503288269043, -17.888601303100586, -18.234167098999023];[1.4117730855941772, 0.8559607267379761, 0.43402495980262756, 0.2388034462928772, 0.16887541115283966];280.9367024898529
900;[3.5753185749053955, 2.3411550521850586, 9.229925155639648, 11.332375526428223, 13.662934303283691, 14.573822975158691];[0.3263450264930725, 0.25292009115219116, 1.4799739122390747, 1.5845155715942383, 1.6658440828323364, 1.6587493419647217];[-2.3481249809265137, -2.395515203475952, -19.586875915527344, -22.222461700439453, -26.883737564086914, -27.103219985961914];[1.4822183847427368, 0.8077647686004639, 0.5134396553039551, 0.25793591141700745, 0.17954181134700775];303.0554745197296
900;[3.856558322906494, 2.5460803508758545, 10.469185829162598, 12.482232093811035, 15.117759704589844, 16.878456115722656];[0.2791967988014221, 0.16288283467292786, 1.4640612602233887, 1.5292092561721802, 1.620234489440918, 1.6445724964141846];[-2.386396646499634, -2.4934780597686768, -21.44936180114746, -23.868913650512695, -28.48103141784668, -29.217384338378906];[1.4822183847427368, 0.8067882657051086, 0.49402347207069397, 0.25316542387008667, 0.18373098969459534];279.9387264251709
950;[3.552725076675415, 2.8369219303131104, 8.47583293914795, 9.710136413574219, 11.004327774047852, 12.434112548828125];[0.3211316168308258, 0.39523011445999146, 1.3939357995986938, 1.4975495338439941, 1.5360174179077148, 1.5872889757156372];[-2.3535826206207275, -2.5672295093536377, -17.2697811126709, -21.195470809936523, -22.987030029296875, -25.41651725769043];[1.3763808012008667, 0.9477794766426086, 0.5052589774131775, 0.2635844051837921, 0.16905561089515686];290.74582028388977
950;[3.852540969848633, 2.933553457260132, 5.068620681762695, 6.728027820587158, 8.617711067199707, 10.21964168548584];[0.2726131081581116, 0.21638785302639008, 1.0316263437271118, 1.2794991731643677, 1.3855839967727661, 1.4878712892532349];[-2.3935117721557617, -2.4824025630950928, -9.766382217407227, -15.781771659851074, -19.397052764892578, -22.624534606933594];[1.3763808012008667, 0.9279892444610596, 0.458528995513916, 0.24599623680114746, 0.15491317212581635];315.7358386516571
1000;[3.5437560081481934, 2.624833106994629, 5.2588982582092285, 7.1954779624938965, 9.895271301269531, 10.566095352172852];[0.3287908434867859, 0.2838131785392761, 1.1738471984863281, 1.4084972143173218, 1.5326931476593018, 1.520462989807129];[-2.3553853034973145, -2.61348032951355, -11.4949951171875, -16.83067512512207, -22.24264907836914, -22.011899948120117];[1.4298933744430542, 0.7670866250991821, 0.43142324686050415, 0.2679896354675293, 0.16038799285888672];281.9612555503845
1000;[3.809922695159912, 2.973646402359009, 5.257755756378174, 7.762815475463867, 10.82266616821289, 11.599145889282227];[0.2840760350227356, 0.21515105664730072, 1.0787127017974854, 1.3635767698287964, 1.4900261163711548, 1.4676569700241089];[-2.3852202892303467, -2.902280807495117, -10.997149467468262, -17.7189884185791, -23.46030044555664, -23.262083053588867];[1.4298933744430542, 0.767599880695343, 0.4330189526081085, 0.2594461143016815, 0.15706893801689148];279.8316192626953
1050;[3.498385190963745, 3.0977795124053955, 9.033339500427246, 9.623396873474121, 10.064493179321289, 12.048386573791504];[0.316914439201355, 0.5432549118995667, 1.4154545068740845, 1.5002973079681396, 1.5627168416976929, 1.6228810548782349];[-2.322052240371704, -3.3262879848480225, -16.550262451171875, -20.34132957458496, -21.9830265045166, -24.073015213012695];[1.3702319860458374, 0.8932175040245056, 0.5230908989906311, 0.27290433645248413, 0.21599772572517395];333.8531370162964
1050;[3.7667996883392334, 3.115267038345337, 11.544934272766113, 12.129158020019531, 12.550250053405762, 14.83614444732666];[0.2739606201648712, 0.31839409470558167, 1.4362447261810303, 1.5192166566848755, 1.5744364261627197, 1.616451382637024];[-2.3533079624176025, -3.1547281742095947, -20.57262420654297, -23.942190170288086, -25.47647476196289, -27.24871063232422];[1.3702319860458374, 0.9024069309234619, 0.5407505631446838, 0.2985764741897583, 0.2185700237751007];281.56204175949097
1100;[3.633084297180176, 2.953022003173828, 10.875847816467285, 12.88565731048584, 13.767702102661133, 14.886048316955566];[0.3227347433567047, 0.513221025466919, 1.5024495124816895, 1.5862212181091309, 1.6223734617233276, 1.6301379203796387];[-2.406907081604004, -3.1232850551605225, -21.774951934814453, -25.020112991333008, -26.11376953125, -28.058490753173828];[1.4891663789749146, 0.8401671051979065, 0.5562971830368042, 0.27375856041908264, 0.22945576906204224];307.235723733902
1100;[3.953230857849121, 2.984198570251465, 8.566961288452148, 10.36504077911377, 12.43134593963623, 12.495302200317383];[0.27360281348228455, 0.29949092864990234, 1.3676837682724, 1.4751858711242676, 1.5392202138900757, 1.5269287824630737];[-2.441704750061035, -2.938993215560913, -17.730941772460938, -21.632083892822266, -25.01443099975586, -25.80377960205078];[1.4891663789749146, 0.8391238451004028, 0.4777698814868927, 0.26047736406326294, 0.20164726674556732];280.6621849536896
1150;[3.549370527267456, 3.294510841369629, 15.286938667297363, 17.431293487548828, 18.498458862304688, 19.739059448242188];[0.32456448674201965, 0.6654765605926514, 1.546931505203247, 1.6270835399627686, 1.6678686141967773, 1.6898822784423828];[-2.3321547508239746, -3.5777931213378906, -27.173978805541992, -29.62272834777832, -30.805513381958008, -30.768203735351562];[1.4211032390594482, 0.9468181729316711, 0.6458637714385986, 0.3465372920036316, 0.19294536113739014];283.79518604278564
1150;[3.819810152053833, 3.1403751373291016, 10.156512260437012, 13.08553695678711, 14.34924030303955, 15.6819429397583];[0.2810384929180145, 0.35623735189437866, 1.4120820760726929, 1.5360784530639648, 1.5789943933486938, 1.5974717140197754];[-2.362546920776367, -2.9578731060028076, -20.82437515258789, -25.59864616394043, -27.411706924438477, -27.74791145324707];[1.4211032390594482, 0.9194889664649963, 0.5271661281585693, 0.2780618667602539, 0.1693558543920517];333.16822814941406
1200;[3.5017285346984863, 2.5920186042785645, 5.552346706390381, 7.114223480224609, 9.59432601928711, 10.382463455200195];[0.3102601170539856, 0.3517376482486725, 1.2146687507629395, 1.3881686925888062, 1.531435251235962, 1.5414725542068481];[-2.3085689544677734, -2.8960044384002686, -12.579414367675781, -17.25862693786621, -21.994556427001953, -22.951108932495117];[1.4090831279754639, 0.7920276522636414, 0.4470524787902832, 0.2409384697675705, 0.16101564466953278];287.0078823566437
1200;[3.7827274799346924, 2.888962745666504, 3.9884157180786133, 6.019550323486328, 8.26460075378418, 9.469359397888184];[0.268138587474823, 0.3123609125614166, 0.8667097687721252, 1.226438283920288, 1.402647614479065, 1.4360777139663696];[-2.3427767753601074, -2.993098497390747, -7.703921794891357, -14.56684684753418, -19.739015579223633, -21.618417739868164];[1.4090831279754639, 0.8141012787818909, 0.41557979583740234, 0.22693942487239838, 0.14934289455413818];287.5138809680939
1250;[3.4876513481140137, 2.6706302165985107, 6.243379592895508, 7.294990062713623, 9.002599716186523, 10.22200870513916];[0.3158087134361267, 0.2941487431526184, 1.2614694833755493, 1.3852816820144653, 1.454938530921936, 1.5449715852737427];[-2.328146457672119, -2.5199694633483887, -13.07621955871582, -16.601930618286133, -20.560178756713867, -22.739852905273438];[1.4425804615020752, 0.8204149603843689, 0.4616839289665222, 0.250977098941803, 0.16491104662418365];300.22518706321716
1250;[3.762364149093628, 2.961428642272949, 6.436473846435547, 7.46647834777832, 9.16780948638916, 10.122570037841797];[0.2784407436847687, 0.19502490758895874, 1.1773537397384644, 1.3068448305130005, 1.3872677087783813, 1.4692929983139038];[-2.34122371673584, -2.721843719482422, -13.156994819641113, -16.71646499633789, -20.695356369018555, -22.577598571777344];[1.4425804615020752, 0.8072477579116821, 0.4633300304412842, 0.25043973326683044, 0.16505160927772522];318.17355728149414
1300;[3.5354790687561035, 2.5405831336975098, 9.563602447509766, 10.798465728759766, 11.140259742736816, 12.018407821655273];[0.3090335726737976, 0.2503834366798401, 1.4482892751693726, 1.4817311763763428, 1.5744032859802246, 1.60189950466156];[-2.30558705329895, -2.322256088256836, -19.909326553344727, -21.599069595336914, -24.0621395111084, -25.436601638793945];[1.4331846237182617, 0.8180830478668213, 0.46774619817733765, 0.27534276247024536, 0.20575164258480072];280.0487172603607
1300;[3.824474573135376, 2.7867188453674316, 10.389811515808105, 11.918585777282715, 12.793607711791992, 12.896023750305176];[0.26382386684417725, 0.15532343089580536, 1.4161531925201416, 1.4681131839752197, 1.5682737827301025, 1.5698879957199097];[-2.3408279418945312, -2.458007335662842, -21.07933235168457, -22.674406051635742, -26.10769271850586, -26.356435775756836];[1.4331846237182617, 0.8164246082305908, 0.46492865681648254, 0.2888721525669098, 0.1959066540002823];320.43822383880615
1350;[3.5258939266204834, 2.4460229873657227, 7.167972087860107, 8.341416358947754, 9.075909614562988, 10.029875755310059];[0.32419249415397644, 0.26600366830825806, 1.327857494354248, 1.4390649795532227, 1.5147854089736938, 1.5225613117218018];[-2.359018087387085, -2.344309091567993, -15.154195785522461, -18.792917251586914, -20.88530921936035, -22.41447639465332];[1.4399313926696777, 0.8168688416481018, 0.4463466703891754, 0.22663237154483795, 0.15590102970600128];279.62783789634705
1350;[3.8054158687591553, 2.698068141937256, 6.727471828460693, 8.382168769836426, 9.33238697052002, 10.497841835021973];[0.2841842770576477, 0.17277464270591736, 1.197604775428772, 1.3624811172485352, 1.4554191827774048, 1.4657166004180908];[-2.378052234649658, -2.4832046031951904, -13.9578275680542, -18.846208572387695, -21.347610473632812, -23.13916015625];[1.4399313926696777, 0.8198294043540955, 0.4510473608970642, 0.24319955706596375, 0.14639829099178314];318.71860337257385
1400;[3.573118209838867, 3.4844753742218018, 10.064916610717773, 11.565168380737305, 12.879586219787598, 14.453124046325684];[0.3319355547428131, 0.7102826833724976, 1.4535026550292969, 1.5500311851501465, 1.582158088684082, 1.6105875968933105];[-2.357722520828247, -3.892509698867798, -19.9039249420166, -23.22208023071289, -24.725631713867188, -26.923254013061523];[1.5062978267669678, 0.9733354449272156, 0.5521024465560913, 0.29986631870269775, 0.19147656857967377];330.26949977874756
1400;[3.8535892963409424, 3.3632988929748535, 7.074226379394531, 8.77376937866211, 10.113435745239258, 11.510136604309082];[0.28976142406463623, 0.39954161643981934, 1.253507137298584, 1.4067851305007935, 1.4474079608917236, 1.5001323223114014];[-2.3891215324401855, -3.3016040325164795, -14.462137222290039, -19.37542152404785, -21.600780487060547, -23.909191131591797];[1.5062978267669678, 0.9233349561691284, 0.5083922743797302, 0.26541900634765625, 0.17860110104084015];283.7853901386261
1450;[3.462273120880127, 2.5985829830169678, 12.20957088470459, 13.772138595581055, 13.8925142288208, 14.27326488494873];[0.31377702951431274, 0.2945963144302368, 1.4846097230911255, 1.611225962638855, 1.6376503705978394, 1.6505271196365356];[-2.2975685596466064, -2.276454210281372, -22.371017456054688, -26.49777603149414, -26.84416961669922, -27.898601531982422];[1.4827321767807007, 0.9039323329925537, 0.5228656530380249, 0.2640387713909149, 0.19597741961479187];282.39400815963745
1450;[3.726362466812134, 2.7673609256744385, 12.635032653808594, 14.148667335510254, 14.267727851867676, 14.582589149475098];[0.27243274450302124, 0.16656026244163513, 1.4296947717666626, 1.5701570510864258, 1.5902409553527832, 1.6075594425201416];[-2.3279733657836914, -2.2949881553649902, -22.918437957763672, -26.94063949584961, -27.26292610168457, -28.221778869628906];[1.4827321767807007, 0.8980070352554321, 0.5191397666931152, 0.25559863448143005, 0.19609545171260834];329.6563856601715
1500;[3.464956283569336, 2.399108409881592, 8.045503616333008, 9.551097869873047, 11.676302909851074, 12.622511863708496];[0.3134991228580475, 0.2490922063589096, 1.3880642652511597, 1.5277498960494995, 1.5925236940383911, 1.607987403869629];[-2.3150103092193604, -2.3812966346740723, -17.498699188232422, -20.872711181640625, -23.8410701751709, -24.621187210083008];[1.4814077615737915, 0.796393632888794, 0.47277525067329407, 0.2381257861852646, 0.1741710901260376];280.75518822669983
1500;[3.732696533203125, 2.6538772583007812, 6.217251777648926, 7.3315935134887695, 9.091500282287598, 10.253342628479004];[0.2757726013660431, 0.16914768517017365, 1.1777688264846802, 1.3375506401062012, 1.416021704673767, 1.4583449363708496];[-2.3366849422454834, -2.5450310707092285, -13.15693187713623, -16.705808639526367, -20.180885314941406, -21.69700050354004];[1.4814077615737915, 0.8382377028465271, 0.43093037605285645, 0.23074133694171906, 0.1624329686164856];301.65099334716797
1550;[3.500197410583496, 2.821580171585083, 6.2386932373046875, 7.143004894256592, 8.464215278625488, 9.631791114807129];[0.312002569437027, 0.3645564019680023, 1.284232258796692, 1.3777700662612915, 1.4958170652389526, 1.5475136041641235];[-2.3159425258636475, -2.779254913330078, -13.129929542541504, -15.067313194274902, -18.631553649902344, -20.577543258666992];[1.4545917510986328, 0.8127740621566772, 0.4210807979106903, 0.27485010027885437, 0.1872655302286148];277.98714113235474
1550;[3.785066604614258, 3.0310287475585938, 7.802923679351807, 8.598108291625977, 10.665448188781738, 11.659039497375488];[0.2721848785877228, 0.2276783138513565, 1.3194650411605835, 1.3678648471832275, 1.482140302658081, 1.509279489517212];[-2.34751296043396, -2.9683375358581543, -16.191024780273438, -18.026611328125, -22.45469856262207, -23.726001739501953];[1.4545917510986328, 0.82805997133255, 0.458829790353775, 0.2740325629711151, 0.18830622732639313];314.4052789211273
1600;[3.597944498062134, 2.487975597381592, 4.604835510253906, 5.7598748207092285, 7.461216926574707, 8.761687278747559];[0.32531020045280457, 0.2917480170726776, 1.1211110353469849, 1.2913135290145874, 1.410733938217163, 1.520809531211853];[-2.366403818130493, -2.604757308959961, -10.021981239318848, -13.695347785949707, -18.22488784790039, -21.374887466430664];[1.3467326164245605, 0.7987874746322632, 0.42023223638534546, 0.22621002793312073, 0.17345254123210907];321.0142111778259
1600;[3.8936989307403564, 2.774894952774048, 4.823140621185303, 5.6958770751953125, 6.770717144012451, 8.04845905303955];[0.28058260679244995, 0.24750132858753204, 1.0617053508758545, 1.193873643875122, 1.2870920896530151, 1.4238667488098145];[-2.3895761966705322, -2.729419469833374, -10.070662498474121, -13.119060516357422, -16.52192497253418, -19.93548011779785];[1.3467326164245605, 0.7996198534965515, 0.42202115058898926, 0.22758790850639343, 0.17542168498039246];286.98180508613586
1650;[3.436478853225708, 2.5435633659362793, 10.804049491882324, 12.49106216430664, 12.90226936340332, 13.30319595336914];[0.31080397963523865, 0.2439490258693695, 1.4864922761917114, 1.6027864217758179, 1.6263163089752197, 1.631752610206604];[-2.295853853225708, -2.317401885986328, -21.717409133911133, -25.18595314025879, -25.566667556762695, -26.200225830078125];[1.4399919509887695, 0.8335406184196472, 0.5553348064422607, 0.2613265812397003, 0.20361730456352234];283.0532991886139
1650;[3.6971449851989746, 2.8674724102020264, 11.433661460876465, 13.138191223144531, 13.490486145019531, 13.882678031921387];[0.27425670623779297, 0.16675949096679688, 1.4385714530944824, 1.5636177062988281, 1.5782133340835571, 1.5838416814804077];[-2.3213651180267334, -2.3730151653289795, -22.382675170898438, -25.880218505859375, -26.16944694519043, -26.786516189575195];[1.4399919509887695, 0.8456350564956665, 0.5654005408287048, 0.26864922046661377, 0.20779208838939667];299.9579916000366
1700;[3.4560554027557373, 2.372934103012085, 8.457107543945312, 9.910561561584473, 10.875304222106934, 12.030720710754395];[0.30309203267097473, 0.24641714990139008, 1.4072239398956299, 1.5154716968536377, 1.5677927732467651, 1.5792241096496582];[-2.2906713485717773, -2.3860421180725098, -17.975976943969727, -21.948671340942383, -22.991079330444336, -24.845861434936523];[1.4486035108566284, 0.8028844594955444, 0.474520742893219, 0.27209585905075073, 0.16927050054073334];280.5030572414398
1700;[3.737506151199341, 2.640069007873535, 8.821748733520508, 10.358363151550293, 11.419614791870117, 12.686219215393066];[0.26869598031044006, 0.17690357565879822, 1.3435074090957642, 1.4679803848266602, 1.5131171941757202, 1.5332897901535034];[-2.304698944091797, -2.4811012744903564, -18.33684539794922, -22.464807510375977, -23.624481201171875, -25.562314987182617];[1.4486035108566284, 0.8093281388282776, 0.4803849756717682, 0.27418753504753113, 0.16955935955047607];299.91171407699585
1750;[3.5498480796813965, 2.4934446811676025, 5.88073205947876, 7.317741394042969, 9.229576110839844, 9.876388549804688];[0.3212936520576477, 0.3195450007915497, 1.266754388809204, 1.3834328651428223, 1.5226763486862183, 1.5271975994110107];[-2.345487117767334, -2.7603039741516113, -13.353876113891602, -16.376956939697266, -21.52457618713379, -22.537317276000977];[1.478678584098816, 0.7874287366867065, 0.39774826169013977, 0.23591089248657227, 0.17447680234909058];296.652517080307
1750;[3.8430700302124023, 2.790048360824585, 8.233419418334961, 9.732681274414062, 11.423727989196777, 11.624728202819824];[0.2804086208343506, 0.27269768714904785, 1.3550989627838135, 1.4263170957565308, 1.540216088294983, 1.5316500663757324];[-2.376481771469116, -2.8168234825134277, -17.953657150268555, -19.88633918762207, -24.208852767944336, -24.366304397583008];[1.478678584098816, 0.7890512347221375, 0.4358222782611847, 0.2581583559513092, 0.17810842394828796];277.3467128276825
1800;[3.605226755142212, 2.598944902420044, 7.30753231048584, 9.009600639343262, 10.947835922241211, 11.978431701660156];[0.3255167305469513, 0.2869492471218109, 1.3853142261505127, 1.4988850355148315, 1.590889573097229, 1.6143672466278076];[-2.3653697967529297, -2.5415806770324707, -15.94444751739502, -18.76146697998047, -23.73959732055664, -24.112701416015625];[1.3986296653747559, 0.8332898616790771, 0.4281395971775055, 0.25344032049179077, 0.1805696189403534];304.6741073131561
1800;[3.910835027694702, 2.86002779006958, 9.146824836730957, 11.205265998840332, 13.268692970275879, 14.429994583129883];[0.2755705714225769, 0.1916937381029129, 1.4168705940246582, 1.5068050622940063, 1.5910228490829468, 1.6027220487594604];[-2.414064884185791, -2.7541444301605225, -19.157352447509766, -21.93355941772461, -26.53879737854004, -26.7731876373291];[1.3986296653747559, 0.8334926962852478, 0.4300282597541809, 0.2717803120613098, 0.18471461534500122];314.872123003006
1850;[3.585946559906006, 2.6061861515045166, 5.712743282318115, 7.206793785095215, 7.914568901062012, 9.446277618408203];[0.3234803378582001, 0.3331049978733063, 1.2161247730255127, 1.376346230506897, 1.4283808469772339, 1.5323774814605713];[-2.3658080101013184, -2.5980308055877686, -11.981369018554688, -16.215375900268555, -17.550731658935547, -21.339126586914062];[1.4456795454025269, 0.8691109418869019, 0.512080192565918, 0.27135902643203735, 0.18802212178707123];283.0395872592926
1850;[3.8915464878082275, 2.782919406890869, 4.644712924957275, 6.086132526397705, 6.820815086364746, 7.999613285064697];[0.2754146158695221, 0.2025449275970459, 0.989804744720459, 1.2143962383270264, 1.2792794704437256, 1.4011238813400269];[-2.412106990814209, -2.715054750442505, -9.07304573059082, -13.71100902557373, -15.382970809936523, -18.902753829956055];[1.4456795454025269, 0.8655707240104675, 0.5034056901931763, 0.26260244846343994, 0.17743068933486938];339.1915283203125
1900;[3.5799410343170166, 2.6769940853118896, 8.700749397277832, 10.162785530090332, 11.535581588745117, 12.076906204223633];[0.33053767681121826, 0.2872585952281952, 1.4476155042648315, 1.5520309209823608, 1.5910929441452026, 1.5989137887954712];[-2.3639814853668213, -2.428133487701416, -18.690216064453125, -21.316898345947266, -24.35202980041504, -24.815011978149414];[1.3942899703979492, 0.827520489692688, 0.49608296155929565, 0.23263347148895264, 0.18316468596458435];309.5267884731293
1900;[3.870701313018799, 2.9659581184387207, 9.661933898925781, 11.065593719482422, 12.430408477783203, 12.94450569152832];[0.28553450107574463, 0.17881718277931213, 1.421244740486145, 1.5178234577178955, 1.5589663982391357, 1.5592749118804932];[-2.4045965671539307, -2.629533529281616, -20.1706485748291, -22.50644874572754, -25.360136032104492, -25.757522583007812];[1.3942899703979492, 0.8267697095870972, 0.4744170010089874, 0.2392379343509674, 0.18560446798801422];286.291752576828
1950;[3.514319896697998, 2.4185643196105957, 9.201040267944336, 10.228854179382324, 10.714552879333496, 11.584098815917969];[0.3258659839630127, 0.2725481688976288, 1.4812508821487427, 1.5534611940383911, 1.5839697122573853, 1.6170854568481445];[-2.3650434017181396, -2.369424343109131, -19.250703811645508, -21.700685501098633, -22.713558197021484, -24.79323387145996];[1.430879831314087, 0.8473606705665588, 0.44199761748313904, 0.24255894124507904, 0.1964769959449768];308.9959452152252
1950;[3.7896182537078857, 2.6778974533081055, 14.615589141845703, 17.45939826965332, 19.789060592651367, 19.693592071533203];[0.29000577330589294, 0.17857378721237183, 1.5657814741134644, 1.6641360521316528, 1.69474458694458, 1.7046475410461426];[-2.3684115409851074, -2.545565366744995, -26.512025833129883, -29.464427947998047, -31.73910903930664, -32.35550308227539];[1.430879831314087, 0.8325952887535095, 0.4769730567932129, 0.255636990070343, 0.1925812065601349];279.840261220932
2000;[3.5761539936065674, 2.539430856704712, 8.122841835021973, 9.475812911987305, 10.311482429504395, 11.017518043518066];[0.32006293535232544, 0.2851010859012604, 1.4250514507293701, 1.486053705215454, 1.5237047672271729, 1.5445301532745361];[-2.343735933303833, -2.5270071029663086, -18.882619857788086, -21.33929443359375, -22.635082244873047, -22.877151489257812];[1.4451537132263184, 0.8543888926506042, 0.5006308555603027, 0.23279054462909698, 0.19166986644268036];389.92174458503723
2000;[3.8713388442993164, 2.798997640609741, 5.671653747558594, 7.107186317443848, 8.063567161560059, 8.852933883666992];[0.2777880132198334, 0.16784515976905823, 1.180193305015564, 1.3105031251907349, 1.3806403875350952, 1.3879523277282715];[-2.3715295791625977, -2.3637068271636963, -12.869783401489258, -17.054035186767578, -19.580469131469727, -20.39816665649414];[1.4451537132263184, 0.8428632616996765, 0.5239998698234558, 0.25228777527809143, 0.1634763479232788];300.979079246521
2050;[3.535275459289551, 2.4763808250427246, 6.152003288269043, 7.584770679473877, 9.42155647277832, 10.066387176513672];[0.3221924304962158, 0.281008243560791, 1.2643364667892456, 1.4282567501068115, 1.5250273942947388, 1.521470546722412];[-2.326617956161499, -2.543457269668579, -13.544045448303223, -17.8485164642334, -21.486099243164062, -22.064651489257812];[1.3899706602096558, 0.8358472585678101, 0.43291014432907104, 0.264273464679718, 0.15570254623889923];281.80815839767456
2050;[3.812070369720459, 2.7946650981903076, 6.665201663970947, 8.338274002075195, 10.021919250488281, 10.840370178222656];[0.27784520387649536, 0.21817506849765778, 1.2173017263412476, 1.3951811790466309, 1.4767016172409058, 1.4726618528366089];[-2.370086669921875, -2.625333070755005, -14.240684509277344, -18.987993240356445, -22.221881866455078, -23.011505126953125];[1.3899706602096558, 0.8096998333930969, 0.4440954029560089, 0.26021209359169006, 0.15623867511749268];342.47502851486206
2100;[3.5217692852020264, 2.81308913230896, 5.748109817504883, 6.786396503448486, 7.316996097564697, 7.830280303955078];[0.31753093004226685, 0.5559380650520325, 1.2254422903060913, 1.359071135520935, 1.4277324676513672, 1.4624428749084473];[-2.337181806564331, -4.095358848571777, -13.103326797485352, -16.303211212158203, -17.430551528930664, -18.9234561920166];[1.4028916358947754, 0.7660318613052368, 0.3912872076034546, 0.2037239968776703, 0.16357649862766266];278.341787815094
2100;[3.794963836669922, 2.8405168056488037, 8.252046585083008, 9.638080596923828, 10.31339168548584, 11.0803804397583];[0.27691808342933655, 0.41385617852211, 1.3197335004806519, 1.4329649209976196, 1.4865601062774658, 1.5131779909133911];[-2.3659555912017822, -3.227642297744751, -17.644834518432617, -20.88241195678711, -22.03555679321289, -23.587791442871094];[1.4028916358947754, 0.7902137041091919, 0.427135169506073, 0.2155095636844635, 0.16740606725215912];297.23430705070496
2150;[3.587566375732422, 2.715808153152466, 13.696952819824219, 16.19375228881836, 16.739397048950195, 18.536338806152344];[0.31922027468681335, 0.3609869182109833, 1.5331625938415527, 1.639172077178955, 1.6691244840621948, 1.6898062229156494];[-2.356583595275879, -2.542558193206787, -23.86810874938965, -28.087583541870117, -28.202938079833984, -30.29109764099121];[1.469148874282837, 0.8684136867523193, 0.5622965693473816, 0.2886970341205597, 0.2308146059513092];293.3914351463318
2150;[3.895796537399292, 2.8436992168426514, 12.961979866027832, 15.139270782470703, 16.120527267456055, 17.91718101501465];[0.27154645323753357, 0.19945712387561798, 1.4909826517105103, 1.590856909751892, 1.6260592937469482, 1.662952184677124];[-2.4018948078155518, -2.4962191581726074, -22.81232261657715, -27.145586013793945, -27.66242790222168, -29.866464614868164];[1.469148874282837, 0.8700058460235596, 0.4907897412776947, 0.2682075798511505, 0.22376997768878937];285.0598158836365
2200;[3.5403051376342773, 2.5438475608825684, 13.002659797668457, 14.000993728637695, 14.496997833251953, 13.864142417907715];[0.3197009563446045, 0.2236732393503189, 1.5753588676452637, 1.6204866170883179, 1.6344298124313354, 1.5974191427230835];[-2.3274073600769043, -2.09713077545166, -24.880022048950195, -26.8530330657959, -26.64835548400879, -25.91638946533203];[1.5389820337295532, 0.9518340826034546, 0.4977799952030182, 0.26610833406448364, 0.1792224794626236];346.3927044868469
2200;[3.8225955963134766, 2.800278425216675, 23.60211944580078, 26.110992431640625, 27.034456253051758, 27.41659164428711];[0.27916425466537476, 0.14404521882534027, 1.6351280212402344, 1.6893357038497925, 1.7057702541351318, 1.7076679468154907];[-2.3531246185302734, -2.1278138160705566, -33.54691696166992, -35.388248443603516, -35.1237907409668, -35.046566009521484];[1.5389820337295532, 0.9810434579849243, 0.5951972007751465, 0.31031426787376404, 0.19431698322296143];309.49366211891174
2250;[3.51129150390625, 2.8493268489837646, 12.0479097366333, 13.38382625579834, 14.621087074279785, 14.5350923538208];[0.3149825930595398, 0.40630239248275757, 1.4946213960647583, 1.5413697957992554, 1.625620722770691, 1.6087303161621094];[-2.3221781253814697, -2.5494112968444824, -23.4577693939209, -25.669160842895508, -28.322864532470703, -27.576562881469727];[1.4969102144241333, 0.9150558710098267, 0.547448456287384, 0.30027177929878235, 0.18697866797447205];279.5278480052948
2250;[3.7853307723999023, 2.9114184379577637, 10.499017715454102, 12.688492774963379, 13.993745803833008, 14.002030372619629];[0.2728997468948364, 0.22007179260253906, 1.3858426809310913, 1.4644911289215088, 1.5604772567749023, 1.5475093126296997];[-2.361947536468506, -2.3978428840637207, -21.450029373168945, -25.09785270690918, -27.849750518798828, -27.21999740600586];[1.4969102144241333, 0.9062077403068542, 0.5512043237686157, 0.2867540419101715, 0.17156027257442474];303.35678029060364
2300;[3.490316867828369, 2.487250566482544, 6.959682941436768, 7.766198635101318, 9.587393760681152, 10.058650970458984];[0.3220456540584564, 0.2814086377620697, 1.3340959548950195, 1.4077847003936768, 1.5075082778930664, 1.5511047840118408];[-2.325357675552368, -2.398674964904785, -14.7003755569458, -17.460357666015625, -21.381101608276367, -22.797775268554688];[1.3730943202972412, 0.7853759527206421, 0.4462010860443115, 0.2706158757209778, 0.16902267932891846];288.353152513504
2300;[3.7545666694641113, 2.744248867034912, 8.513851165771484, 9.763236999511719, 11.656530380249023, 11.714462280273438];[0.2885453701019287, 0.17820550501346588, 1.3545684814453125, 1.4545280933380127, 1.5331889390945435, 1.5591961145401];[-2.3434231281280518, -2.5531930923461914, -17.412620544433594, -20.163246154785156, -23.70415687561035, -24.58504295349121];[1.3730943202972412, 0.785075843334198, 0.44177910685539246, 0.29153385758399963, 0.17129890620708466];278.36853432655334
2350;[3.5439748764038086, 2.298097848892212, 6.8869099617004395, 8.386133193969727, 9.798477172851562, 10.066286087036133];[0.3181142508983612, 0.2155470848083496, 1.3148549795150757, 1.4813528060913086, 1.5140899419784546, 1.5448822975158691];[-2.343852996826172, -2.1998884677886963, -15.188104629516602, -19.853973388671875, -21.398723602294922, -23.01775360107422];[1.4287128448486328, 0.8027608394622803, 0.44658270478248596, 0.23332129418849945, 0.1706724315881729];278.0660834312439
2350;[3.8467142581939697, 2.5843772888183594, 7.181948661804199, 9.254836082458496, 9.834019660949707, 10.842146873474121];[0.2723405361175537, 0.15502364933490753, 1.2528173923492432, 1.4516069889068604, 1.4445998668670654, 1.505056381225586];[-2.377462148666382, -2.2581305503845215, -15.383705139160156, -21.281631469726562, -21.261343002319336, -24.024703979492188];[1.4287128448486328, 0.8080875277519226, 0.4371335804462433, 0.23630231618881226, 0.184514582157135];279.33055114746094
2400;[3.519235134124756, 2.770228624343872, 11.688122749328613, 13.29943561553955, 14.64145278930664, 16.189373016357422];[0.31322935223579407, 0.38930827379226685, 1.53472900390625, 1.5957255363464355, 1.643742322921753, 1.665083646774292];[-2.3275327682495117, -2.6089017391204834, -22.507808685302734, -25.049306869506836, -26.64272689819336, -28.752639770507812];[1.4247595071792603, 0.8841849565505981, 0.5627220273017883, 0.27509504556655884, 0.18951533734798431];279.14500999450684
2400;[3.810366630554199, 2.8791866302490234, 11.210904121398926, 12.601252555847168, 13.701384544372559, 14.935647964477539];[0.26939359307289124, 0.21621157228946686, 1.4810655117034912, 1.536497950553894, 1.585092544555664, 1.6120421886444092];[-2.3531546592712402, -2.558537483215332, -21.75368309020996, -24.199750900268555, -25.617652893066406, -27.60314178466797];[1.4247595071792603, 0.8612318634986877, 0.4988453984260559, 0.2763015329837799, 0.18851236999034882];278.18532538414
2450;[3.5078670978546143, 2.746412992477417, 8.70604419708252, 10.703505516052246, 13.445125579833984, 13.998564720153809];[0.3122927248477936, 0.35541602969169617, 1.4232345819473267, 1.5317227840423584, 1.6177340745925903, 1.6412841081619263];[-2.328794002532959, -2.681377649307251, -17.31989860534668, -21.409931182861328, -25.192625045776367, -26.744293212890625];[1.5208905935287476, 0.8209955096244812, 0.4841645061969757, 0.2585653066635132, 0.175947368144989];282.9925558567047
2450;[3.795339822769165, 2.9467344284057617, 11.204573631286621, 13.554561614990234, 14.709298133850098, 15.784890174865723];[0.27345189452171326, 0.213365375995636, 1.4522068500518799, 1.548749566078186, 1.598940372467041, 1.633258581161499];[-2.3540546894073486, -2.784790277481079, -21.18336296081543, -24.961519241333008, -26.1601619720459, -28.36955451965332];[1.5208905935287476, 0.8040781021118164, 0.4938305616378784, 0.2606702744960785, 0.21730302274227142];279.3593029975891
2500;[3.563859224319458, 2.3998570442199707, 8.253278732299805, 9.886763572692871, 10.064508438110352, 11.42137336730957];[0.31150174140930176, 0.25622040033340454, 1.3712801933288574, 1.5043668746948242, 1.543245553970337, 1.5933419466018677];[-2.3091704845428467, -2.410043478012085, -17.25841522216797, -20.943010330200195, -22.282583236694336, -24.112520217895508];[1.3893779516220093, 0.8058246374130249, 0.48343294858932495, 0.25557857751846313, 0.20281757414340973];279.6188132762909
2500;[3.86392879486084, 2.68082332611084, 8.548172950744629, 10.032700538635254, 10.109070777893066, 11.223824501037598];[0.26729366183280945, 0.1974109560251236, 1.3024945259094238, 1.4302908182144165, 1.4769114255905151, 1.5162982940673828];[-2.3386967182159424, -2.4292097091674805, -17.487812042236328, -21.03757667541504, -22.24549674987793, -23.824766159057617];[1.3893779516220093, 0.8113856911659241, 0.4888642430305481, 0.260181725025177, 0.2079101800918579];279.48543405532837
2550;[3.486790657043457, 2.422440528869629, 6.644300937652588, 7.985118389129639, 8.199738502502441, 9.503775596618652];[0.3226550221443176, 0.23874345421791077, 1.3366219997406006, 1.4236962795257568, 1.5075814723968506, 1.5064283609390259];[-2.324676275253296, -2.2928237915039062, -14.671348571777344, -17.66112518310547, -19.482072830200195, -21.03976058959961];[1.3986759185791016, 0.8077448010444641, 0.4380311071872711, 0.22835592925548553, 0.20160025358200073];314.74706077575684
2550;[3.7523293495178223, 2.6981468200683594, 7.230106353759766, 8.515002250671387, 8.417473793029785, 9.683704376220703];[0.2859756052494049, 0.16714800894260406, 1.2933942079544067, 1.3670176267623901, 1.4459147453308105, 1.4323543310165405];[-2.3386783599853516, -2.4508416652679443, -15.609048843383789, -18.294321060180664, -19.680444717407227, -21.21477699279785];[1.3986759185791016, 0.8081448078155518, 0.4413859248161316, 0.2264672815799713, 0.19639165699481964];286.0925335884094
2600;[3.4589321613311768, 3.902573347091675, 11.005760192871094, 13.631753921508789, 14.672035217285156, 15.942852973937988];[0.3229735791683197, 0.9275505542755127, 1.4610743522644043, 1.5693682432174683, 1.608211636543274, 1.6139508485794067];[-2.3390071392059326, -5.5212531089782715, -21.354707717895508, -26.269332885742188, -27.668352127075195, -28.788883209228516];[1.3757927417755127, 0.9767265915870667, 0.6655817031860352, 0.293636292219162, 0.18433505296707153];282.2621810436249
2600;[3.7190558910369873, 3.5867414474487305, 5.951265335083008, 10.023832321166992, 11.377836227416992, 12.645136833190918];[0.28916415572166443, 0.5354821681976318, 1.1581816673278809, 1.4372133016586304, 1.503160834312439, 1.5251209735870361];[-2.348148822784424, -3.7115373611450195, -12.155101776123047, -22.21432876586914, -24.436708450317383, -25.952571868896484];[1.3757927417755127, 0.9687817096710205, 0.6051544547080994, 0.2660415470600128, 0.16894441843032837];306.24407935142517
2650;[3.5072474479675293, 2.3872578144073486, 7.859941482543945, 9.293868064880371, 9.150934219360352, 11.136445999145508];[0.31620314717292786, 0.2559894621372223, 1.421114444732666, 1.486452579498291, 1.497738242149353, 1.5654553174972534];[-2.3184397220611572, -2.4979584217071533, -17.8851261138916, -20.24886131286621, -20.88290023803711, -23.442461013793945];[1.4356052875518799, 0.7475398182868958, 0.45000821352005005, 0.250726580619812, 0.20259712636470795];301.55933117866516
2650;[3.786104917526245, 2.680983543395996, 6.879998683929443, 7.979726791381836, 9.449164390563965, 10.451374053955078];[0.2754952311515808, 0.20177699625492096, 1.2916669845581055, 1.3565775156021118, 1.449118971824646, 1.48979914188385];[-2.3470582962036133, -2.6943042278289795, -15.396660804748535, -17.45904541015625, -21.259929656982422, -22.227338790893555];[1.4356052875518799, 0.760786771774292, 0.3888782262802124, 0.2506304979324341, 0.1773006021976471];292.80509185791016
2700;[3.6231837272644043, 2.8836591243743896, 6.665938854217529, 9.264124870300293, 10.021224021911621, 10.985687255859375];[0.32361942529678345, 0.3827687203884125, 1.329601764678955, 1.5009852647781372, 1.5474177598953247, 1.5723460912704468];[-2.3512766361236572, -3.001070022583008, -15.85941219329834, -20.761327743530273, -22.181188583374023, -24.093481063842773];[1.381988525390625, 0.8153131604194641, 0.4261607527732849, 0.2195935994386673, 0.15236064791679382];284.3406403064728
2700;[3.923402786254883, 3.1745426654815674, 7.132382392883301, 10.55752182006836, 11.580068588256836, 12.694644927978516];[0.2704773545265198, 0.26108086109161377, 1.2867401838302612, 1.4776264429092407, 1.5291948318481445, 1.5569645166397095];[-2.410552501678467, -2.934629201889038, -16.239492416381836, -22.437631607055664, -24.096376419067383, -26.033056259155273];[1.381988525390625, 0.8224923610687256, 0.4319097697734833, 0.22167956829071045, 0.15052443742752075];285.9758849143982
2750;[3.571190118789673, 2.389694929122925, 8.364930152893066, 9.9086332321167, 10.655435562133789, 11.68272876739502];[0.3236669898033142, 0.249890998005867, 1.4277743101119995, 1.5078105926513672, 1.5362908840179443, 1.6015944480895996];[-2.34444260597229, -2.38773775100708, -18.202957153320312, -21.152381896972656, -21.896495819091797, -24.295045852661133];[1.5251234769821167, 0.7991436719894409, 0.4685245156288147, 0.26174068450927734, 0.1820775717496872];285.1520597934723
2750;[3.868344783782959, 2.647749900817871, 7.441256523132324, 9.419947624206543, 10.430628776550293, 11.717501640319824];[0.27734726667404175, 0.1789277344942093, 1.2932238578796387, 1.4162565469741821, 1.4471211433410645, 1.5324865579605103];[-2.3869354724884033, -2.349764823913574, -16.174680709838867, -20.439706802368164, -21.714502334594727, -24.44553565979004];[1.5251234769821167, 0.8077929615974426, 0.47896522283554077, 0.25721269845962524, 0.17440615594387054];290.35549211502075
2800;[3.611739158630371, 2.510071277618408, 6.675195693969727, 8.289759635925293, 9.469322204589844, 10.665404319763184];[0.3195345997810364, 0.30491694808006287, 1.3322235345840454, 1.449457049369812, 1.492357611656189, 1.5529096126556396];[-2.3621902465820312, -2.665452241897583, -15.190831184387207, -18.77754020690918, -21.467994689941406, -23.81610679626465];[1.415387749671936, 0.8033061027526855, 0.4560907781124115, 0.23983696103096008, 0.17134611308574677];286.2783408164978
2800;[3.924675226211548, 2.789048910140991, 4.908611297607422, 6.373280048370361, 7.5051069259643555, 8.511149406433105];[0.26730877161026, 0.22952039539813995, 1.0645889043807983, 1.236700177192688, 1.3328912258148193, 1.4180598258972168];[-2.4125170707702637, -2.631314516067505, -10.317133903503418, -14.648164749145508, -17.954326629638672, -20.426538467407227];[1.415387749671936, 0.8108434081077576, 0.4344322681427002, 0.2351256161928177, 0.16960516571998596];286.6513640880585
2850;[3.4735677242279053, 2.4316742420196533, 3.098522186279297, 3.2883424758911133, 5.784091472625732, 6.547752857208252];[0.3097701370716095, 0.35544508695602417, 0.7546528577804565, 0.8528599739074707, 1.2870843410491943, 1.3365001678466797];[-2.3278419971466064, -2.9025864601135254, -6.118180751800537, -7.344388961791992, -15.169373512268066, -16.58984375];[1.4206163883209229, 0.7690452337265015, 0.36382177472114563, 0.2739088833332062, 0.16430506110191345];284.6019432544708
2850;[3.758435010910034, 2.798346519470215, 3.2598397731781006, 3.3986241817474365, 5.02993631362915, 5.758462429046631];[0.2740178108215332, 0.40139803290367126, 0.681516706943512, 0.7878465056419373, 1.1134430170059204, 1.1744487285614014];[-2.342743396759033, -3.2740445137023926, -5.597809791564941, -6.706421852111816, -12.74672794342041, -14.550705909729004];[1.4206163883209229, 0.762403666973114, 0.35413819551467896, 0.2682408094406128, 0.16952300071716309];300.4417018890381
2900;[3.541501760482788, 2.574723482131958, 14.651162147521973, 16.611616134643555, 17.54281997680664, 17.64800262451172];[0.31103283166885376, 0.2682442367076874, 1.5490238666534424, 1.6080988645553589, 1.6711997985839844, 1.6897350549697876];[-2.3209357261657715, -2.4389355182647705, -26.369075775146484, -28.00710105895996, -29.778554916381836, -30.47414779663086];[1.5595101118087769, 0.9030454158782959, 0.525142252445221, 0.27402475476264954, 0.18426550924777985];284.93191170692444
2900;[3.832170248031616, 2.839355230331421, 18.220462799072266, 20.63023567199707, 21.36149787902832, 21.291719436645508];[0.2625453770160675, 0.15863195061683655, 1.5585747957229614, 1.6181570291519165, 1.6693999767303467, 1.6837365627288818];[-2.371534824371338, -2.297358512878418, -29.327070236206055, -30.912919998168945, -32.44083023071289, -32.9775276184082];[1.5595101118087769, 0.9215751886367798, 0.5442109107971191, 0.2994456887245178, 0.19368405640125275];284.75395250320435
2950;[3.5207509994506836, 2.4079723358154297, 6.593894004821777, 7.575469493865967, 9.022375106811523, 9.614790916442871];[0.3101528286933899, 0.2899501621723175, 1.3638006448745728, 1.4511187076568604, 1.5398844480514526, 1.5392355918884277];[-2.319474935531616, -2.5828840732574463, -15.142552375793457, -17.118165969848633, -20.31876564025879, -20.953603744506836];[1.4005879163742065, 0.7931618094444275, 0.3903362452983856, 0.23777411878108978, 0.16343536972999573];289.60026383399963
2950;[3.8104233741760254, 2.6733624935150146, 11.242090225219727, 12.9885835647583, 15.32193660736084, 15.749918937683105];[0.2640385627746582, 0.22920279204845428, 1.516335129737854, 1.5802531242370605, 1.6337214708328247, 1.624297857284546];[-2.3652687072753906, -2.5875067710876465, -23.140371322631836, -25.121448516845703, -28.065959930419922, -27.91580581665039];[1.4005879163742065, 0.7923277020454407, 0.4446389675140381, 0.23774588108062744, 0.17401286959648132];284.00569772720337
3000;[3.4902098178863525, 2.4285590648651123, 6.756472110748291, 7.424374103546143, 8.981882095336914, 9.02309799194336];[0.31457775831222534, 0.24791038036346436, 1.3103333711624146, 1.4204829931259155, 1.5372323989868164, 1.4941020011901855];[-2.321333885192871, -2.363982677459717, -14.631648063659668, -16.80052375793457, -20.883081436157227, -20.919788360595703];[1.4508298635482788, 0.7999778389930725, 0.41367679834365845, 0.25429534912109375, 0.17798298597335815];282.82580947875977
3000;[3.768012285232544, 2.7320704460144043, 8.27351188659668, 9.073376655578613, 10.772480010986328, 10.579962730407715];[0.27914318442344666, 0.18278110027313232, 1.3244091272354126, 1.4322220087051392, 1.537063479423523, 1.490209698677063];[-2.3425517082214355, -2.5267176628112793, -17.210594177246094, -19.435791015625, -23.360477447509766, -22.982126235961914];[1.4508298635482788, 0.8015770316123962, 0.416377991437912, 0.26115337014198303, 0.18338914215564728];289.51467871665955
3050;[3.5866310596466064, 2.6964147090911865, 7.199812889099121, 10.200325012207031, 11.655884742736816, 12.73876953125];[0.32238492369651794, 0.3406738042831421, 1.3610467910766602, 1.5483542680740356, 1.5651590824127197, 1.5477327108383179];[-2.3519766330718994, -2.782134532928467, -17.00865936279297, -22.96755599975586, -24.26852035522461, -25.045108795166016];[1.4893990755081177, 0.8247047066688538, 0.49187031388282776, 0.22699414193630219, 0.13595178723335266];284.8208200931549
3050;[3.8877460956573486, 2.946699380874634, 4.703332424163818, 9.045339584350586, 10.76449966430664, 11.88647747039795];[0.27615460753440857, 0.21406884491443634, 1.0419771671295166, 1.4389382600784302, 1.4807065725326538, 1.4737149477005005];[-2.389655113220215, -2.5682826042175293, -10.601208686828613, -21.135162353515625, -23.0665225982666, -24.076168060302734];[1.4893990755081177, 0.8439306616783142, 0.505342960357666, 0.2254367172718048, 0.13517411053180695];291.1410174369812
3100;[3.5897865295410156, 3.151432514190674, 16.662561416625977, 18.92876625061035, 18.40293312072754, 17.782451629638672];[0.31677454710006714, 0.44407904148101807, 1.5938323736190796, 1.6359647512435913, 1.66545832157135, 1.654299259185791];[-2.3326869010925293, -2.6735341548919678, -28.87902069091797, -29.348329544067383, -30.982730865478516, -30.745006561279297];[1.466610312461853, 0.9622130990028381, 0.546428918838501, 0.28844642639160156, 0.19422253966331482];284.88805294036865
3100;[3.888061761856079, 3.1894283294677734, 15.094338417053223, 17.262332916259766, 17.066680908203125, 16.186656951904297];[0.2715906798839569, 0.206114262342453, 1.5593070983886719, 1.6034959554672241, 1.6486430168151855, 1.6365464925765991];[-2.373875379562378, -2.4389636516571045, -27.36065101623535, -28.067556381225586, -29.88309097290039, -29.381925582885742];[1.466610312461853, 0.9455403089523315, 0.48329663276672363, 0.2631382942199707, 0.20256255567073822];299.75159525871277
3150;[3.5451841354370117, 2.9110193252563477, 6.175064563751221, 8.257452964782715, 9.122385025024414, 11.085648536682129];[0.32537251710891724, 0.46496641635894775, 1.2424243688583374, 1.4862746000289917, 1.4981141090393066, 1.5577434301376343];[-2.348437547683716, -2.976935386657715, -12.095722198486328, -18.654441833496094, -20.07280158996582, -23.096412658691406];[1.3970140218734741, 0.8244945406913757, 0.5074361562728882, 0.2815949320793152, 0.18982112407684326];293.32575702667236
3150;[3.8300940990448, 3.0151941776275635, 5.0509033203125, 7.557304382324219, 10.132308959960938, 11.260859489440918];[0.2891120910644531, 0.26894280314445496, 1.0155549049377441, 1.3894871473312378, 1.4663361310958862, 1.4918689727783203];[-2.363281488418579, -2.938295841217041, -9.416358947753906, -17.32097053527832, -22.1805362701416, -23.51787567138672];[1.3970140218734741, 0.8154034614562988, 0.5043103098869324, 0.25432538986206055, 0.1766614019870758];295.04989767074585
3200;[3.619185447692871, 2.654646635055542, 12.639488220214844, 14.91061019897461, 15.376328468322754, 15.839519500732422];[0.31871497631073, 0.25456276535987854, 1.5327417850494385, 1.6062968969345093, 1.648766279220581, 1.6703004837036133];[-2.358081817626953, -2.2424890995025635, -24.31726837158203, -26.382692337036133, -28.286033630371094, -29.263633728027344];[1.4627749919891357, 0.8891093730926514, 0.5158849358558655, 0.24276235699653625, 0.1895473152399063];288.04310631752014
3200;[3.9237558841705322, 2.971214532852173, 13.541267395019531, 15.706646919250488, 16.154876708984375, 16.61964225769043];[0.2690429985523224, 0.16887831687927246, 1.5057402849197388, 1.567319393157959, 1.6141852140426636, 1.6393048763275146];[-2.39274001121521, -2.3680765628814697, -25.234600067138672, -27.1037540435791, -28.978294372558594, -29.935760498046875];[1.4627749919891357, 0.9220530986785889, 0.5061048865318298, 0.24683134257793427, 0.19062212109565735];290.82073187828064
3250;[3.6097118854522705, 2.6883962154388428, 10.738917350769043, 12.483940124511719, 13.018847465515137, 13.81833553314209];[0.3336974084377289, 0.28535202145576477, 1.4889037609100342, 1.5936474800109863, 1.6257822513580322, 1.645255446434021];[-2.394815444946289, -2.4068686962127686, -21.247182846069336, -24.468944549560547, -25.633718490600586, -26.303464889526367];[1.4305607080459595, 0.86124587059021, 0.5229966044425964, 0.2770838141441345, 0.2004053294658661];288.37145352363586
3250;[3.899637222290039, 2.944869041442871, 10.91360092163086, 12.488656997680664, 13.100157737731934, 14.039505004882812];[0.29263100028038025, 0.18038202822208405, 1.4281716346740723, 1.5316933393478394, 1.5590850114822388, 1.5752291679382324];[-2.41207218170166, -2.5447030067443848, -21.44011878967285, -24.557458877563477, -25.874534606933594, -26.699604034423828];[1.4305607080459595, 0.8621679544448853, 0.5211882591247559, 0.2799990177154541, 0.19129157066345215];283.74120569229126
3300;[3.6254475116729736, 2.57565975189209, 6.82642936706543, 8.304413795471191, 10.288714408874512, 11.129615783691406];[0.32091644406318665, 0.2983090877532959, 1.3584685325622559, 1.4400720596313477, 1.569905161857605, 1.5850634574890137];[-2.354283094406128, -2.6849260330200195, -16.051788330078125, -17.70538330078125, -22.867048263549805, -24.022098541259766];[1.3652318716049194, 0.7729740738868713, 0.43080005049705505, 0.2429080307483673, 0.1574559509754181];284.32354402542114
3300;[3.935913562774658, 2.87825345993042, 7.428282737731934, 9.122987747192383, 11.203461647033691, 12.158565521240234];[0.2698577046394348, 0.22765447199344635, 1.323727011680603, 1.384240984916687, 1.5189932584762573, 1.5400879383087158];[-2.4024569988250732, -2.8786368370056152, -16.932527542114258, -18.940814971923828, -24.057727813720703, -25.247819900512695];[1.3652318716049194, 0.775654673576355, 0.43860000371932983, 0.23882333934307098, 0.164400115609169];290.5857539176941
3350;[3.528019905090332, 2.4218742847442627, 6.35137414932251, 8.961532592773438, 9.742064476013184, 10.725702285766602];[0.3140691816806793, 0.2611519992351532, 1.3119690418243408, 1.481394648551941, 1.5322538614273071, 1.542267918586731];[-2.3261067867279053, -2.4391796588897705, -14.722517967224121, -20.262239456176758, -21.534080505371094, -22.383516311645508];[1.3729313611984253, 0.8167650699615479, 0.4466303586959839, 0.23848672211170197, 0.155058354139328];299.78308844566345
3350;[3.8149735927581787, 2.7134461402893066, 5.361443042755127, 9.042930603027344, 9.994247436523438, 11.136797904968262];[0.2749740481376648, 0.1799125224351883, 1.1265207529067993, 1.4088324308395386, 1.4642465114593506, 1.4751464128494263];[-2.346740484237671, -2.494161605834961, -11.79702091217041, -20.220836639404297, -21.79102325439453, -22.846803665161133];[1.3729313611984253, 0.82669997215271, 0.4556795060634613, 0.23337240517139435, 0.15449534356594086];287.76585030555725
3400;[3.495460271835327, 2.41286039352417, 4.4348368644714355, 4.881773471832275, 6.870974063873291, 8.017268180847168];[0.31010493636131287, 0.2567659020423889, 1.0456727743148804, 1.1581047773361206, 1.3858906030654907, 1.4434187412261963];[-2.323742389678955, -2.506873607635498, -9.088861465454102, -11.463348388671875, -17.22675895690918, -19.13429069519043];[1.3664191961288452, 0.7698070406913757, 0.38770249485969543, 0.26134032011032104, 0.17364497482776642];285.9835216999054
3400;[3.7828571796417236, 2.7171547412872314, 4.21563196182251, 4.473150253295898, 5.426236152648926, 6.546250820159912];[0.2718748152256012, 0.20697078108787537, 0.8854120969772339, 1.0022621154785156, 1.180675983428955, 1.261461615562439];[-2.343196153640747, -2.7368459701538086, -7.932516574859619, -9.76366138458252, -13.550790786743164, -16.11178970336914];[1.3664191961288452, 0.76988685131073, 0.38561052083969116, 0.25267988443374634, 0.1759985089302063];299.58574509620667
3450;[3.497270107269287, 2.501093864440918, 7.726541042327881, 8.8943510055542, 10.744322776794434, 11.643234252929688];[0.314408540725708, 0.25784507393836975, 1.403379201889038, 1.4759539365768433, 1.5796504020690918, 1.6220167875289917];[-2.3305346965789795, -2.421745777130127, -16.922344207763672, -19.058507919311523, -23.402009963989258, -25.195125579833984];[1.359683632850647, 0.8097958564758301, 0.4479447305202484, 0.2710024118423462, 0.17470918595790863];298.21929574012756
3450;[3.787503480911255, 2.8346235752105713, 8.99012565612793, 10.423462867736816, 12.416462898254395, 13.411430358886719];[0.27857813239097595, 0.19867964088916779, 1.3920572996139526, 1.4657001495361328, 1.5673208236694336, 1.6195147037506104];[-2.3614490032196045, -2.597984552383423, -18.959585189819336, -21.17618179321289, -25.389381408691406, -27.107872009277344];[1.359683632850647, 0.8115189075469971, 0.45358461141586304, 0.2683613896369934, 0.17439083755016327];295.7951498031616
3500;[3.503983974456787, 4.225079536437988, 15.7036714553833, 16.345121383666992, 17.656484603881836, 18.07377815246582];[0.306027352809906, 1.0500633716583252, 1.5861375331878662, 1.613781213760376, 1.6678965091705322, 1.6652201414108276];[-2.291069507598877, -7.797573089599609, -26.615293502807617, -28.857345581054688, -29.685895919799805, -30.432533264160156];[1.510897159576416, 0.9287130832672119, 0.6440312266349792, 0.308305561542511, 0.21627826988697052];306.3955547809601
3500;[3.787602424621582, 3.9218807220458984, 15.37244987487793, 16.115678787231445, 17.397987365722656, 17.72962760925293];[0.2611050605773926, 0.7004182934761047, 1.543496012687683, 1.5757946968078613, 1.6333837509155273, 1.6222325563430786];[-2.3336069583892822, -5.023274898529053, -26.691814422607422, -28.907854080200195, -29.661359786987305, -30.31713104248047];[1.510897159576416, 0.9153370261192322, 0.5788119435310364, 0.2907906472682953, 0.21118316054344177];310.7272996902466
3550;[3.594465970993042, 2.58903431892395, 5.912506580352783, 7.014247417449951, 8.764891624450684, 9.373780250549316];[0.3225913345813751, 0.39818552136421204, 1.2506450414657593, 1.3831208944320679, 1.5121058225631714, 1.5214077234268188];[-2.366464853286743, -3.141066551208496, -13.099689483642578, -16.311071395874023, -20.398693084716797, -21.407344818115234];[1.4692564010620117, 0.7825619578361511, 0.3767709732055664, 0.2250647395849228, 0.15741916000843048];290.07527780532837
3550;[3.901951789855957, 2.9092297554016113, 7.091690540313721, 8.44437313079834, 10.403695106506348, 11.191133499145508];[0.2707289457321167, 0.3658006191253662, 1.252305030822754, 1.378434419631958, 1.495673418045044, 1.5029146671295166];[-2.4094419479370117, -3.1988446712493896, -15.158870697021484, -18.632177352905273, -22.71809959411621, -23.784378051757812];[1.4692564010620117, 0.7834315299987793, 0.3779589831829071, 0.22740818560123444, 0.1559484750032425];286.85444235801697
3600;[3.5123584270477295, 2.701732635498047, 10.832263946533203, 11.762550354003906, 14.041508674621582, 14.880607604980469];[0.31869789958000183, 0.2723970413208008, 1.510697841644287, 1.5749375820159912, 1.6179420948028564, 1.6388897895812988];[-2.348020076751709, -2.3279950618743896, -21.092304229736328, -23.52423095703125, -26.342735290527344, -27.798147201538086];[1.6281895637512207, 0.8882501125335693, 0.4895036220550537, 0.26500067114830017, 0.21387092769145966];285.4902021884918
3600;[3.8026232719421387, 2.990158796310425, 12.742015838623047, 13.669054985046387, 14.433842658996582, 15.409360885620117];[0.2806147038936615, 0.16606679558753967, 1.513545274734497, 1.5746030807495117, 1.600762128829956, 1.6319164037704468];[-2.371760606765747, -2.4824228286743164, -23.612245559692383, -25.71593475341797, -26.37458610534668, -28.058284759521484];[1.6281895637512207, 0.8859710097312927, 0.486815482378006, 0.27175137400627136, 0.20938913524150848];282.9628653526306
3650;[3.6040537357330322, 2.5335025787353516, 3.6699042320251465, 5.038283348083496, 8.182575225830078, 9.105992317199707];[0.32905858755111694, 0.3003102242946625, 0.9390380382537842, 1.205379843711853, 1.4931645393371582, 1.4694135189056396];[-2.367253303527832, -2.653411865234375, -7.626865863800049, -11.461395263671875, -19.622085571289062, -20.962196350097656];[1.4857816696166992, 0.7592534422874451, 0.40585198998451233, 0.2631222605705261, 0.14965230226516724];308.1088719367981
3650;[3.9039385318756104, 2.826767683029175, 3.217491388320923, 4.651608467102051, 6.749996185302734, 7.960257053375244];[0.2819233536720276, 0.20952504873275757, 0.7261905670166016, 1.0439729690551758, 1.3151644468307495, 1.3322851657867432];[-2.3984806537628174, -3.0279600620269775, -5.565145492553711, -9.95970344543457, -16.407697677612305, -18.842544555664062];[1.4857816696166992, 0.7560933828353882, 0.39273563027381897, 0.25036680698394775, 0.15361849963665009];286.42408180236816
3700;[3.4668192863464355, 2.6954774856567383, 6.351849555969238, 8.609112739562988, 9.539301872253418, 10.418115615844727];[0.3151703178882599, 0.29135754704475403, 1.280841588973999, 1.453529715538025, 1.4882495403289795, 1.522493600845337];[-2.3159618377685547, -2.551023006439209, -14.445321083068848, -19.62897300720215, -21.717565536499023, -22.329208374023438];[1.4258722066879272, 0.8743543028831482, 0.4574892222881317, 0.23744618892669678, 0.15190215408802032];303.13210368156433
3700;[3.7315499782562256, 2.984464168548584, 6.469761371612549, 8.26010513305664, 8.933759689331055, 9.743385314941406];[0.27935782074928284, 0.18812531232833862, 1.206521987915039, 1.3573410511016846, 1.3920978307724, 1.4200398921966553];[-2.3402392864227295, -2.584137439727783, -14.16007137298584, -18.981220245361328, -20.718645095825195, -21.629905700683594];[1.4258722066879272, 0.8939228653907776, 0.4892074167728424, 0.2503400146961212, 0.1557287871837616];285.6540322303772
3750;[3.482247829437256, 2.8022055625915527, 5.262083053588867, 6.494256496429443, 8.312739372253418, 9.047517776489258];[0.3065694570541382, 0.35424932837486267, 1.1806647777557373, 1.3565735816955566, 1.4756478071212769, 1.531931757926941];[-2.284390687942505, -2.743232011795044, -10.9439115524292, -15.40260124206543, -19.142127990722656, -21.276601791381836];[1.5076102018356323, 0.8166475296020508, 0.4578544795513153, 0.24789711833000183, 0.1836329996585846];296.0846824645996
3750;[3.748415470123291, 3.0032505989074707, 4.645896911621094, 6.063392639160156, 7.7944488525390625, 8.745820999145508];[0.26876410841941833, 0.21156950294971466, 1.0073585510253906, 1.2511584758758545, 1.3685510158538818, 1.4546210765838623];[-2.310167074203491, -2.902905225753784, -9.035961151123047, -14.196551322937012, -18.14801788330078, -20.767913818359375];[1.5076102018356323, 0.86757493019104, 0.44531357288360596, 0.2394648641347885, 0.17792083323001862];287.6255040168762
3800;[3.600064516067505, 2.768167018890381, 13.937511444091797, 15.100942611694336, 16.45353126525879, 16.863277435302734];[0.33150729537010193, 0.32654598355293274, 1.5681265592575073, 1.6161150932312012, 1.6848372220993042, 1.6519792079925537];[-2.3568997383117676, -2.3777241706848145, -25.35252571105957, -27.89954948425293, -29.79277992248535, -28.896575927734375];[1.437378168106079, 0.9135908484458923, 0.5541649460792542, 0.2765064239501953, 0.1757035106420517];286.6393792629242
3800;[3.8907296657562256, 2.981410026550293, 15.860325813293457, 17.22269058227539, 18.255571365356445, 18.811988830566406];[0.2869584560394287, 0.20177030563354492, 1.552983283996582, 1.6144951581954956, 1.6702805757522583, 1.6348977088928223];[-2.3923285007476807, -2.435018301010132, -27.37969970703125, -29.722766876220703, -31.27151107788086, -30.45376205444336];[1.437378168106079, 0.9051612019538879, 0.568943440914154, 0.2696766257286072, 0.18194788694381714];286.9011332988739
3850;[3.443544387817383, 2.552125930786133, 5.350147724151611, 6.954334735870361, 8.900675773620605, 9.385101318359375];[0.31437307596206665, 0.38735756278038025, 1.1772432327270508, 1.3915448188781738, 1.4897687435150146, 1.516152262687683];[-2.3014731407165527, -3.081984043121338, -11.392562866210938, -16.991987228393555, -20.20252799987793, -21.748882293701172];[1.3927130699157715, 0.7943519353866577, 0.3893565535545349, 0.2239493876695633, 0.15485844016075134];288.905957698822
3850;[3.708805799484253, 2.770319938659668, 6.532270431518555, 9.345830917358398, 10.359410285949707, 11.596100807189941];[0.28504887223243713, 0.30810055136680603, 1.1863657236099243, 1.4381669759750366, 1.4705181121826172, 1.5124430656433105];[-2.312957525253296, -2.9226455688476562, -13.536663055419922, -21.128746032714844, -22.10696029663086, -24.668718338012695];[1.3927130699157715, 0.8017239570617676, 0.4148024916648865, 0.21712671220302582, 0.16562102735042572];287.27759313583374
3900;[3.4644718170166016, 3.101203203201294, 13.80901050567627, 14.703533172607422, 16.014408111572266, 15.854893684387207];[0.3123462498188019, 0.46670377254486084, 1.562158465385437, 1.5863611698150635, 1.612675666809082, 1.6180940866470337];[-2.3018577098846436, -2.731325387954712, -25.262277603149414, -26.559871673583984, -28.479597091674805, -28.967607498168945];[1.5412731170654297, 1.0254243612289429, 0.5725346207618713, 0.28307417035102844, 0.17231112718582153];295.53756833076477
3900;[3.733315944671631, 3.1584081649780273, 14.604643821716309, 14.855387687683105, 16.355344772338867, 16.281641006469727];[0.27100592851638794, 0.2580919563770294, 1.535433292388916, 1.532131552696228, 1.575476050376892, 1.579089879989624];[-2.343334913253784, -2.522878646850586, -26.258167266845703, -26.760047912597656, -28.819053649902344, -29.376651763916016];[1.5412731170654297, 1.015803575515747, 0.5312098264694214, 0.28013089299201965, 0.17170803248882294];284.5688941478729
3950;[3.58546781539917, 2.59116268157959, 12.274589538574219, 14.27425765991211, 14.272717475891113, 14.287285804748535];[0.32619619369506836, 0.24370121955871582, 1.5356721878051758, 1.5881528854370117, 1.6120191812515259, 1.5964375734329224];[-2.352548599243164, -2.2844533920288086, -25.078210830688477, -26.190832138061523, -27.432241439819336, -26.471622467041016];[1.4576197862625122, 0.9025000929832458, 0.5525027513504028, 0.29553836584091187, 0.17750312387943268];297.82294750213623
3950;[3.8799641132354736, 2.860962152481079, 10.602470397949219, 12.444717407226562, 12.412155151367188, 12.714744567871094];[0.2811836898326874, 0.15199021995067596, 1.445193886756897, 1.4780372381210327, 1.5176827907562256, 1.4771065711975098];[-2.3879809379577637, -2.2212414741516113, -22.708919525146484, -24.468385696411133, -25.754751205444336, -25.203765869140625];[1.4576197862625122, 0.9097843766212463, 0.5693567991256714, 0.30680596828460693, 0.17597422003746033];287.98550152778625
4000;[3.5525617599487305, 3.132389545440674, 4.067081451416016, 5.26448917388916, 7.9337358474731445, 9.094545364379883];[0.3097233474254608, 0.570297122001648, 0.9914182424545288, 1.2119299173355103, 1.4449421167373657, 1.5134437084197998];[-2.3277790546417236, -3.753084897994995, -8.120060920715332, -12.019227027893066, -18.697219848632812, -20.822689056396484];[1.4340693950653076, 0.7804315090179443, 0.4082639515399933, 0.23672643303871155, 0.17941388487815857];297.0167474746704
4000;[3.855945110321045, 3.396122455596924, 4.009072303771973, 5.036476135253906, 7.404951572418213, 8.531026840209961];[0.2650327682495117, 0.43342065811157227, 0.8761883974075317, 1.0922609567642212, 1.3356331586837769, 1.4103058576583862];[-2.363219976425171, -4.276465892791748, -7.312898635864258, -10.922550201416016, -17.472057342529297, -19.89426612854004];[1.4340693950653076, 0.7828189730644226, 0.4336249530315399, 0.23063993453979492, 0.1804208904504776];291.04526948928833
4050;[3.6324286460876465, 2.70424747467041, 9.469844818115234, 11.114164352416992, 11.863607406616211, 12.318116188049316];[0.32001346349716187, 0.265633225440979, 1.4401885271072388, 1.5520867109298706, 1.580513596534729, 1.5749984979629517];[-2.3622324466705322, -2.3364572525024414, -18.836877822875977, -22.68817138671875, -24.430715560913086, -24.88898277282715];[1.3979111909866333, 0.9182708263397217, 0.4560962915420532, 0.23860734701156616, 0.17128360271453857];285.4581723213196
4050;[3.9497878551483154, 3.0151822566986084, 10.273269653320312, 11.106454849243164, 11.433316230773926, 11.813647270202637];[0.26898321509361267, 0.17408742010593414, 1.3958216905593872, 1.4880571365356445, 1.5207853317260742, 1.509621262550354];[-2.407095432281494, -2.4547479152679443, -19.872276306152344, -22.42949676513672, -23.668804168701172, -24.102827072143555];[1.3979111909866333, 0.9244505167007446, 0.46034321188926697, 0.25130462646484375, 0.1754108965396881];287.67659521102905
4100;[3.5195577144622803, 2.8483803272247314, 7.0449604988098145, 7.356741428375244, 9.16158390045166, 9.762742042541504];[0.32403647899627686, 0.5029091835021973, 1.3596079349517822, 1.4219294786453247, 1.4863684177398682, 1.5313832759857178];[-2.3528828620910645, -3.6393492221832275, -15.981335639953613, -17.724802017211914, -21.260414123535156, -22.61635971069336];[1.4656541347503662, 0.7744498252868652, 0.41141000390052795, 0.24487480521202087, 0.1603977531194687];285.2274875640869
4100;[3.7937381267547607, 3.0660250186920166, 8.36586856842041, 8.55667781829834, 10.462057113647461, 10.857460975646973];[0.2773680090904236, 0.4180428981781006, 1.3528786897659302, 1.4089550971984863, 1.4625401496887207, 1.4985148906707764];[-2.3915657997131348, -3.40376615524292, -18.09505844116211, -19.58496856689453, -22.93067169189453, -23.95069122314453];[1.4656541347503662, 0.77727872133255, 0.4169688820838928, 0.2581392526626587, 0.16935555636882782];288.5758001804352
4150;[3.4983232021331787, 2.400550127029419, 4.552628993988037, 5.928999900817871, 6.375422477722168, 7.696866035461426];[0.31140559911727905, 0.2784136235713959, 1.112573266029358, 1.2876956462860107, 1.353908896446228, 1.446209192276001];[-2.2967817783355713, -2.559832811355591, -10.26235580444336, -14.047476768493652, -15.554069519042969, -18.390682220458984];[1.4008816480636597, 0.7936199903488159, 0.4074609875679016, 0.2177484929561615, 0.17090140283107758];294.36967420578003
4150;[3.774582624435425, 2.706353187561035, 3.858832359313965, 5.907423973083496, 6.578774452209473, 8.097772598266602];[0.2728494703769684, 0.22475053369998932, 0.8773864507675171, 1.1931402683258057, 1.2843703031539917, 1.3781964778900146];[-2.322913408279419, -2.667041301727295, -7.621035099029541, -13.755663871765137, -15.869287490844727, -19.111080169677734];[1.4008816480636597, 0.7960016131401062, 0.4197523891925812, 0.22994539141654968, 0.1645006388425827];291.5780715942383
4200;[3.615165948867798, 2.551196813583374, 6.396900653839111, 8.1904878616333, 9.795631408691406, 10.48768138885498];[0.325962096452713, 0.4423806369304657, 1.286845326423645, 1.4539402723312378, 1.5221843719482422, 1.5512398481369019];[-2.3615612983703613, -3.374760389328003, -14.871994972229004, -18.901145935058594, -22.549264907836914, -23.45751953125];[1.4416403770446777, 0.7766427993774414, 0.41333290934562683, 0.23989804089069366, 0.18182915449142456];283.7628929615021
4200;[3.92155122756958, 2.68446683883667, 5.9971442222595215, 8.856517791748047, 11.039648056030273, 11.804311752319336];[0.2764778435230255, 0.3484450876712799, 1.1604368686676025, 1.4048213958740234, 1.4980088472366333, 1.5138037204742432];[-2.4054925441741943, -2.929381847381592, -13.345705032348633, -19.77906608581543, -24.133773803710938, -25.039342880249023];[1.4416403770446777, 0.7683443427085876, 0.4132424294948578, 0.2374129444360733, 0.1656360775232315];286.62694931030273
4250;[3.504371166229248, 2.535139560699463, 5.867136001586914, 8.55119514465332, 9.636358261108398, 10.450847625732422];[0.3298569917678833, 0.2632836699485779, 1.2591793537139893, 1.4676172733306885, 1.5415937900543213, 1.5507923364639282];[-2.330456495285034, -2.423846960067749, -13.297292709350586, -19.446130752563477, -21.865503311157227, -23.209426879882812];[1.4138010740280151, 0.8532804846763611, 0.43387657403945923, 0.21542143821716309, 0.15947291254997253];285.31777477264404
4250;[3.752617597579956, 2.836423635482788, 7.9303178787231445, 10.499627113342285, 11.674097061157227, 12.488609313964844];[0.29473990201950073, 0.17022988200187683, 1.3224666118621826, 1.4610767364501953, 1.5310407876968384, 1.5301368236541748];[-2.33502197265625, -2.3948841094970703, -17.45232391357422, -22.45178985595703, -24.65135955810547, -25.710689544677734];[1.4138010740280151, 0.8598958253860474, 0.5043405890464783, 0.2325531244277954, 0.16293437778949738];285.64879179000854
4300;[3.504781484603882, 2.6473934650421143, 9.680071830749512, 11.237300872802734, 11.098423957824707, 11.369647026062012];[0.32207801938056946, 0.30431464314460754, 1.4628162384033203, 1.5417981147766113, 1.5251657962799072, 1.575329303741455];[-2.332275867462158, -2.5766544342041016, -20.730674743652344, -22.83238410949707, -22.951812744140625, -23.614246368408203];[1.4293386936187744, 0.8436914086341858, 0.4783283770084381, 0.24670827388763428, 0.163530632853508];296.63293981552124
4300;[3.7865755558013916, 2.8926262855529785, 9.563302993774414, 11.290852546691895, 11.228398323059082, 11.501447677612305];[0.2860933542251587, 0.1808987557888031, 1.384091854095459, 1.4642688035964966, 1.4511252641677856, 1.508758544921875];[-2.351731061935425, -2.3669447898864746, -20.2034854888916, -22.939311981201172, -23.148889541625977, -23.840309143066406];[1.4293386936187744, 0.86586993932724, 0.49612540006637573, 0.2607623338699341, 0.16546109318733215];294.2780530452728
4350;[3.569746494293213, 2.4334232807159424, 8.715487480163574, 10.48643970489502, 11.102933883666992, 12.399754524230957];[0.31925487518310547, 0.25421589612960815, 1.413782000541687, 1.5433075428009033, 1.5496433973312378, 1.5755062103271484];[-2.3597261905670166, -2.300152540206909, -17.80750274658203, -22.61522674560547, -23.331369400024414, -25.13864517211914];[1.4041314125061035, 0.8267033100128174, 0.5179674029350281, 0.2545185387134552, 0.18754348158836365];288.0525395870209
4350;[3.8680508136749268, 2.697659730911255, 6.31581449508667, 7.5510358810424805, 8.126873016357422, 9.241365432739258];[0.2734609544277191, 0.16444790363311768, 1.1675231456756592, 1.3553951978683472, 1.38235342502594, 1.4318114519119263];[-2.4004716873168945, -2.4566972255706787, -12.707210540771484, -17.31490707397461, -18.528968811035156, -20.828765869140625];[1.4041314125061035, 0.8451228737831116, 0.4517112374305725, 0.24365556240081787, 0.18612562119960785];291.04903769493103
4400;[3.4525392055511475, 2.740480899810791, 7.24901819229126, 8.333904266357422, 9.489462852478027, 10.037651062011719];[0.3177182376384735, 0.29490548372268677, 1.3524069786071777, 1.4301326274871826, 1.5447487831115723, 1.536273717880249];[-2.304236650466919, -2.52561092376709, -15.721091270446777, -18.58068084716797, -21.368663787841797, -22.568330764770508];[1.4521327018737793, 0.8567488193511963, 0.44825655221939087, 0.2651996612548828, 0.17924349009990692];285.7756063938141
4400;[3.7080302238464355, 3.0493087768554688, 10.537513732910156, 11.81088638305664, 12.935165405273438, 13.173482894897461];[0.2818466126918793, 0.19574475288391113, 1.429306983947754, 1.4816324710845947, 1.5812699794769287, 1.5576632022857666];[-2.3251590728759766, -2.779752492904663, -21.363780975341797, -23.46841812133789, -25.843257904052734, -26.246105194091797];[1.4521327018737793, 0.8700636029243469, 0.5095685720443726, 0.28019747138023376, 0.18742579221725464];291.91467022895813
4450;[3.5284180641174316, 2.714630603790283, 12.232786178588867, 12.982297897338867, 14.732526779174805, 15.668319702148438];[0.31731343269348145, 0.32210513949394226, 1.5410937070846558, 1.6003639698028564, 1.618589997291565, 1.6710777282714844];[-2.3430726528167725, -2.4651663303375244, -23.228679656982422, -25.178813934326172, -27.581615447998047, -28.74213218688965];[1.5305474996566772, 0.8718627095222473, 0.5197843313217163, 0.2870027720928192, 0.19475464522838593];284.24768328666687
4450;[3.813420295715332, 2.9227561950683594, 13.797755241394043, 15.529535293579102, 17.436513900756836, 18.423656463623047];[0.2757923901081085, 0.1892620176076889, 1.5284520387649536, 1.6242703199386597, 1.652610182762146, 1.6760210990905762];[-2.373852014541626, -2.5380825996398926, -25.146963119506836, -27.623964309692383, -29.811443328857422, -30.9833984375];[1.5305474996566772, 0.8650425672531128, 0.5187041759490967, 0.29875168204307556, 0.19032178819179535];289.4872329235077
4500;[3.500138282775879, 2.334052562713623, 4.411535739898682, 5.660330772399902, 7.433584690093994, 8.962932586669922];[0.31618010997772217, 0.2594301700592041, 1.0967981815338135, 1.2602689266204834, 1.4271882772445679, 1.4821162223815918];[-2.331855058670044, -2.442172050476074, -9.933660507202148, -13.743635177612305, -17.892580032348633, -21.53297233581543];[1.4830230474472046, 0.8000702857971191, 0.42542752623558044, 0.21948371827602386, 0.162226140499115];292.61529660224915
4500;[3.786454200744629, 2.620628833770752, 3.8804309368133545, 5.068018436431885, 6.175391674041748, 7.151400566101074];[0.28175580501556396, 0.202680304646492, 0.8960269689559937, 1.106313705444336, 1.2470462322235107, 1.3268693685531616];[-2.3436150550842285, -2.5099689960479736, -7.822332859039307, -11.91467571258545, -14.91254711151123, -18.047622680664062];[1.4830230474472046, 0.7994902729988098, 0.44100984930992126, 0.21986240148544312, 0.14607349038124084];293.99584698677063
4550;[3.5541250705718994, 2.361912488937378, 3.6623945236206055, 4.573348522186279, 6.841444492340088, 7.54952335357666];[0.3079734742641449, 0.26950696110725403, 0.9148615002632141, 1.107158899307251, 1.3708912134170532, 1.4400068521499634];[-2.3404881954193115, -2.5832715034484863, -7.749452590942383, -10.944902420043945, -16.681102752685547, -19.603116989135742];[1.4108039140701294, 0.775696873664856, 0.33775216341018677, 0.2396359145641327, 0.15670031309127808];297.74082827568054
4550;[3.8684611320495605, 2.6425158977508545, 3.7851340770721436, 4.387850284576416, 6.200667858123779, 7.141252517700195];[0.2613717317581177, 0.21471451222896576, 0.8307334184646606, 0.973733127117157, 1.21677827835083, 1.342289924621582];[-2.381274461746216, -2.8470990657806396, -7.246520042419434, -9.752573013305664, -15.085853576660156, -18.66876983642578];[1.4108039140701294, 0.7755724191665649, 0.35735830664634705, 0.2379600554704666, 0.15452931821346283];285.557941198349
4600;[3.388485908508301, 2.8381426334381104, 17.615005493164062, 20.165943145751953, 20.847503662109375, 21.510910034179688];[0.31729334592819214, 0.3568311929702759, 1.5959523916244507, 1.6644428968429565, 1.6901140213012695, 1.6917316913604736];[-2.312394618988037, -2.4601058959960938, -29.4224796295166, -31.687868118286133, -32.06949234008789, -31.854248046875];[1.4707304239273071, 0.9258436560630798, 0.6019186973571777, 0.29699838161468506, 0.2032393515110016];288.6307489871979
4600;[3.6317100524902344, 3.0083131790161133, 18.3604793548584, 21.228429794311523, 21.142475128173828, 21.571367263793945];[0.28495585918426514, 0.20581229031085968, 1.5929198265075684, 1.67302405834198, 1.6821839809417725, 1.681166172027588];[-2.3233842849731445, -2.4588418006896973, -30.06925392150879, -32.41551208496094, -32.295875549316406, -31.952945709228516];[1.4707304239273071, 0.9176827073097229, 0.5754965543746948, 0.2794576585292816, 0.210236057639122];286.21445178985596
4650;[3.4914193153381348, 2.376387357711792, 9.136670112609863, 10.104227066040039, 10.591172218322754, 11.689933776855469];[0.3150293827056885, 0.2319556176662445, 1.4580320119857788, 1.5332868099212646, 1.564817190170288, 1.5822343826293945];[-2.3236377239227295, -2.2977349758148193, -19.239839553833008, -21.284698486328125, -21.925735473632812, -23.684091567993164];[1.4355543851852417, 0.8181875348091125, 0.42709898948669434, 0.2491569072008133, 0.21020370721817017];287.70642280578613
4650;[3.7661333084106445, 2.6723599433898926, 10.901762008666992, 11.757144927978516, 13.806888580322266, 14.27094554901123];[0.276370644569397, 0.16413098573684692, 1.4577754735946655, 1.514918565750122, 1.5595329999923706, 1.558353304862976];[-2.3409042358398438, -2.443727970123291, -21.7453556060791, -23.528690338134766, -26.052532196044922, -26.596715927124023];[1.4355543851852417, 0.8207559585571289, 0.43488243222236633, 0.253131628036499, 0.19515062868595123];286.24318194389343
4700;[3.5076494216918945, 2.4841835498809814, 4.06286096572876, 5.5372843742370605, 7.690767288208008, 8.98855209350586];[0.32202816009521484, 0.2719475030899048, 0.9746192693710327, 1.256917953491211, 1.4175519943237305, 1.5198452472686768];[-2.3289403915405273, -2.4708268642425537, -8.293045043945312, -12.460328102111816, -18.223711013793945, -20.73427963256836];[1.4566947221755981, 0.8052017092704773, 0.44851621985435486, 0.23252041637897491, 0.1634596586227417];287.23132729530334
4700;[3.7828967571258545, 2.7435476779937744, 3.736278533935547, 4.789882659912109, 6.648521423339844, 7.671788215637207];[0.28003156185150146, 0.18191936612129211, 0.7974044680595398, 1.0496281385421753, 1.2645087242126465, 1.3703439235687256];[-2.364377737045288, -2.6673009395599365, -6.633556842803955, -10.207893371582031, -15.859537124633789, -18.39665412902832];[1.4566947221755981, 0.8206579089164734, 0.4265808165073395, 0.2223006635904312, 0.15676331520080566];288.09717559814453
4750;[3.493110179901123, 2.420917272567749, 5.2225518226623535, 7.039286136627197, 8.74940299987793, 9.895330429077148];[0.32312458753585815, 0.2464684545993805, 1.1991461515426636, 1.3743406534194946, 1.493523120880127, 1.568800687789917];[-2.340907335281372, -2.3003602027893066, -11.689611434936523, -16.051786422729492, -20.81717300415039, -23.16486930847168];[1.4229375123977661, 0.8186267614364624, 0.4239298701286316, 0.23416738212108612, 0.16580720245838165];284.3744511604309
4750;[3.760512113571167, 2.684788227081299, 4.54761266708374, 7.9413604736328125, 8.971834182739258, 10.751055717468262];[0.28784966468811035, 0.1647849828004837, 1.0246063470840454, 1.3452943563461304, 1.4411863088607788, 1.535613775253296];[-2.343585968017578, -2.423809289932251, -9.412117958068848, -17.797700881958008, -20.829500198364258, -24.285865783691406];[1.4229375123977661, 0.8190745115280151, 0.4263298809528351, 0.23720048367977142, 0.1654977798461914];290.381644487381
4800;[3.675821542739868, 3.254502534866333, 14.784505844116211, 17.955005645751953, 18.49167823791504, 19.390953063964844];[0.32509845495224, 0.6249195337295532, 1.53109872341156, 1.591911792755127, 1.5888850688934326, 1.631883144378662];[-2.386042594909668, -3.340198040008545, -26.052953720092773, -29.480865478515625, -30.152502059936523, -31.071470260620117];[1.4324054718017578, 0.9960651397705078, 0.6231512427330017, 0.3521645963191986, 0.18928490579128265];285.46573853492737
4800;[4.009711742401123, 3.116257667541504, 12.190546035766602, 14.865398406982422, 15.035472869873047, 14.787908554077148];[0.2729131281375885, 0.31567904353141785, 1.4279431104660034, 1.5206007957458496, 1.5312237739562988, 1.5514599084854126];[-2.436307191848755, -2.680522918701172, -23.415584564208984, -26.992284774780273, -27.47509002685547, -27.594619750976562];[1.4324054718017578, 0.9827299118041992, 0.6148448586463928, 0.31043797731399536, 0.18768100440502167];284.5125079154968
4850;[3.557636260986328, 3.459125518798828, 22.806659698486328, 24.65206527709961, 25.145984649658203, 27.000560760498047];[0.3118250072002411, 0.7380924820899963, 1.6222562789916992, 1.702088475227356, 1.7223775386810303, 1.7298402786254883];[-2.3486292362213135, -3.9434263706207275, -31.45269203186035, -34.631221771240234, -34.88304901123047, -35.197898864746094];[1.401949405670166, 0.981858491897583, 0.7046748995780945, 0.36295393109321594, 0.24073264002799988];285.0453677177429
4850;[3.865370988845825, 3.20050048828125, 21.009502410888672, 22.705425262451172, 23.714073181152344, 25.526945114135742];[0.2654394209384918, 0.3720925450325012, 1.603219747543335, 1.6626701354980469, 1.6909499168395996, 1.698900580406189];[-2.384904623031616, -2.830155849456787, -30.603748321533203, -33.708797454833984, -34.229488372802734, -34.566383361816406];[1.401949405670166, 0.9814649224281311, 0.5564852356910706, 0.3202209174633026, 0.22260451316833496];285.27554082870483
4900;[3.564361333847046, 3.002042531967163, 8.271567344665527, 10.167265892028809, 12.494582176208496, 13.976038932800293];[0.3264492452144623, 0.5229658484458923, 1.4296175241470337, 1.5489392280578613, 1.60181725025177, 1.602562427520752];[-2.3481202125549316, -3.2814643383026123, -17.228708267211914, -20.966218948364258, -25.058696746826172, -25.866714477539062];[1.4528001546859741, 0.8253124952316284, 0.47466063499450684, 0.2781485915184021, 0.2009691596031189];290.09818410873413
4900;[3.849071979522705, 3.1115195751190186, 9.776427268981934, 11.922548294067383, 14.536587715148926, 16.21344757080078];[0.2822108268737793, 0.32799825072288513, 1.437311053276062, 1.5505802631378174, 1.5935988426208496, 1.5998705625534058];[-2.3816041946411133, -3.2949326038360596, -19.93636131286621, -23.547517776489258, -27.31525230407715, -27.96755599975586];[1.4528001546859741, 0.810655951499939, 0.4797133803367615, 0.2780569791793823, 0.20096111297607422];291.160311460495
4950;[3.669503927230835, 3.7926645278930664, 22.494802474975586, 25.34385871887207, 25.32659149169922, 25.06727409362793];[0.33433979749679565, 0.760838508605957, 1.590592384338379, 1.6844171285629272, 1.7092938423156738, 1.7191407680511475];[-2.3873438835144043, -4.074949264526367, -31.473257064819336, -33.62605285644531, -34.66023254394531, -34.97103500366211];[1.477205514907837, 1.0302263498306274, 0.6983098983764648, 0.3157254755496979, 0.20372240245342255];283.1541004180908
4950;[3.986457586288452, 3.5994582176208496, 23.102733612060547, 26.175928115844727, 26.257511138916016, 25.96523094177246];[0.28340497612953186, 0.41345909237861633, 1.569136381149292, 1.6643997430801392, 1.6903765201568604, 1.701542854309082];[-2.4314661026000977, -3.150165557861328, -32.014122009277344, -34.168975830078125, -35.20509338378906, -35.4920654296875];[1.477205514907837, 1.0033090114593506, 0.6753562092781067, 0.3108736276626587, 0.20121951401233673];286.39751386642456
5000;[3.515542984008789, 3.7250869274139404, 15.220064163208008, 16.968643188476562, 16.890060424804688, 17.270179748535156];[0.31484517455101013, 0.864966630935669, 1.5659979581832886, 1.6416808366775513, 1.6489545106887817, 1.6598926782608032];[-2.318916082382202, -4.846346378326416, -26.427967071533203, -29.36846923828125, -29.576885223388672, -29.542518615722656];[1.4226378202438354, 0.9866955280303955, 0.5666732788085938, 0.30074578523635864, 0.20328357815742493];287.8381447792053
5000;[3.8120102882385254, 3.4861807823181152, 16.0700740814209, 17.950937271118164, 18.179275512695312, 18.506582260131836];[0.276386022567749, 0.5170002579689026, 1.5393887758255005, 1.6186212301254272, 1.6363178491592407, 1.6460082530975342];[-2.3439841270446777, -3.5841968059539795, -27.511503219604492, -30.326316833496094, -30.695796966552734, -30.569120407104492];[1.4226378202438354, 0.9794028401374817, 0.5395293235778809, 0.27592501044273376, 0.1989632248878479];286.9415545463562
