Seed;RMSE History;MMD History;Log-Likelihood History;Max EIG History;Deployment Time
50;[3.4535317420959473, 2.5378756523132324, 2.463890314102173, 2.2272729873657227, 2.347634792327881, 2.2756054401397705];[0.44550904631614685, 0.29063981771469116, 0.3309139609336853, 0.28414085507392883, 0.28919288516044617, 0.28856566548347473];[-2.1841557025909424, -1.8399521112442017, -1.9567734003067017, -1.7917320728302002, -1.8685306310653687, -1.9054826498031616];[2.239530324935913, 1.173904538154602, 0.7112820744514465, 0.6605060696601868, 0.5705720782279968];411.73956990242004
100;[3.597290515899658, 2.9586808681488037, 2.907726526260376, 2.648071765899658, 2.512894630432129, 2.510018825531006];[0.4178268313407898, 0.37613749504089355, 0.3712436556816101, 0.3198343515396118, 0.2994603216648102, 0.2861481010913849];[-2.225539207458496, -2.0591795444488525, -2.0430490970611572, -1.9349638223648071, -1.8505924940109253, -1.8448623418807983];[1.882926344871521, 1.56642484664917, 1.6866075992584229, 1.0247712135314941, 1.1944693326950073];399.12096071243286
150;[3.4319088459014893, 4.499927043914795, 4.420337677001953, 4.160483360290527, 3.9016757011413574, 4.048315048217773];[0.43440350890159607, 0.8877102136611938, 0.9345722794532776, 0.9503883123397827, 0.9275785088539124, 0.9678822755813599];[-2.1458182334899902, -5.3687286376953125, -6.317631244659424, -6.395323753356934, -5.985789775848389, -6.601681232452393];[2.1786041259765625, 0.8957422971725464, 0.7142771482467651, 0.6573843955993652, 0.6909574270248413];406.3409607410431
200;[3.4882147312164307, 3.874570608139038, 3.6108579635620117, 3.511362075805664, 3.5850915908813477, 3.355853319168091];[0.43370386958122253, 0.821998119354248, 0.8388679027557373, 0.8498205542564392, 0.8791055679321289, 0.8435078263282776];[-2.181112289428711, -4.4461822509765625, -4.771457195281982, -4.683812618255615, -5.029067039489746, -4.72274112701416];[2.1115198135375977, 1.004187822341919, 0.9850410223007202, 0.751830518245697, 0.7224774956703186];395.3284842967987
250;[3.4891486167907715, 2.4106645584106445, 2.2629215717315674, 2.2957472801208496, 2.3151743412017822, 2.1604819297790527];[0.43905624747276306, 0.28475627303123474, 0.2822364866733551, 0.2854844629764557, 0.2985577881336212, 0.2613966763019562];[-2.1856272220611572, -1.800872802734375, -1.79086434841156, -1.8844594955444336, -1.934267282485962, -1.859544277191162];[2.0582685470581055, 1.4307684898376465, 0.7418302893638611, 0.7097547054290771, 0.6614895462989807];393.5787672996521
300;[3.4684314727783203, 3.0484540462493896, 2.8889248371124268, 2.9122087955474854, 2.9972500801086426, 2.9384658336639404];[0.433230459690094, 0.6720697283744812, 0.662757396697998, 0.7037930488586426, 0.7206873297691345, 0.7390599846839905];[-2.175381660461426, -3.1759836673736572, -3.284775733947754, -3.5706963539123535, -3.691803455352783, -3.870374917984009];[1.7283567190170288, 0.8105946779251099, 0.7010906934738159, 0.6897388100624084, 0.5498788356781006];395.72139978408813
350;[3.426074743270874, 4.792895793914795, 4.77359676361084, 4.679316520690918, 4.934799671173096, 4.947675704956055];[0.4136400818824768, 0.8684903979301453, 1.007512092590332, 1.0317051410675049, 1.0434244871139526, 1.1179473400115967];[-2.1508469581604004, -5.264665126800537, -7.25731897354126, -7.612564563751221, -8.194249153137207, -9.382722854614258];[1.8754745721817017, 0.9242938756942749, 0.7537280321121216, 0.8149345517158508, 0.5169892311096191];428.4725477695465
400;[3.480447769165039, 2.650993585586548, 2.5516414642333984, 2.405353307723999, 2.408679723739624, 2.1881227493286133];[0.4406643807888031, 0.3153436779975891, 0.34392455220222473, 0.302560418844223, 0.2951839566230774, 0.280409038066864];[-2.1900761127471924, -1.8843936920166016, -1.9878654479980469, -1.9061585664749146, -1.8937269449234009, -1.8185551166534424];[1.8667047023773193, 1.215681791305542, 0.9103780388832092, 0.9289686679840088, 0.7756356000900269];409.95705127716064
450;[3.629896402359009, 2.504194974899292, 2.374324321746826, 2.4708781242370605, 2.3724334239959717, 2.321990728378296];[0.42785149812698364, 0.3392144739627838, 0.35559460520744324, 0.445744127035141, 0.5161177515983582, 0.5226026773452759];[-2.2236576080322266, -1.9094539880752563, -2.0310561656951904, -2.3734004497528076, -2.607879400253296, -2.7178759574890137];[1.6526668071746826, 1.200244665145874, 0.4689352512359619, 0.7398617267608643, 0.491508424282074];394.3975350856781
500;[3.3648812770843506, 2.536044120788574, 2.4351301193237305, 2.4525339603424072, 2.3042733669281006, 2.2886016368865967];[0.44050097465515137, 0.3066006302833557, 0.3766966760158539, 0.39613237977027893, 0.39526137709617615, 0.39501768350601196];[-2.117938995361328, -1.8925690650939941, -2.088122606277466, -2.1913363933563232, -2.217054605484009, -2.2498223781585693];[2.1344246864318848, 0.8914793729782104, 0.9161370992660522, 0.5555818676948547, 0.5063443779945374];388.9268522262573
550;[3.362457513809204, 2.6689975261688232, 2.648442268371582, 2.535080671310425, 2.559454917907715, 2.554234027862549];[0.4273624122142792, 0.3269146680831909, 0.32586437463760376, 0.26999351382255554, 0.2927647829055786, 0.3594222366809845];[-2.1138741970062256, -1.8965792655944824, -1.90879487991333, -1.7357772588729858, -1.8092567920684814, -1.9439380168914795];[1.7911864519119263, 1.4470707178115845, 1.089039921760559, 1.2075899839401245, 0.960490882396698];380.898686170578
600;[3.4779739379882812, 3.4945068359375, 3.2213757038116455, 3.351459503173828, 3.365683078765869, 3.3420250415802];[0.42433440685272217, 0.7260273694992065, 0.8157681226730347, 0.9224250316619873, 0.9334734678268433, 0.929460883140564];[-2.1737163066864014, -3.77964186668396, -4.476510524749756, -5.460824489593506, -5.592139720916748, -5.8151326179504395];[2.3994698524475098, 0.8121365308761597, 0.7852371335029602, 0.5165177583694458, 0.6183676719665527];379.5703475475311
650;[3.5407519340515137, 2.563638210296631, 2.336027145385742, 2.2425899505615234, 2.3065683841705322, 2.269409656524658];[0.43656808137893677, 0.2997165322303772, 0.260856032371521, 0.2472291886806488, 0.25983312726020813, 0.26800352334976196];[-2.2121787071228027, -1.8322036266326904, -1.7248375415802002, -1.6945884227752686, -1.7574315071105957, -1.8065420389175415];[1.905109167098999, 1.641685962677002, 1.4675816297531128, 0.9213778972625732, 0.8791025876998901];397.63700675964355
700;[3.4655158519744873, 3.109598398208618, 3.082388401031494, 3.079519033432007, 2.8173296451568604, 2.769912004470825];[0.4309043884277344, 0.6915251612663269, 0.751732349395752, 0.768323540687561, 0.6936269402503967, 0.7095609307289124];[-2.1853156089782715, -3.3549091815948486, -3.9366559982299805, -4.028383731842041, -3.572481155395508, -3.565826177597046];[1.8218398094177246, 0.9652324914932251, 0.609495222568512, 0.6268426179885864, 0.6899237632751465];393.4360339641571
750;[3.474484443664551, 4.119029521942139, 3.91424560546875, 3.758913516998291, 3.7883594036102295, 3.662795066833496];[0.4471079111099243, 0.8580158352851868, 0.9217731952667236, 0.9188864827156067, 0.9495186805725098, 0.9388630390167236];[-2.1904795169830322, -5.0523881912231445, -5.530932426452637, -5.682448387145996, -6.001946926116943, -5.960048675537109];[2.4176478385925293, 0.8213911056518555, 0.8618743419647217, 0.7857970595359802, 0.6930623650550842];408.16359877586365
800;[3.5488901138305664, 4.349356651306152, 4.291496276855469, 4.300649642944336, 4.122170448303223, 4.27502965927124];[0.4226207137107849, 0.9061052203178406, 0.9701343178749084, 0.9561596512794495, 1.015331745147705, 1.0595868825912476];[-2.211388349533081, -5.213057041168213, -6.483158588409424, -6.421279430389404, -7.202414512634277, -7.73727560043335];[1.7652254104614258, 0.945816695690155, 0.785872757434845, 0.810778021812439, 1.1325445175170898];416.36381697654724
850;[3.3409130573272705, 4.450434684753418, 4.473671913146973, 4.554135322570801, 4.544020652770996, 4.487154483795166];[0.43717724084854126, 0.8986369371414185, 0.9847829341888428, 1.0507545471191406, 1.1060975790023804, 1.0706329345703125];[-2.1206741333007812, -5.228108882904053, -6.6205854415893555, -7.909628868103027, -9.141831398010254, -8.84859561920166];[1.6513055562973022, 0.8927099704742432, 0.6328186988830566, 0.5122233033180237, 0.5277008414268494];394.99434304237366
900;[3.5120975971221924, 3.176694393157959, 2.9343907833099365, 2.9434492588043213, 2.6130316257476807, 2.6666791439056396];[0.43827444314956665, 0.7541171312332153, 0.7040515542030334, 0.6824160814285278, 0.6688069105148315, 0.6655534505844116];[-2.1942410469055176, -3.646350622177124, -3.4481496810913086, -3.4151358604431152, -3.3056881427764893, -3.4205596446990967];[1.9815516471862793, 0.855198860168457, 0.8659809231758118, 0.5818191766738892, 0.4634515941143036];392.8481709957123
950;[3.4888288974761963, 2.5775835514068604, 2.683171272277832, 2.622771978378296, 2.593801259994507, 2.3549108505249023];[0.4305139482021332, 0.31522083282470703, 0.3604155480861664, 0.34586119651794434, 0.3209441006183624, 0.30433201789855957];[-2.1909918785095215, -1.8815813064575195, -2.0205159187316895, -1.9919975996017456, -1.964863657951355, -1.8873294591903687];[2.067765951156616, 1.4101377725601196, 0.9701274633407593, 0.8609386682510376, 1.0338473320007324];408.93764209747314
1000;[3.4790709018707275, 2.7066547870635986, 2.4987518787384033, 2.3316071033477783, 2.2594034671783447, 2.495450735092163];[0.4421994388103485, 0.2942085862159729, 0.3092292249202728, 0.2875998616218567, 0.26895689964294434, 0.3029633164405823];[-2.195986032485962, -1.89113187789917, -1.8838127851486206, -1.8156936168670654, -1.766005039215088, -1.9862158298492432];[2.1019175052642822, 1.1154290437698364, 1.056003212928772, 0.635388195514679, 0.7466084957122803];377.8541359901428
1050;[3.4341771602630615, 2.740269422531128, 2.999203681945801, 2.7804267406463623, 2.7302863597869873, 2.8502378463745117];[0.4304201006889343, 0.36721271276474, 0.4310638904571533, 0.42578983306884766, 0.46243971586227417, 0.4594062864780426];[-2.155642032623291, -2.0336878299713135, -2.3071916103363037, -2.2266833782196045, -2.2827980518341064, -2.316967487335205];[1.9603177309036255, 1.5401561260223389, 1.5315618515014648, 1.5855824947357178, 0.9654666185379028];397.97743010520935
1100;[3.5694146156311035, 3.637528657913208, 3.6157782077789307, 3.5990052223205566, 3.587792158126831, 3.4376649856567383];[0.4306790828704834, 0.8297529816627502, 0.8855907917022705, 0.8836045861244202, 0.9042273759841919, 0.8916626572608948];[-2.2354342937469482, -4.412357330322266, -4.951781749725342, -5.090052604675293, -5.330814361572266, -5.104496479034424];[2.0109710693359375, 1.0420448780059814, 0.794348955154419, 0.7736672759056091, 0.6289239525794983];396.28167152404785
1150;[3.4858319759368896, 2.678666353225708, 2.4671425819396973, 2.4315497875213623, 2.458411455154419, 2.5541234016418457];[0.43737438321113586, 0.35647135972976685, 0.30058541893959045, 0.30516964197158813, 0.39455288648605347, 0.47635743021965027];[-2.1709494590759277, -2.0001142024993896, -1.8692790269851685, -1.848205327987671, -2.063246250152588, -2.416149854660034];[2.138690233230591, 1.4386540651321411, 1.1884037256240845, 1.0443341732025146, 0.86700040102005];401.7069716453552
1200;[3.437978982925415, 3.7398011684417725, 3.7088558673858643, 3.4780044555664062, 3.3323209285736084, 3.3141655921936035];[0.4222293496131897, 0.8367377519607544, 0.854584276676178, 0.8950446844100952, 0.9126309156417847, 0.9018683433532715];[-2.1453921794891357, -4.585116863250732, -4.917322635650635, -5.264085292816162, -5.504984378814697, -5.622539520263672];[1.9029061794281006, 0.8025972843170166, 0.8243566155433655, 0.6881749033927917, 0.4101775884628296];401.23708176612854
1250;[3.4220948219299316, 2.7520923614501953, 2.5786499977111816, 2.4943058490753174, 2.591938018798828, 2.2484703063964844];[0.4305312931537628, 0.32448384165763855, 0.2852257788181305, 0.289124995470047, 0.31684401631355286, 0.27293696999549866];[-2.1536736488342285, -1.9529651403427124, -1.8894797563552856, -1.8686670064926147, -2.063511848449707, -1.8260881900787354];[2.0503711700439453, 1.1528855562210083, 1.0494104623794556, 0.8937129378318787, 0.9384995698928833];406.99658727645874
1300;[3.4729998111724854, 2.5376176834106445, 2.420057535171509, 2.5561835765838623, 2.1300339698791504, 2.0751984119415283];[0.4191039800643921, 0.2754899263381958, 0.285352498292923, 0.2973555028438568, 0.24947954714298248, 0.22677849233150482];[-2.148639678955078, -1.7875046730041504, -1.8220032453536987, -1.9203441143035889, -1.7025704383850098, -1.624630093574524];[2.3675012588500977, 1.0590651035308838, 0.8121427297592163, 0.6529691815376282, 0.6852928400039673];399.6950476169586
1350;[3.4616544246673584, 2.4957268238067627, 2.7110564708709717, 2.6098451614379883, 2.4085285663604736, 2.5320379734039307];[0.43835362792015076, 0.2857477068901062, 0.3193357586860657, 0.32020172476768494, 0.29333630204200745, 0.32468879222869873];[-2.1895406246185303, -1.7727984189987183, -1.967293381690979, -1.9756853580474854, -1.8888009786605835, -2.0564370155334473];[2.0124943256378174, 1.2314726114273071, 1.1997054815292358, 1.1307508945465088, 0.8641955256462097];400.7386953830719
1400;[3.5098540782928467, 2.7704014778137207, 2.737748146057129, 2.6864418983459473, 2.7008516788482666, 2.6598713397979736];[0.44667667150497437, 0.35314998030662537, 0.39695534110069275, 0.3968515992164612, 0.3717890977859497, 0.3505692780017853];[-2.196889638900757, -1.9981006383895874, -2.0745811462402344, -2.0755271911621094, -2.0430405139923096, -2.011786460876465];[1.8583929538726807, 2.1459579467773438, 1.1739124059677124, 1.038407564163208, 0.9592905640602112];432.3023633956909
1450;[3.398092031478882, 2.5375585556030273, 2.71203351020813, 2.3536956310272217, 2.305738925933838, 2.173872232437134];[0.4274410307407379, 0.29759231209754944, 0.31695905327796936, 0.2932729125022888, 0.28390851616859436, 0.279355525970459];[-2.136824607849121, -1.8228381872177124, -1.9443665742874146, -1.8295787572860718, -1.8607707023620605, -1.783949613571167];[2.1872189044952393, 1.6109153032302856, 1.3767176866531372, 0.9572926163673401, 0.6819170713424683];398.71711778640747
1500;[3.3999791145324707, 5.093285083770752, 5.52300500869751, 5.315463542938232, 5.41228723526001, 5.177791595458984];[0.42848700284957886, 0.9440131187438965, 1.0286930799484253, 1.0810884237289429, 1.0862079858779907, 1.0676265954971313];[-2.1453912258148193, -6.155142307281494, -8.530596733093262, -9.153104782104492, -9.758880615234375, -9.359184265136719];[1.7884621620178223, 1.1685415506362915, 0.7993083000183105, 0.5202168822288513, 0.5478906631469727];390.6104426383972
1550;[3.435685157775879, 2.7207932472229004, 2.393422842025757, 2.4909231662750244, 2.3550846576690674, 2.359860420227051];[0.42411941289901733, 0.3208897113800049, 0.2684856951236725, 0.2878836691379547, 0.2758394181728363, 0.28285834193229675];[-2.1512887477874756, -1.8885530233383179, -1.7620553970336914, -1.8578003644943237, -1.8020498752593994, -1.8687238693237305];[2.0693423748016357, 1.3533604145050049, 0.8286779522895813, 0.7331666946411133, 0.8965059518814087];390.87289023399353
1600;[3.5344862937927246, 2.538892984390259, 2.3236374855041504, 2.2844879627227783, 2.351505994796753, 2.041407585144043];[0.437140554189682, 0.29705438017845154, 0.3019072711467743, 0.285408079624176, 0.3032819628715515, 0.25435835123062134];[-2.198368787765503, -1.8313119411468506, -1.8704466819763184, -1.8389863967895508, -1.941562294960022, -1.7304073572158813];[1.7383140325546265, 1.4620493650436401, 0.7644405961036682, 0.6643752455711365, 0.723558247089386];395.0821969509125
1650;[3.3729896545410156, 2.6339657306671143, 2.551053762435913, 2.224801540374756, 2.301633834838867, 2.286905288696289];[0.4261898100376129, 0.293739378452301, 0.3103344738483429, 0.2740369141101837, 0.304840624332428, 0.3212689161300659];[-2.128889560699463, -1.872820258140564, -1.929504632949829, -1.8090492486953735, -1.8857531547546387, -1.927801489830017];[1.549014687538147, 1.2872916460037231, 1.039088249206543, 0.6836550235748291, 0.6990579962730408];415.84206199645996
1700;[3.3907694816589355, 3.5382723808288574, 3.761305332183838, 3.622422456741333, 3.7657673358917236, 3.7695486545562744];[0.41682669520378113, 0.8214178085327148, 0.9163285493850708, 0.9660497307777405, 0.9755170345306396, 0.9954771399497986];[-2.115798234939575, -4.273795127868652, -5.741237640380859, -6.083268642425537, -6.681082725524902, -6.8669819831848145];[1.6701213121414185, 0.7698643207550049, 0.6090959310531616, 0.7455430626869202, 0.5451697111129761];412.21424865722656
1750;[3.4865918159484863, 4.539341926574707, 4.996685981750488, 4.829237461090088, 4.8620686531066895, 4.647376537322998];[0.43417859077453613, 0.8689748048782349, 1.0229945182800293, 0.9696006178855896, 1.0500518083572388, 1.0293811559677124];[-2.1764469146728516, -5.173766613006592, -7.560812473297119, -7.231508255004883, -8.049644470214844, -7.913078784942627];[2.0539963245391846, 1.1920946836471558, 0.9201317429542542, 0.6915785074234009, 0.560070812702179];399.43856954574585
1800;[3.542616844177246, 2.6015310287475586, 2.371259927749634, 2.6221530437469482, 2.379394292831421, 2.421556234359741];[0.43504461646080017, 0.3119865357875824, 0.3199281096458435, 0.3481940031051636, 0.29901212453842163, 0.28303074836730957];[-2.2129921913146973, -1.8989287614822388, -1.8871091604232788, -2.0743558406829834, -1.9108351469039917, -1.8820343017578125];[2.0956878662109375, 1.2575585842132568, 0.9510869979858398, 0.7510924339294434, 0.8899424076080322];391.0376515388489
1850;[3.523024320602417, 2.821288824081421, 2.8171470165252686, 2.9260356426239014, 2.835810899734497, 2.7328200340270996];[0.43340134620666504, 0.6279866695404053, 0.6349941492080688, 0.7053206562995911, 0.680171012878418, 0.7100169658660889];[-2.2051966190338135, -2.909135341644287, -3.1361162662506104, -3.5330708026885986, -3.4942703247070312, -3.6301140785217285];[1.713031530380249, 0.905433714389801, 0.661821722984314, 0.6767813563346863, 0.4524235427379608];393.78453540802
1900;[3.5153372287750244, 2.830247163772583, 2.5830202102661133, 2.5078890323638916, 2.498403310775757, 2.5022356510162354];[0.4438469111919403, 0.34642302989959717, 0.37657326459884644, 0.34969478845596313, 0.3320482075214386, 0.31521299481391907];[-2.202637195587158, -2.0000994205474854, -2.022341728210449, -1.9923923015594482, -1.9851208925247192, -1.9214158058166504];[2.506030797958374, 1.6190495491027832, 1.0906678438186646, 0.9496889114379883, 1.0194998979568481];403.39653611183167
1950;[3.449302911758423, 4.199248790740967, 4.073611736297607, 4.111310958862305, 4.004948616027832, 3.9616880416870117];[0.4420658349990845, 0.8636438250541687, 0.9109973311424255, 0.9727590084075928, 0.9817214608192444, 1.0064994096755981];[-2.188352108001709, -4.976748943328857, -5.71441650390625, -6.5742058753967285, -6.583446502685547, -6.8220295906066895];[2.066718578338623, 1.0918365716934204, 1.0591403245925903, 0.6490980386734009, 0.6403680443763733];400.9682457447052
2000;[3.5128579139709473, 2.6728429794311523, 2.386464834213257, 2.4848835468292236, 2.4436769485473633, 2.5630524158477783];[0.43277543783187866, 0.30731600522994995, 0.29500624537467957, 0.3104134202003479, 0.32094502449035645, 0.3389309346675873];[-2.1851656436920166, -1.888210654258728, -1.8633309602737427, -2.0315113067626953, -2.065688133239746, -2.242781400680542];[1.842687964439392, 1.3389382362365723, 1.0436384677886963, 0.8191774487495422, 0.7289628386497498];429.19949412345886
2050;[3.4718825817108154, 2.620448350906372, 2.5278866291046143, 2.321967601776123, 2.3115804195404053, 2.5191879272460938];[0.435119092464447, 0.3024388551712036, 0.3189128339290619, 0.3005530536174774, 0.30932310223579407, 0.3433854877948761];[-2.168713331222534, -1.8833495378494263, -1.9009928703308105, -1.9217404127120972, -1.9630249738693237, -2.1870665550231934];[1.9777864217758179, 1.0425416231155396, 1.0460792779922485, 0.7445439100265503, 0.5388830304145813];393.5075068473816
2100;[3.4577395915985107, 2.4731974601745605, 2.532179355621338, 2.5087215900421143, 2.4693639278411865, 2.398080587387085];[0.4313388168811798, 0.4519936144351959, 0.4539698362350464, 0.5049746632575989, 0.48887476325035095, 0.48740294575691223];[-2.1701595783233643, -2.2373125553131104, -2.3606300354003906, -2.491990327835083, -2.49564790725708, -2.485589027404785];[2.477932929992676, 0.7738598585128784, 0.8568054437637329, 0.5118536353111267, 0.5548610687255859];408.47278213500977
2150;[3.5250561237335205, 2.533848524093628, 2.711221694946289, 2.4705893993377686, 2.4931857585906982, 2.290191173553467];[0.42883846163749695, 0.29791781306266785, 0.34126630425453186, 0.28823354840278625, 0.2783091962337494, 0.2598116397857666];[-2.201998710632324, -1.8165695667266846, -1.9997224807739258, -1.8412190675735474, -1.8587692975997925, -1.7733983993530273];[1.5561680793762207, 1.5966829061508179, 1.3139785528182983, 1.0303763151168823, 0.7372444868087769];396.7054703235626
2200;[3.4772369861602783, 2.592095136642456, 2.6373329162597656, 2.4340357780456543, 2.6129977703094482, 2.8124921321868896];[0.43342170119285583, 0.2951336205005646, 0.38840484619140625, 0.382485955953598, 0.4122112989425659, 0.45518356561660767];[-2.167332649230957, -1.8067599534988403, -2.0622339248657227, -2.048252820968628, -2.1532046794891357, -2.4169933795928955];[1.790523886680603, 1.3716493844985962, 1.233814001083374, 0.7301535606384277, 1.076935887336731];437.03683972358704
2250;[3.447732448577881, 2.5434162616729736, 2.6550638675689697, 2.6744048595428467, 2.3893353939056396, 2.3617281913757324];[0.42744630575180054, 0.3016824424266815, 0.340944766998291, 0.3543544411659241, 0.3053976893424988, 0.2885991334915161];[-2.1626577377319336, -1.8372211456298828, -2.008314609527588, -2.070777177810669, -1.8804165124893188, -1.8593617677688599];[2.4549827575683594, 1.248123288154602, 1.0510209798812866, 1.0655244588851929, 1.0994614362716675];381.3904137611389
2300;[3.4258675575256348, 2.560170888900757, 2.7586681842803955, 2.9567742347717285, 3.0044026374816895, 2.7624268531799316];[0.43996262550354004, 0.30230891704559326, 0.43949371576309204, 0.525499165058136, 0.5902389287948608, 0.5034081935882568];[-2.155377149581909, -1.8495079278945923, -2.270045280456543, -2.683199405670166, -2.8709115982055664, -2.5247011184692383];[1.8999755382537842, 1.2478032112121582, 1.3694742918014526, 0.8697824478149414, 0.7066839933395386];395.05619525909424
2350;[3.479848861694336, 4.31435489654541, 4.547791481018066, 4.237664699554443, 4.33111572265625, 4.4172821044921875];[0.4281454086303711, 0.8579001426696777, 0.9685475826263428, 1.0125603675842285, 1.022565484046936, 1.073047161102295];[-2.1800904273986816, -4.892735958099365, -6.566673755645752, -6.936605453491211, -7.637950420379639, -8.337265968322754];[1.6779530048370361, 1.1806755065917969, 0.9560500979423523, 0.9540214538574219, 0.568945050239563];426.9949746131897
2400;[3.453928232192993, 2.5853793621063232, 2.6134560108184814, 2.7038424015045166, 2.6030588150024414, 2.548746347427368];[0.42348501086235046, 0.31930989027023315, 0.4101736545562744, 0.41037243604660034, 0.3658835291862488, 0.3674790561199188];[-2.1593546867370605, -1.8740508556365967, -2.1162774562835693, -2.1493122577667236, -2.0688581466674805, -2.0724472999572754];[1.8895107507705688, 1.450761318206787, 1.1810729503631592, 0.88829106092453, 0.7374191284179688];384.7170948982239
2450;[3.443373441696167, 2.6155824661254883, 2.92619252204895, 3.138662815093994, 3.141620635986328, 2.9668128490448];[0.4253566563129425, 0.314338356256485, 0.4929088354110718, 0.6323922872543335, 0.629223108291626, 0.6368671655654907];[-2.157527446746826, -1.876431941986084, -2.442290782928467, -2.9103736877441406, -3.002452850341797, -3.0349483489990234];[1.8362294435501099, 1.2124035358428955, 0.9175075888633728, 0.7911631464958191, 0.522493302822113];392.38663935661316
2500;[3.500199317932129, 2.47680926322937, 2.6014819145202637, 2.6130239963531494, 2.273486852645874, 2.2401959896087646];[0.4217135012149811, 0.2855403423309326, 0.3054671287536621, 0.33390772342681885, 0.2909761369228363, 0.2737863063812256];[-2.151613235473633, -1.7848752737045288, -1.9038000106811523, -2.032909870147705, -1.8554315567016602, -1.795059323310852];[2.0892155170440674, 1.221868872642517, 0.7306556701660156, 0.6468278169631958, 0.8222378492355347];400.1427581310272
2550;[3.422832489013672, 2.5012733936309814, 2.5833382606506348, 2.9570047855377197, 2.548165798187256, 2.8471689224243164];[0.439088374376297, 0.2833732068538666, 0.3781193494796753, 0.5235214233398438, 0.4733760356903076, 0.49373969435691833];[-2.157212495803833, -1.7897595167160034, -2.0724997520446777, -2.6322102546691895, -2.3744142055511475, -2.6217591762542725];[1.8486231565475464, 1.3520828485488892, 1.0263500213623047, 0.7632222771644592, 0.6226293444633484];421.5134530067444
2600;[3.394423484802246, 4.149747848510742, 3.709103584289551, 3.5186057090759277, 3.45572829246521, 3.6483569145202637];[0.44063636660575867, 0.8645157814025879, 0.8762792944908142, 0.8587749004364014, 0.8868505954742432, 0.9381198883056641];[-2.1647140979766846, -5.055606842041016, -4.997180938720703, -4.795598983764648, -5.1977410316467285, -5.8032426834106445];[1.9192379713058472, 0.883490264415741, 0.7513509392738342, 0.8449894189834595, 0.5816134810447693];395.459992647171
2650;[3.442821979522705, 2.523202419281006, 2.547908306121826, 2.6799399852752686, 2.599292516708374, 2.510171890258789];[0.4292795956134796, 0.2864564061164856, 0.37401244044303894, 0.3788801431655884, 0.36798104643821716, 0.3394782245159149];[-2.150250196456909, -1.8088352680206299, -2.037374973297119, -2.1448018550872803, -2.1139395236968994, -2.0129494667053223];[2.1625680923461914, 1.460981845855713, 0.9289108514785767, 1.015459656715393, 0.833486795425415];396.8231129646301
2700;[3.5615553855895996, 4.535328388214111, 5.166177272796631, 5.300057888031006, 5.165010929107666, 5.199293613433838];[0.4321097135543823, 0.8413748741149902, 1.0481863021850586, 1.0485435724258423, 1.0702078342437744, 1.1061745882034302];[-2.211458683013916, -4.828939437866211, -8.332948684692383, -8.652771949768066, -8.795829772949219, -9.349329948425293];[1.7802072763442993, 1.4196739196777344, 0.7461826205253601, 0.7299395799636841, 0.590594470500946];387.9941771030426
2750;[3.5089309215545654, 3.8202195167541504, 3.501987934112549, 3.5947976112365723, 3.73812198638916, 3.610459804534912];[0.43499210476875305, 0.8555496335029602, 0.8373401761054993, 0.8927475810050964, 0.9075360894203186, 0.9411174654960632];[-2.196744441986084, -4.7599382400512695, -4.71757698059082, -5.559354305267334, -6.032387733459473, -6.105382919311523];[2.2117996215820312, 1.0126415491104126, 0.8451557159423828, 0.6152628660202026, 0.6271239519119263];386.5521881580353
2800;[3.548353433609009, 2.5821292400360107, 2.390817880630493, 2.422050952911377, 2.3783905506134033, 2.265753984451294];[0.42625173926353455, 0.31581929326057434, 0.31474030017852783, 0.3122817277908325, 0.3071436583995819, 0.32682934403419495];[-2.2053003311157227, -1.8876498937606812, -1.8968030214309692, -1.9284789562225342, -1.908262014389038, -1.9558649063110352];[1.9838351011276245, 1.217941164970398, 0.7374293208122253, 0.9767442941665649, 0.9579997658729553];427.50573778152466
2850;[3.4069786071777344, 2.348738431930542, 2.4730050563812256, 2.3703505992889404, 2.2650229930877686, 2.316743850708008];[0.42313840985298157, 0.26738810539245605, 0.3179234266281128, 0.3578971028327942, 0.3714303970336914, 0.40543919801712036];[-2.1496262550354004, -1.7183209657669067, -1.9553383588790894, -2.031693935394287, -2.1227920055389404, -2.3115859031677246];[1.740272045135498, 1.6375492811203003, 0.8796759247779846, 0.6763254404067993, 0.5769184231758118];403.40387892723083
2900;[3.4786903858184814, 2.556411027908325, 2.5726747512817383, 2.655747890472412, 2.2504355907440186, 2.141038417816162];[0.4198276996612549, 0.29259902238845825, 0.33200258016586304, 0.34742552042007446, 0.26504507660865784, 0.24736492335796356];[-2.169485092163086, -1.8326740264892578, -1.991783618927002, -2.1002209186553955, -1.757028579711914, -1.696791648864746];[1.763567328453064, 1.4594172239303589, 1.2135456800460815, 1.1154210567474365, 0.5598924160003662];431.31377720832825
2950;[3.457639694213867, 2.476550340652466, 2.223756790161133, 2.2982232570648193, 2.1973283290863037, 2.22275710105896];[0.41961294412612915, 0.289890319108963, 0.2850310504436493, 0.30148303508758545, 0.3258705735206604, 0.349455326795578];[-2.1645867824554443, -1.7822837829589844, -1.7934335470199585, -1.9595574140548706, -1.954071044921875, -2.134305953979492];[2.3233983516693115, 1.2458213567733765, 0.7281443476676941, 0.5230236053466797, 0.5527954697608948];396.39534044265747
3000;[3.4256255626678467, 2.547758102416992, 2.363381862640381, 2.212066173553467, 2.221341848373413, 2.3024075031280518];[0.4304555654525757, 0.2919296622276306, 0.293644517660141, 0.3085561990737915, 0.40655115246772766, 0.4818168878555298];[-2.1510977745056152, -1.8365875482559204, -1.8563627004623413, -1.8746728897094727, -2.1356263160705566, -2.422020435333252];[1.679045557975769, 1.2564795017242432, 0.9389270544052124, 0.733755350112915, 0.6097908020019531];391.83454489707947
3050;[3.5232760906219482, 2.665665626525879, 2.38818359375, 2.1073007583618164, 2.2151830196380615, 2.3216238021850586];[0.4335034191608429, 0.3140169680118561, 0.3356640040874481, 0.2810057997703552, 0.293647825717926, 0.31386128067970276];[-2.183851718902588, -1.943400502204895, -1.972808599472046, -1.8141990900039673, -1.960262656211853, -2.095165967941284];[2.282014846801758, 1.20276939868927, 0.7381314635276794, 0.5200222134590149, 0.4295576214790344];395.7847001552582
3100;[3.5262510776519775, 3.61788272857666, 3.2166640758514404, 3.1969008445739746, 2.994277238845825, 3.0742006301879883];[0.4273252487182617, 0.7592398524284363, 0.8047463893890381, 0.7181847095489502, 0.7888617515563965, 0.8619327545166016];[-2.1755728721618652, -4.062908172607422, -4.130032539367676, -3.716604232788086, -4.125698566436768, -4.782240390777588];[1.7408766746520996, 0.916368305683136, 0.7550069093704224, 0.6928446292877197, 0.6126173138618469];385.79685401916504
3150;[3.481098175048828, 4.344191551208496, 4.197614669799805, 4.15952730178833, 3.846946954727173, 3.8725390434265137];[0.4412480592727661, 0.8804476857185364, 0.8991249799728394, 1.0088982582092285, 0.9691560864448547, 0.9713035821914673];[-2.1739420890808105, -5.096611022949219, -5.655104160308838, -6.601160526275635, -6.244901657104492, -6.455307960510254];[1.8313015699386597, 1.0832200050354004, 0.9841453433036804, 0.6643332242965698, 0.5957561731338501];431.75630402565
3200;[3.5564115047454834, 2.6284337043762207, 2.583984375, 2.6158998012542725, 2.3503525257110596, 2.1979126930236816];[0.42679154872894287, 0.2956516742706299, 0.3689049482345581, 0.3516536355018616, 0.2981095016002655, 0.28049683570861816];[-2.2020366191864014, -1.8689947128295898, -2.1173970699310303, -2.130736827850342, -1.9486477375030518, -1.8196725845336914];[2.0231399536132812, 1.2842079401016235, 0.8067293167114258, 0.5943304300308228, 0.6272488236427307];396.0265805721283
3250;[3.5460596084594727, 4.492674827575684, 4.191331386566162, 4.1092848777771, 4.085526466369629, 4.026948928833008];[0.44870391488075256, 0.8978337049484253, 0.9382240772247314, 0.961862325668335, 0.9996936321258545, 0.9921707510948181];[-2.22725510597229, -5.329844951629639, -5.882722854614258, -6.302539825439453, -6.6240315437316895, -6.7119622230529785];[2.1106269359588623, 1.048952341079712, 0.8043486475944519, 0.8096446990966797, 0.5629971027374268];434.06500005722046
3300;[3.5628983974456787, 4.766982555389404, 4.771397590637207, 4.432760715484619, 4.290371894836426, 4.271617412567139];[0.4286653399467468, 0.927035391330719, 1.084987759590149, 0.9962778091430664, 1.0500166416168213, 1.0621904134750366];[-2.204709529876709, -5.928214073181152, -8.410694122314453, -7.469956398010254, -8.177800178527832, -8.247109413146973];[2.0374865531921387, 0.9192562103271484, 0.657863974571228, 0.6022995114326477, 0.4828498661518097];402.118709564209
3350;[3.4647178649902344, 2.5287094116210938, 2.3399081230163574, 2.2702765464782715, 2.2415597438812256, 2.374863862991333];[0.42730820178985596, 0.2980565130710602, 0.28617748618125916, 0.2933937609195709, 0.28325989842414856, 0.3176557719707489];[-2.1585211753845215, -1.8501559495925903, -1.8452905416488647, -1.8985234498977661, -1.9427499771118164, -2.0713140964508057];[2.017179012298584, 1.1445422172546387, 0.6901035904884338, 0.7485044002532959, 0.6272748708724976];433.1221516132355
3400;[3.4300949573516846, 3.761547327041626, 3.930479049682617, 4.246592998504639, 4.050788402557373, 4.112707138061523];[0.4225103259086609, 0.8171042799949646, 0.8991096019744873, 1.0233608484268188, 1.0556226968765259, 1.0597645044326782];[-2.153245210647583, -4.507214546203613, -5.802976131439209, -7.559282302856445, -7.852035045623779, -8.170881271362305];[2.21246075630188, 0.9971732497215271, 0.6137081384658813, 0.44031453132629395, 0.40357163548469543];384.0536267757416
3450;[3.4317879676818848, 2.5760629177093506, 2.348939895629883, 2.438870429992676, 2.2549848556518555, 2.0894906520843506];[0.42851898074150085, 0.2897398769855499, 0.2939809560775757, 0.30908656120300293, 0.28543180227279663, 0.26960405707359314];[-2.1599225997924805, -1.8570008277893066, -1.8885937929153442, -2.021282434463501, -1.9306281805038452, -1.8744220733642578];[1.7532896995544434, 1.249009609222412, 0.9362659454345703, 0.541391134262085, 0.6030731201171875];394.6235716342926
3500;[3.43996524810791, 2.9020791053771973, 2.8162851333618164, 2.6850550174713135, 2.6019446849823, 2.6329777240753174];[0.4161004424095154, 0.34850993752479553, 0.33430638909339905, 0.3672453761100769, 0.35039404034614563, 0.336774617433548];[-2.1366357803344727, -2.0105202198028564, -1.9458354711532593, -2.0221059322357178, -1.9594111442565918, -1.9405229091644287];[2.0406203269958496, 1.598312258720398, 1.8007372617721558, 1.0333917140960693, 1.3829511404037476];396.1324553489685
3550;[3.530898094177246, 4.6398444175720215, 4.017940998077393, 3.888678550720215, 3.7635509967803955, 3.726891279220581];[0.4299246668815613, 0.8883479237556458, 0.8664087057113647, 0.908751368522644, 0.9178466796875, 0.9058969020843506];[-2.201012134552002, -5.750866889953613, -5.1817402839660645, -5.790682792663574, -5.766687870025635, -5.625360488891602];[1.7003552913665771, 0.9845580458641052, 0.8641286492347717, 0.659280002117157, 0.660963773727417];428.3326277732849
3600;[3.4477524757385254, 3.6917920112609863, 3.1129214763641357, 3.255398750305176, 3.2289445400238037, 3.1402673721313477];[0.4325738847255707, 0.7491006851196289, 0.7930326461791992, 0.8798465728759766, 0.8776093125343323, 0.8784012198448181];[-2.174731731414795, -3.8303256034851074, -4.28835916519165, -5.087114334106445, -5.071268081665039, -5.003641605377197];[1.8773751258850098, 1.197255253791809, 0.7096430659294128, 0.49676045775413513, 0.4294166564941406];398.77102184295654
3650;[3.540844678878784, 2.6579766273498535, 2.581955671310425, 2.6385796070098877, 2.6105237007141113, 2.871056079864502];[0.4399881660938263, 0.34450188279151917, 0.375337690114975, 0.4087553918361664, 0.42615407705307007, 0.4317938983440399];[-2.20306396484375, -1.9840277433395386, -2.088451862335205, -2.1718456745147705, -2.1960859298706055, -2.371018409729004];[1.748099446296692, 1.110567331314087, 0.8833974003791809, 0.649619460105896, 0.8356828093528748];406.5820288658142
3700;[3.4027581214904785, 2.708083152770996, 2.454352617263794, 2.381401538848877, 2.3869400024414062, 2.389289617538452];[0.43114277720451355, 0.32678237557411194, 0.295108824968338, 0.30526357889175415, 0.31249189376831055, 0.3177245557308197];[-2.1527085304260254, -1.9219118356704712, -1.8724606037139893, -1.9386566877365112, -2.004457950592041, -2.082376718521118];[1.8812373876571655, 1.2309997081756592, 0.738749623298645, 0.9310187697410583, 0.4524387717247009];393.352219581604
3750;[3.417722225189209, 2.70535945892334, 2.596317768096924, 2.7057087421417236, 2.767935276031494, 2.5603866577148438];[0.4201606214046478, 0.3288367688655853, 0.37680310010910034, 0.4496767818927765, 0.46248143911361694, 0.4137183427810669];[-2.120706558227539, -1.932145118713379, -1.993282437324524, -2.186823844909668, -2.25541615486145, -2.110470771789551];[1.9908770322799683, 1.3715062141418457, 1.1381304264068604, 0.9332275986671448, 0.885250449180603];424.0388901233673
3800;[3.5380775928497314, 2.629326820373535, 2.4393839836120605, 2.3275365829467773, 2.0213329792022705, 2.267390489578247];[0.4449352025985718, 0.317142128944397, 0.2917666733264923, 0.2576235830783844, 0.21847033500671387, 0.2803099751472473];[-2.1953392028808594, -1.8971102237701416, -1.8329583406448364, -1.7455737590789795, -1.578418254852295, -1.818442940711975];[1.738558292388916, 1.3166214227676392, 1.1286132335662842, 0.8663866519927979, 0.7112785577774048];394.48785376548767
3850;[3.3782663345336914, 3.899502754211426, 3.8865396976470947, 3.491624116897583, 3.468503952026367, 3.319751262664795];[0.43335577845573425, 0.8400903344154358, 0.8361021876335144, 0.8641749024391174, 0.8368436098098755, 0.8682050108909607];[-2.1257143020629883, -4.6626739501953125, -4.811703205108643, -4.947330951690674, -4.743788242340088, -4.909508228302002];[1.8915517330169678, 1.0266304016113281, 0.8528677821159363, 0.7581062912940979, 0.7024591565132141];384.0744032859802
3900;[3.400075674057007, 3.058922529220581, 2.8146626949310303, 2.803866147994995, 2.5599164962768555, 2.5826706886291504];[0.42518237233161926, 0.6738855242729187, 0.6695783138275146, 0.6563062071800232, 0.6196206212043762, 0.6213811635971069];[-2.1462230682373047, -3.2557339668273926, -3.2930703163146973, -3.251875638961792, -3.06764554977417, -3.121030807495117];[2.0647828578948975, 0.9961531758308411, 0.7021703124046326, 0.65693598985672, 0.5183286666870117];411.69814944267273
3950;[3.5219907760620117, 2.5865440368652344, 2.2061963081359863, 2.460277557373047, 2.2070350646972656, 2.455533027648926];[0.43788301944732666, 0.30166590213775635, 0.27167317271232605, 0.2951540946960449, 0.27663296461105347, 0.32060712575912476];[-2.1906542778015137, -1.8758786916732788, -1.766161322593689, -1.956960678100586, -1.8261935710906982, -2.05385422706604];[1.8544602394104004, 1.360456109046936, 0.7801986932754517, 0.8163025975227356, 0.9342767000198364];399.31533765792847
4000;[3.4889564514160156, 2.8262054920196533, 2.743656635284424, 2.6724274158477783, 2.5366005897521973, 2.365220546722412];[0.419704794883728, 0.37712129950523376, 0.3737810552120209, 0.3342724144458771, 0.29103273153305054, 0.2595716714859009];[-2.1676790714263916, -2.0440309047698975, -2.021822452545166, -1.9529746770858765, -1.8252789974212646, -1.724596381187439];[2.09004545211792, 1.9172910451889038, 1.3188519477844238, 1.3376266956329346, 1.1894538402557373];414.12138056755066
4050;[3.568859577178955, 2.7254815101623535, 2.497875928878784, 2.2760539054870605, 2.2278642654418945, 2.323237895965576];[0.4272952973842621, 0.31456974148750305, 0.3039754629135132, 0.2762942314147949, 0.2762080132961273, 0.2940983176231384];[-2.2002525329589844, -1.9294235706329346, -1.912217140197754, -1.817458152770996, -1.8680044412612915, -1.954158902168274];[2.2546298503875732, 1.1092557907104492, 1.0924556255340576, 0.7424593567848206, 0.6515517234802246];553.6872298717499
4100;[3.4559199810028076, 2.6677744388580322, 2.3382976055145264, 2.2376201152801514, 2.27335786819458, 2.174001693725586];[0.43601733446121216, 0.391638845205307, 0.3594437837600708, 0.34948208928108215, 0.3819218873977661, 0.35433804988861084];[-2.1943347454071045, -2.118215322494507, -2.0704610347747803, -2.1125664710998535, -2.347832441329956, -2.213977575302124];[1.8852479457855225, 1.1457116603851318, 0.5564709901809692, 0.5301629304885864, 0.5155127048492432];394.69184589385986
4150;[3.433300495147705, 2.4614765644073486, 2.495877742767334, 2.5806734561920166, 2.383392810821533, 2.317260503768921];[0.4243253767490387, 0.27427780628204346, 0.32206088304519653, 0.35020342469215393, 0.30276739597320557, 0.2896648049354553];[-2.129598617553711, -1.7653627395629883, -1.9389387369155884, -2.0980162620544434, -1.9282692670822144, -1.8928685188293457];[2.24412202835083, 1.3399637937545776, 0.7491903305053711, 0.8639616966247559, 0.9098435640335083];411.90833926200867
4200;[3.552973985671997, 2.4490017890930176, 2.4510738849639893, 2.3502163887023926, 2.235883951187134, 2.27309250831604];[0.4355594515800476, 0.3682444393634796, 0.3484536111354828, 0.33054444193840027, 0.3482169508934021, 0.3595312833786011];[-2.2056286334991455, -1.9523884057998657, -2.0554842948913574, -2.0224180221557617, -2.109203815460205, -2.168844699859619];[2.10673451423645, 0.886894702911377, 0.8476273417472839, 0.759764552116394, 0.6083405017852783];392.26265716552734
4250;[3.439617872238159, 2.6100096702575684, 2.3823914527893066, 2.248523473739624, 2.069356918334961, 2.165292739868164];[0.4486544132232666, 0.28468891978263855, 0.3149045407772064, 0.2982136905193329, 0.26694852113723755, 0.28765350580215454];[-2.158219337463379, -1.843813180923462, -1.8841567039489746, -1.8874306678771973, -1.7864876985549927, -1.9062138795852661];[1.9998770952224731, 1.1701546907424927, 0.7830109596252441, 0.5692502856254578, 0.5741521120071411];382.4805762767792
4300;[3.4404165744781494, 2.64328932762146, 2.3750195503234863, 2.334882974624634, 2.4441335201263428, 2.234496593475342];[0.4380873441696167, 0.31867700815200806, 0.31518828868865967, 0.3175855278968811, 0.34576842188835144, 0.3155839741230011];[-2.167135715484619, -1.9327969551086426, -1.951996088027954, -1.9535653591156006, -2.140352249145508, -2.040037155151367];[1.8581714630126953, 1.2601182460784912, 0.8360681533813477, 0.5574182868003845, 0.6062257289886475];386.6012465953827
4350;[3.5066659450531006, 3.6111886501312256, 3.858182430267334, 3.9317173957824707, 3.8565781116485596, 3.848912239074707];[0.42971107363700867, 0.8016588091850281, 0.8745763301849365, 0.9627464413642883, 0.9580711126327515, 0.959144115447998];[-2.201038360595703, -4.260453701019287, -5.242423057556152, -6.203155040740967, -6.212771415710449, -6.114182472229004];[2.2998499870300293, 0.9223330020904541, 0.8269241452217102, 0.6912263035774231, 0.5658627152442932];386.0894515514374
4400;[3.388012409210205, 2.836383819580078, 2.50569224357605, 2.491971254348755, 2.303812026977539, 2.2972841262817383];[0.43449947237968445, 0.3523155450820923, 0.3048143982887268, 0.3140011131763458, 0.2751304507255554, 0.30553123354911804];[-2.1369526386260986, -2.0824103355407715, -1.9028064012527466, -1.9603215456008911, -1.805248498916626, -1.8552966117858887];[2.068455219268799, 1.137402057647705, 0.9919439554214478, 0.9813804626464844, 0.9026271104812622];401.5462908744812
4450;[3.46403431892395, 4.477519512176514, 4.659857273101807, 4.567164897918701, 4.281929016113281, 4.127918243408203];[0.4295528829097748, 0.8826163411140442, 0.9830378293991089, 1.0271068811416626, 1.0021148920059204, 1.0192055702209473];[-2.17692232131958, -5.22780704498291, -6.865323543548584, -7.5141072273254395, -7.020169734954834, -7.268489837646484];[1.6483904123306274, 1.009515404701233, 0.8484930396080017, 0.621486246585846, 0.689791738986969];366.31645941734314
4500;[3.435029983520508, 2.487853527069092, 2.4757487773895264, 2.609973907470703, 2.425657272338867, 2.4285707473754883];[0.4312841594219208, 0.2950828969478607, 0.3213082253932953, 0.3399788737297058, 0.307296484708786, 0.3040192127227783];[-2.1519405841827393, -1.805637001991272, -1.9461686611175537, -2.1178839206695557, -1.9863300323486328, -1.9875586032867432];[2.1431243419647217, 1.4525343179702759, 0.9208598732948303, 0.6853647828102112, 0.6210302710533142];394.4864511489868
4550;[3.4912192821502686, 4.054520606994629, 4.467491626739502, 4.3929595947265625, 4.579629898071289, 4.752710819244385];[0.41575321555137634, 0.8712536096572876, 1.008994698524475, 1.0545921325683594, 1.1046029329299927, 1.197348952293396];[-2.1820414066314697, -4.949236869812012, -7.376914978027344, -8.28006649017334, -9.024090766906738, -10.557409286499023];[2.1997857093811035, 1.022949457168579, 0.5619458556175232, 0.37464743852615356, 0.386269211769104];375.196026802063
4600;[3.322650909423828, 2.6536567211151123, 2.476828098297119, 2.4292216300964355, 2.4696061611175537, 2.476454019546509];[0.43635958433151245, 0.3037213683128357, 0.32684507966041565, 0.3280256986618042, 0.31174394488334656, 0.29940715432167053];[-2.133258819580078, -1.876824975013733, -1.9035636186599731, -1.8690214157104492, -1.8709579706192017, -1.8726794719696045];[1.770447015762329, 1.5987492799758911, 0.9815418720245361, 1.3554515838623047, 1.0287996530532837];380.8824782371521
4650;[3.4254584312438965, 2.520787239074707, 2.645467758178711, 2.3952596187591553, 2.5208852291107178, 2.4026670455932617];[0.4274805188179016, 0.27813583612442017, 0.35697486996650696, 0.2866882383823395, 0.3062305748462677, 0.28572243452072144];[-2.1472837924957275, -1.7808446884155273, -2.0418784618377686, -1.8469440937042236, -1.9299890995025635, -1.9080917835235596];[2.068007230758667, 1.1849795579910278, 0.8453725576400757, 0.9319989085197449, 0.588949978351593];384.5572669506073
4700;[3.4441146850585938, 2.600051164627075, 2.52791166305542, 2.291613817214966, 2.4387056827545166, 2.1697847843170166];[0.4355427324771881, 0.28175076842308044, 0.2833310663700104, 0.25051024556159973, 0.3009154200553894, 0.2614642381668091];[-2.167985439300537, -1.7868820428848267, -1.8579424619674683, -1.7382421493530273, -1.9166221618652344, -1.7594102621078491];[1.7570306062698364, 1.8082667589187622, 0.8522447943687439, 0.7992253303527832, 0.5484172701835632];386.44438195228577
4750;[3.427764654159546, 2.4832663536071777, 2.3784139156341553, 2.561837673187256, 2.3667733669281006, 2.139251947402954];[0.43967872858047485, 0.28645747900009155, 0.28119808435440063, 0.3106808066368103, 0.28659379482269287, 0.23903755843639374];[-2.1648216247558594, -1.792391061782837, -1.7900933027267456, -1.9123996496200562, -1.8437528610229492, -1.6480903625488281];[2.127554416656494, 1.4330058097839355, 1.3802131414413452, 1.1711814403533936, 0.7164219617843628];384.21356678009033
4800;[3.6132876873016357, 3.2724592685699463, 3.379955530166626, 3.48932147026062, 3.647698163986206, 3.6753299236297607];[0.43190473318099976, 0.7762468457221985, 0.8649806976318359, 0.9106456637382507, 0.9592874646186829, 0.9834073781967163];[-2.2278809547424316, -3.9352803230285645, -5.043791770935059, -5.626530170440674, -6.132041931152344, -6.798802852630615];[2.310600996017456, 0.7974186539649963, 0.7121946811676025, 0.5830960273742676, 0.41791537404060364];370.64623618125916
4850;[3.4939403533935547, 4.761216163635254, 4.831986427307129, 4.750930309295654, 4.489745140075684, 4.268442153930664];[0.42048031091690063, 0.9688194990158081, 0.9498192667961121, 1.0177608728408813, 0.9894248247146606, 0.9410144090652466];[-2.1906533241271973, -6.326185703277588, -6.865559101104736, -7.463829040527344, -7.0551652908325195, -6.425526142120361];[2.339017391204834, 1.1140451431274414, 0.8246423006057739, 0.7659761905670166, 0.6643593907356262];366.0312340259552
4900;[3.500035047531128, 2.660080671310425, 2.7763354778289795, 3.0432026386260986, 3.242361545562744, 3.348592758178711];[0.43954998254776, 0.3443710505962372, 0.5298446416854858, 0.7389881014823914, 0.8368825912475586, 0.8378437757492065];[-2.187502145767212, -1.9777307510375977, -2.3949506282806396, -3.211622476577759, -3.7316856384277344, -3.6995108127593994];[1.845916986465454, 1.7574305534362793, 1.1456137895584106, 0.8566908240318298, 0.6900108456611633];381.5731453895569
4950;[3.6074352264404297, 3.143528699874878, 2.9206838607788086, 2.853126287460327, 2.819782018661499, 2.7204487323760986];[0.4442906975746155, 0.6758691668510437, 0.6868101358413696, 0.6502196192741394, 0.6999757885932922, 0.7041431069374084];[-2.2326273918151855, -3.32509708404541, -3.3768742084503174, -3.2219250202178955, -3.5113275051116943, -3.574709892272949];[1.675115942955017, 0.9061322808265686, 0.7382366061210632, 0.7037796378135681, 0.7047145366668701];389.3869688510895
5000;[3.4515857696533203, 2.6259543895721436, 2.9559996128082275, 3.1291089057922363, 3.290822982788086, 3.2900547981262207];[0.4284898042678833, 0.30637413263320923, 0.5560546517372131, 0.7475801110267639, 0.8282724618911743, 0.8349717855453491];[-2.155395984649658, -1.8402082920074463, -2.413308620452881, -3.1234185695648193, -3.5534653663635254, -3.5718002319335938];[1.7947626113891602, 2.009065866470337, 1.333587408065796, 1.5049318075180054, 1.049973726272583];386.9410948753357
5050;[3.4448494911193848, 3.738708734512329, 4.115357398986816, 4.298324108123779, 4.310325622558594, 4.199841499328613];[0.42627382278442383, 0.7666497826576233, 0.9732090830802917, 1.0348635911941528, 1.0981574058532715, 1.060549259185791];[-2.140512466430664, -4.10848331451416, -6.63824462890625, -7.632889747619629, -8.58445930480957, -8.182668685913086];[2.147686243057251, 1.2388027906417847, 0.6135252118110657, 0.6401664614677429, 0.4806861877441406];372.4184601306915
5100;[3.3854267597198486, 2.7709832191467285, 2.8705132007598877, 2.8415496349334717, 2.706875801086426, 2.730370044708252];[0.4483056366443634, 0.3364119231700897, 0.4537545144557953, 0.49069419503211975, 0.4960700571537018, 0.513876736164093];[-2.1356468200683594, -1.9679844379425049, -2.233999013900757, -2.3544135093688965, -2.3245813846588135, -2.439615488052368];[1.9824426174163818, 1.9858455657958984, 1.1022921800613403, 1.1888526678085327, 0.7817941904067993];452.4319441318512
5150;[3.388988733291626, 2.6667070388793945, 2.2941229343414307, 2.424476146697998, 2.3894224166870117, 2.2276434898376465];[0.42629897594451904, 0.31664371490478516, 0.2802187502384186, 0.30933117866516113, 0.3221346437931061, 0.298071950674057];[-2.144418954849243, -1.9234824180603027, -1.7863210439682007, -2.0066137313842773, -2.0423126220703125, -2.0005533695220947];[2.1705217361450195, 1.0858545303344727, 0.7301470041275024, 0.6120803356170654, 0.5302136540412903];466.6384131908417
5200;[3.482097625732422, 3.4497125148773193, 3.3191983699798584, 3.416640520095825, 3.591973066329956, 3.703442096710205];[0.44505175948143005, 0.7781103849411011, 0.7792354226112366, 0.8128945231437683, 0.9090474843978882, 1.0003188848495483];[-2.1873252391815186, -3.9562089443206787, -4.159002780914307, -4.6812872886657715, -5.610503673553467, -6.734074115753174];[1.9833792448043823, 0.8645902872085571, 0.8036991357803345, 0.6886038184165955, 0.58890700340271];352.334668636322
5250;[3.4543895721435547, 2.527843713760376, 2.2149369716644287, 2.3363330364227295, 2.221609115600586, 2.033720016479492];[0.4224918782711029, 0.28388842940330505, 0.2661221921443939, 0.2916838526725769, 0.28456664085388184, 0.2609294652938843];[-2.180452346801758, -1.806571364402771, -1.7305666208267212, -1.9107872247695923, -1.8842663764953613, -1.7832809686660767];[1.811647891998291, 1.362034797668457, 0.7429355382919312, 0.6067892909049988, 0.4603213667869568];674.5592725276947
5300;[3.384072780609131, 2.3774712085723877, 2.6751253604888916, 2.741370677947998, 2.484931707382202, 2.4964938163757324];[0.43511489033699036, 0.28601521253585815, 0.3585852384567261, 0.40392395853996277, 0.3482915759086609, 0.3259068429470062];[-2.12966251373291, -1.785519003868103, -2.047623634338379, -2.1709511280059814, -1.9334430694580078, -1.94627046585083];[1.9882394075393677, 1.4413200616836548, 1.0793790817260742, 0.9101355671882629, 0.9382972717285156];404.80604314804077
5350;[3.5128014087677, 4.152328014373779, 3.8788273334503174, 3.94252347946167, 4.099827766418457, 3.9740920066833496];[0.43577641248703003, 0.8729226589202881, 0.8751966953277588, 0.9504610300064087, 1.0048092603683472, 1.0026684999465942];[-2.1909666061401367, -5.08759069442749, -5.239494323730469, -6.0685133934021, -6.787984848022461, -6.668436050415039];[2.1082403659820557, 0.8104011416435242, 0.7498981356620789, 0.808692216873169, 0.5660959482192993];393.05635595321655
5400;[3.4227616786956787, 2.462745428085327, 2.506530284881592, 2.5832574367523193, 2.4424729347229004, 2.2115893363952637];[0.419302374124527, 0.28745704889297485, 0.30238771438598633, 0.33075451850891113, 0.32463058829307556, 0.3193179965019226];[-2.13055157661438, -1.7987968921661377, -1.8923463821411133, -2.0405964851379395, -1.9990293979644775, -1.9717212915420532];[2.0526819229125977, 1.408779501914978, 0.8555248975753784, 0.8929078578948975, 0.6000211238861084];419.9406235218048
5450;[3.4153659343719482, 3.1134965419769287, 2.7177774906158447, 2.8225157260894775, 2.768422842025757, 2.8518776893615723];[0.42600539326667786, 0.6998904347419739, 0.5814703106880188, 0.7049036622047424, 0.7843692898750305, 0.7899865508079529];[-2.1372056007385254, -3.369546413421631, -2.8210806846618652, -3.528294324874878, -4.083339691162109, -4.238025188446045];[1.907181978225708, 0.9800687432289124, 0.6795521974563599, 0.7845555543899536, 0.5904752016067505];471.91007947921753
5500;[3.3816285133361816, 2.4766664505004883, 2.3163962364196777, 2.345372200012207, 2.39432692527771, 2.2988035678863525];[0.43203434348106384, 0.29697126150131226, 0.3028238117694855, 0.32002291083335876, 0.3346654176712036, 0.36193376779556274];[-2.147369146347046, -1.8630305528640747, -1.8610010147094727, -1.9110431671142578, -1.9997808933258057, -2.000593900680542];[2.119170665740967, 1.0076481103897095, 0.8697311282157898, 0.8371987342834473, 0.8869099020957947];576.2657177448273
5550;[3.5486812591552734, 2.718838930130005, 2.4786128997802734, 2.223050594329834, 2.288114309310913, 2.2213854789733887];[0.4252362549304962, 0.32612404227256775, 0.3027046024799347, 0.25092896819114685, 0.25941136479377747, 0.2766580879688263];[-2.1902449131011963, -1.93911612033844, -1.8512694835662842, -1.709639549255371, -1.746221661567688, -1.763095498085022];[2.175292491912842, 1.3991059064865112, 1.1512227058410645, 0.8543426394462585, 0.7398005723953247];395.20058274269104
5600;[3.37861967086792, 2.464357852935791, 2.5938899517059326, 2.2048771381378174, 2.4548749923706055, 2.426830530166626];[0.4175051152706146, 0.26939159631729126, 0.3171798586845398, 0.26727309823036194, 0.32451489567756653, 0.31947821378707886];[-2.123978853225708, -1.754908561706543, -2.0250585079193115, -1.7493747472763062, -2.0029234886169434, -2.017150402069092];[1.7785074710845947, 1.1436569690704346, 0.7636715173721313, 0.8146755695343018, 0.5303934812545776];408.5155062675476
5650;[3.4458436965942383, 4.007541656494141, 3.86722993850708, 4.108918190002441, 3.911489725112915, 3.980339527130127];[0.4161941409111023, 0.8680496215820312, 0.9402692914009094, 1.030085563659668, 1.0199908018112183, 1.0435073375701904];[-2.1508853435516357, -5.063121318817139, -6.094816207885742, -7.6831865310668945, -7.462098121643066, -7.662325859069824];[1.8950427770614624, 0.9553483724594116, 0.6008583307266235, 0.5168894529342651, 0.5871908068656921];468.2127809524536
5700;[3.518735647201538, 3.3858225345611572, 2.83046817779541, 2.6423981189727783, 2.860384702682495, 2.822380542755127];[0.42927441000938416, 0.7573647499084473, 0.7038275003433228, 0.6494185328483582, 0.7205572128295898, 0.695324718952179];[-2.1884829998016357, -3.900836944580078, -3.408916711807251, -3.218099355697632, -3.6298372745513916, -3.6647419929504395];[1.7110340595245361, 0.8701063990592957, 0.6528635621070862, 0.8316112756729126, 0.6244772672653198];569.3418984413147
5750;[3.495710849761963, 2.5633139610290527, 2.4433035850524902, 2.222121238708496, 2.335515022277832, 2.260735273361206];[0.43353694677352905, 0.30972209572792053, 0.3054478168487549, 0.2830439805984497, 0.3097570538520813, 0.31124526262283325];[-2.173147678375244, -1.8813862800598145, -1.941572666168213, -1.8877086639404297, -1.9665093421936035, -1.995166301727295];[1.8398971557617188, 1.3699440956115723, 0.7084214091300964, 0.6226199865341187, 0.4733642637729645];355.31332445144653
5800;[3.6056039333343506, 4.620125770568848, 4.523268222808838, 4.341436386108398, 4.184062957763672, 4.031497478485107];[0.4248155355453491, 0.8931596875190735, 1.001599907875061, 1.028462290763855, 1.0033178329467773, 1.0217678546905518];[-2.218609094619751, -5.274124622344971, -7.251527309417725, -7.4702301025390625, -7.160295009613037, -7.358745098114014];[2.2825520038604736, 1.0475945472717285, 0.6328098177909851, 0.6669222712516785, 0.5520339012145996];422.63684034347534
5850;[3.4156088829040527, 2.7671685218811035, 2.3562099933624268, 2.366889238357544, 2.2478973865509033, 2.220905303955078];[0.4235422909259796, 0.3118104636669159, 0.24450695514678955, 0.2550165057182312, 0.249565988779068, 0.31941545009613037];[-2.141894578933716, -1.9252361059188843, -1.7146260738372803, -1.7742938995361328, -1.7323635816574097, -1.875898003578186];[2.212667942047119, 1.0104310512542725, 1.3131004571914673, 0.6994777917861938, 0.6480618119239807];566.7581584453583
5900;[3.505112886428833, 4.911592483520508, 5.216943264007568, 5.250820159912109, 5.088289737701416, 4.851929187774658];[0.42549750208854675, 0.8983688950538635, 1.0793321132659912, 1.126098871231079, 1.1518994569778442, 1.1153137683868408];[-2.1845786571502686, -5.7936835289001465, -8.814237594604492, -10.095980644226074, -10.445067405700684, -9.680102348327637];[2.025953769683838, 0.9375158548355103, 0.654669463634491, 0.4390135705471039, 0.4804238975048065];349.98266768455505
5950;[3.426513195037842, 2.6185219287872314, 2.636413097381592, 3.419541120529175, 3.201303243637085, 3.3022215366363525];[0.42651665210723877, 0.30694156885147095, 0.4472103714942932, 0.7082536220550537, 0.711155116558075, 0.7684192657470703];[-2.1390936374664307, -1.8633843660354614, -2.1042349338531494, -3.115410327911377, -3.1847121715545654, -3.5276260375976562];[2.344586133956909, 1.2785741090774536, 1.0326400995254517, 0.7494922876358032, 0.7871314287185669];523.4764149188995
6000;[3.5324230194091797, 4.376273155212402, 4.543780326843262, 4.376234531402588, 4.1768035888671875, 4.167694568634033];[0.4432600140571594, 0.8658326268196106, 1.0490822792053223, 1.042863130569458, 1.0461715459823608, 1.0710623264312744];[-2.2023110389709473, -5.145981788635254, -7.860841751098633, -7.982326984405518, -7.946512699127197, -8.095342636108398];[2.0971860885620117, 0.9022355079650879, 0.6324440240859985, 0.5481936931610107, 0.42650243639945984];355.3180921077728
6050;[3.525528907775879, 4.441115379333496, 4.2965803146362305, 4.153067588806152, 3.9685561656951904, 3.885918378829956];[0.42639636993408203, 0.8695029616355896, 0.9279630780220032, 0.9392797946929932, 0.9255297780036926, 0.940605878829956];[-2.1861791610717773, -5.18835973739624, -5.931499004364014, -6.140128135681152, -5.804901599884033, -6.1007561683654785];[2.2885799407958984, 0.8858835101127625, 0.7963793277740479, 0.6868387460708618, 0.7685675024986267];366.14585423469543
6100;[3.5386545658111572, 4.232419967651367, 4.105360507965088, 4.036643981933594, 3.875049114227295, 3.7860655784606934];[0.42927420139312744, 0.8971604108810425, 0.8615854978561401, 0.9832006096839905, 0.96966952085495, 0.9841347336769104];[-2.185875177383423, -5.501689910888672, -5.6531829833984375, -6.2233781814575195, -6.399531364440918, -6.45341157913208];[2.3974573612213135, 0.9867356419563293, 0.7743201851844788, 0.5798782110214233, 0.6438755989074707];401.66846680641174
6150;[3.391819715499878, 4.717617511749268, 5.3714118003845215, 5.227531433105469, 5.637540817260742, 5.513278484344482];[0.4235442280769348, 0.8805867433547974, 1.004279375076294, 1.033484697341919, 1.1420577764511108, 1.1325559616088867];[-2.118706703186035, -5.427134990692139, -7.676675796508789, -8.317770957946777, -10.175433158874512, -10.342951774597168];[1.8492697477340698, 1.202779769897461, 0.8913140296936035, 0.8416913747787476, 0.5524160265922546];498.69930267333984
6200;[3.3767919540405273, 4.734095573425293, 5.23266077041626, 5.054949760437012, 4.812885284423828, 4.734526634216309];[0.4224041700363159, 0.8941794037818909, 1.058870792388916, 1.0117967128753662, 1.0428498983383179, 1.0543466806411743];[-2.12829852104187, -5.661214828491211, -8.402239799499512, -8.002344131469727, -8.276297569274902, -8.172459602355957];[1.7229758501052856, 1.1404553651809692, 0.7869360446929932, 0.7033503651618958, 0.6229821443557739];614.3823146820068
6250;[3.4127135276794434, 4.38409423828125, 4.7795281410217285, 4.9610419273376465, 5.082930088043213, 5.24795389175415];[0.4282115697860718, 0.850716769695282, 1.0103907585144043, 1.0921512842178345, 1.143843412399292, 1.1296863555908203];[-2.147883415222168, -4.9935126304626465, -7.5891265869140625, -9.216670989990234, -9.919804573059082, -10.132023811340332];[2.420210838317871, 0.932530403137207, 0.5655982494354248, 0.576983630657196, 0.5820055603981018];406.69289684295654
6300;[3.496427297592163, 2.8077011108398438, 2.5533177852630615, 2.5625710487365723, 2.507906198501587, 2.621743679046631];[0.44612348079681396, 0.3585401177406311, 0.34509751200675964, 0.3253660202026367, 0.30091002583503723, 0.3127540051937103];[-2.1842172145843506, -2.033358335494995, -1.9546713829040527, -1.9266666173934937, -1.8668041229248047, -1.9404147863388062];[2.095818042755127, 1.1161681413650513, 1.1276605129241943, 1.2201545238494873, 1.0478954315185547];379.9395501613617
6350;[3.510988473892212, 2.772796869277954, 2.6705870628356934, 2.4878499507904053, 2.319563865661621, 2.2304203510284424];[0.4416903555393219, 0.33883923292160034, 0.34358730912208557, 0.29572367668151855, 0.2736123204231262, 0.2865826487541199];[-2.1968064308166504, -2.0449652671813965, -2.1319832801818848, -1.9094330072402954, -1.8890998363494873, -1.8965708017349243];[1.7905837297439575, 1.3254772424697876, 0.9756342172622681, 0.8752520680427551, 0.6691992878913879];366.44122791290283
6400;[3.5146305561065674, 2.7727324962615967, 2.746339797973633, 2.438159227371216, 2.240776777267456, 2.342365026473999];[0.43778032064437866, 0.3245117962360382, 0.3475707173347473, 0.3061017096042633, 0.2673790752887726, 0.2726932168006897];[-2.175811529159546, -1.9309128522872925, -2.0409352779388428, -1.9328173398971558, -1.8042185306549072, -1.85814368724823];[1.7086410522460938, 1.420212984085083, 1.0476282835006714, 0.8966051340103149, 0.7105648517608643];447.0298628807068
6450;[3.491072177886963, 2.7056233882904053, 2.3663151264190674, 2.3825345039367676, 2.198702573776245, 2.2406671047210693];[0.41797226667404175, 0.31540995836257935, 0.2767066955566406, 0.29449743032455444, 0.27969348430633545, 0.2851681411266327];[-2.1565778255462646, -1.9298186302185059, -1.809320092201233, -1.9364609718322754, -1.90224289894104, -1.9489319324493408];[2.3458046913146973, 1.7260496616363525, 0.841817319393158, 0.6108161807060242, 0.6979568600654602];352.7848834991455
6500;[3.45418643951416, 3.9492530822753906, 4.13787317276001, 4.300965309143066, 4.211860179901123, 4.2959089279174805];[0.42215070128440857, 0.8611531257629395, 0.9819397330284119, 1.0300579071044922, 1.024842619895935, 1.0389641523361206];[-2.1604888439178467, -4.629751205444336, -6.51283597946167, -7.373195171356201, -7.308689594268799, -7.493242263793945];[2.1987226009368896, 0.8981514573097229, 0.7164397835731506, 0.7076163291931152, 0.5550971627235413];414.76703906059265
6550;[3.4759461879730225, 2.817077875137329, 2.7070119380950928, 2.911653757095337, 2.699756145477295, 2.393399477005005];[0.43682122230529785, 0.3495193123817444, 0.4542791247367859, 0.4588267207145691, 0.3961785137653351, 0.3412940800189972];[-2.1770341396331787, -2.011246681213379, -2.236370325088501, -2.4140539169311523, -2.1510109901428223, -1.9858535528182983];[1.9773666858673096, 1.0887857675552368, 1.1755162477493286, 0.7040877342224121, 0.9097392559051514];359.3218197822571
6600;[3.4148435592651367, 2.7201952934265137, 2.5378663539886475, 2.7920050621032715, 2.546034574508667, 2.5722763538360596];[0.4393862783908844, 0.3311968743801117, 0.3108423352241516, 0.34865331649780273, 0.30553337931632996, 0.28146296739578247];[-2.1478524208068848, -1.9224635362625122, -1.8383921384811401, -1.9781311750411987, -1.8355896472930908, -1.8029909133911133];[1.649212121963501, 1.4299355745315552, 1.341373085975647, 1.0841573476791382, 1.2468236684799194];420.6086370944977
6650;[3.355729818344116, 2.828630208969116, 2.6843841075897217, 2.5122764110565186, 2.497072696685791, 2.4845218658447266];[0.4229552149772644, 0.37554261088371277, 0.37459900975227356, 0.32986903190612793, 0.31499335169792175, 0.30885830521583557];[-2.1251649856567383, -2.059713363647461, -2.0694849491119385, -1.955171823501587, -1.9797413349151611, -1.946271538734436];[1.7705093622207642, 1.206673264503479, 0.956573486328125, 0.8009557723999023, 1.2828425168991089];406.4205274581909
6700;[3.38685941696167, 2.5670883655548096, 2.884916305541992, 2.6574718952178955, 2.7875542640686035, 2.91396427154541];[0.41247639060020447, 0.3027832806110382, 0.4923724830150604, 0.5174248218536377, 0.5417359471321106, 0.6067380905151367];[-2.1057310104370117, -1.8102080821990967, -2.310845136642456, -2.3129231929779053, -2.4845592975616455, -2.7704834938049316];[1.8309963941574097, 2.0172712802886963, 1.1101665496826172, 1.0462478399276733, 1.08621084690094];457.75565671920776
6750;[3.471536874771118, 2.6322367191314697, 2.312915802001953, 2.1747887134552, 2.2564797401428223, 2.2880218029022217];[0.44458886981010437, 0.28680142760276794, 0.2705436050891876, 0.26679787039756775, 0.2680147886276245, 0.2689983546733856];[-2.16890025138855, -1.8224939107894897, -1.7979942560195923, -1.7859704494476318, -1.8242565393447876, -1.8786107301712036];[1.8302631378173828, 0.9746583700180054, 0.6108431816101074, 0.5601986646652222, 0.6491401195526123];368.80221366882324
6800;[3.47160005569458, 3.7138495445251465, 3.514796495437622, 3.425825595855713, 3.459920883178711, 3.5119731426239014];[0.42987900972366333, 0.7951883673667908, 0.8614389300346375, 0.8687463998794556, 0.9509817361831665, 0.8898121118545532];[-2.1651411056518555, -4.243073463439941, -4.902905464172363, -4.951536178588867, -5.66925048828125, -5.517787933349609];[2.129347324371338, 1.0133112668991089, 0.7023684978485107, 0.509584903717041, 0.6010997891426086];433.3615982532501
6850;[3.4110498428344727, 3.9789257049560547, 3.7204575538635254, 3.6840176582336426, 3.6236941814422607, 3.736224889755249];[0.4251982867717743, 0.8414177298545837, 0.9286773204803467, 0.9302527904510498, 1.016241192817688, 1.0182249546051025];[-2.153019666671753, -4.653653144836426, -5.6533522605896, -5.916740417480469, -6.749172687530518, -7.147579669952393];[2.360945463180542, 1.0680797100067139, 0.7352682948112488, 0.5547469258308411, 0.5021660327911377];394.1306674480438
6900;[3.5187079906463623, 2.538994550704956, 2.464686393737793, 2.2651424407958984, 2.436645984649658, 2.0946662425994873];[0.4233356714248657, 0.29520726203918457, 0.2931775450706482, 0.2647882103919983, 0.29121890664100647, 0.2715298533439636];[-2.2008421421051025, -1.8492710590362549, -1.8886730670928955, -1.7540608644485474, -1.9121146202087402, -1.7441765069961548];[1.6777738332748413, 1.0416481494903564, 0.8974499106407166, 0.8747224807739258, 0.7044657468795776];456.08745884895325
6950;[3.5780582427978516, 2.5470261573791504, 2.5894179344177246, 2.399864435195923, 2.444528579711914, 2.350715398788452];[0.42360320687294006, 0.293344110250473, 0.31671494245529175, 0.28210151195526123, 0.2851080894470215, 0.27609413862228394];[-2.2075297832489014, -1.8489066362380981, -1.933866024017334, -1.8152333498001099, -1.8793472051620483, -1.819860577583313];[1.7697734832763672, 1.4007519483566284, 1.287801742553711, 0.9595770835876465, 0.6955904364585876];366.37894892692566
7000;[3.4158263206481934, 3.702157974243164, 3.5121374130249023, 3.4862782955169678, 3.1434481143951416, 3.1141364574432373];[0.4285704493522644, 0.8054246306419373, 0.791197657585144, 0.7840182781219482, 0.8098125457763672, 0.7614468336105347];[-2.149294376373291, -4.318222522735596, -4.219930171966553, -4.205565929412842, -4.253219127655029, -4.00614595413208];[2.128499984741211, 0.8461267352104187, 0.8735536336898804, 0.5829542279243469, 0.7346661686897278];377.2783930301666
7050;[3.4300379753112793, 2.571960926055908, 2.536564826965332, 2.546145439147949, 2.5062968730926514, 2.6161320209503174];[0.4253702163696289, 0.38626623153686523, 0.4536385238170624, 0.4460119605064392, 0.46999621391296387, 0.5410844087600708];[-2.1517746448516846, -2.0387587547302246, -2.277358055114746, -2.2871973514556885, -2.411648988723755, -2.717742681503296];[2.4701735973358154, 0.7745856046676636, 0.7009077072143555, 0.7090813517570496, 0.7305893301963806];377.71688628196716
7100;[3.410305976867676, 4.675058364868164, 4.753720760345459, 4.916126728057861, 4.865990161895752, 4.88039493560791];[0.4376327693462372, 0.9387107491493225, 0.9971346855163574, 1.0849113464355469, 1.0566985607147217, 1.0777125358581543];[-2.152648448944092, -5.747063636779785, -7.297844409942627, -8.902643203735352, -8.821044921875, -8.755234718322754];[2.0218091011047363, 1.2528475522994995, 0.6299186944961548, 0.6183635592460632, 0.5318517088890076];425.2059187889099
7150;[3.5161335468292236, 2.653369188308716, 2.753710985183716, 2.35896635055542, 2.384308099746704, 2.303781509399414];[0.43235188722610474, 0.31379884481430054, 0.3531948924064636, 0.2914387285709381, 0.281760573387146, 0.2706245481967926];[-2.1999800205230713, -1.8848742246627808, -2.0363287925720215, -1.8004860877990723, -1.8040252923965454, -1.8051552772521973];[2.3710482120513916, 1.5230457782745361, 1.2519748210906982, 1.3244280815124512, 0.7994498014450073];358.83965373039246
7200;[3.5014235973358154, 2.614302635192871, 2.717724323272705, 2.6049065589904785, 2.611194372177124, 2.4623944759368896];[0.4243478775024414, 0.326541930437088, 0.51284259557724, 0.4985584318637848, 0.4625151753425598, 0.4241848886013031];[-2.1711623668670654, -1.9052307605743408, -2.3876044750213623, -2.4203524589538574, -2.382363796234131, -2.2517170906066895];[2.87492299079895, 1.2891416549682617, 0.9079563021659851, 0.998706042766571, 0.5259768962860107];406.87598419189453
7250;[3.41520094871521, 2.338561534881592, 2.3510494232177734, 2.3680202960968018, 2.54534912109375, 2.6046314239501953];[0.43882137537002563, 0.26825961470603943, 0.2768961489200592, 0.3026820123195648, 0.3401106894016266, 0.35863617062568665];[-2.163580894470215, -1.7307484149932861, -1.82939875125885, -1.996113896369934, -2.2366631031036377, -2.4380528926849365];[2.0189547538757324, 1.0811597108840942, 0.8037508130073547, 0.7198732495307922, 0.47173941135406494];429.45719742774963
7300;[3.3458776473999023, 2.5811188220977783, 2.3012969493865967, 2.4755382537841797, 2.3069205284118652, 2.0977649688720703];[0.4245806336402893, 0.2950435280799866, 0.26156333088874817, 0.2795425355434418, 0.27136343717575073, 0.2505752444267273];[-2.1103062629699707, -1.8418575525283813, -1.714125633239746, -1.7901034355163574, -1.7492995262145996, -1.6401818990707397];[1.9135574102401733, 1.4256479740142822, 0.9968320727348328, 1.2788381576538086, 0.9008519053459167];366.6045172214508
7350;[3.397529125213623, 2.7302417755126953, 2.4754865169525146, 2.388885259628296, 2.16922926902771, 2.3548319339752197];[0.42025071382522583, 0.3189188539981842, 0.30101701617240906, 0.3174785375595093, 0.32258692383766174, 0.4169504642486572];[-2.1386537551879883, -1.949514627456665, -1.8779585361480713, -1.938206434249878, -1.8828798532485962, -2.2131102085113525];[2.338780403137207, 1.4420568943023682, 1.0480968952178955, 0.8740375638008118, 0.6418871283531189];507.3932991027832
7400;[3.4258272647857666, 4.329941272735596, 4.385268688201904, 4.29353666305542, 4.562729835510254, 4.6349968910217285];[0.42250290513038635, 0.8638230562210083, 0.9500118494033813, 0.9474144577980042, 0.9660739302635193, 1.007812738418579];[-2.1374926567077637, -5.126989364624023, -6.134237766265869, -6.512595176696777, -6.889721393585205, -7.764322280883789];[1.9639536142349243, 0.8876071572303772, 0.8016717433929443, 1.0564757585525513, 0.6559380888938904];367.5353226661682
7450;[3.468332529067993, 2.7148914337158203, 2.4025399684906006, 2.586693525314331, 2.3995871543884277, 2.117910623550415];[0.4213467240333557, 0.32666343450546265, 0.26410818099975586, 0.2809687852859497, 0.2528938353061676, 0.2594149112701416];[-2.1579253673553467, -1.937785267829895, -1.7446726560592651, -1.8278319835662842, -1.7225444316864014, -1.6557302474975586];[2.219223737716675, 1.7467719316482544, 1.3003578186035156, 1.2316014766693115, 1.039296269416809];400.9159836769104
7500;[3.5145277976989746, 3.6009881496429443, 3.6278879642486572, 3.410761833190918, 3.416508674621582, 3.5211968421936035];[0.4435330033302307, 0.7932422757148743, 0.901126503944397, 0.921788215637207, 0.9411265850067139, 1.0146071910858154];[-2.1853690147399902, -4.188724517822266, -5.644248008728027, -5.834024906158447, -6.130429267883301, -6.900510311126709];[2.511080026626587, 0.8134678602218628, 0.5230181217193604, 0.4442051649093628, 0.3611921966075897];358.67236971855164
7550;[3.49364972114563, 2.500068426132202, 2.40224289894104, 2.3491036891937256, 2.5058393478393555, 2.3816535472869873];[0.4522863030433655, 0.33681485056877136, 0.30722418427467346, 0.30542561411857605, 0.35151463747024536, 0.32610228657722473];[-2.174058675765991, -1.8938751220703125, -1.9335229396820068, -1.9797040224075317, -2.309866189956665, -2.178133964538574];[1.7627569437026978, 1.1446353197097778, 0.8988054394721985, 0.673219621181488, 0.48386454582214355];364.57462763786316
7600;[3.4201762676239014, 4.163451671600342, 3.8923280239105225, 3.6173934936523438, 3.5427937507629395, 3.393676519393921];[0.42099300026893616, 0.8729832768440247, 0.8568665385246277, 0.8136894106864929, 0.8751424551010132, 0.8589757680892944];[-2.1503331661224365, -5.296077251434326, -5.038595199584961, -4.866460800170898, -5.307868003845215, -5.053594589233398];[2.3020119667053223, 0.8642609715461731, 0.8496736288070679, 0.7737513780593872, 0.6725603342056274];396.2940626144409
7650;[3.324361801147461, 2.5251479148864746, 2.3539304733276367, 2.4473068714141846, 2.2974698543548584, 2.325767993927002];[0.4284830391407013, 0.3103097677230835, 0.3069932460784912, 0.3277905285358429, 0.3014642596244812, 0.32249411940574646];[-2.116255283355713, -1.8704981803894043, -1.8662232160568237, -2.0612688064575195, -1.9671752452850342, -2.0793185234069824];[1.9050005674362183, 1.285520076751709, 0.8603976368904114, 0.6678485870361328, 0.6622963547706604];467.87979555130005
7700;[3.4914183616638184, 2.795819044113159, 2.439418077468872, 2.4016757011413574, 2.4436769485473633, 2.3851068019866943];[0.4202416241168976, 0.3528152406215668, 0.2910712659358978, 0.2985531985759735, 0.2975105047225952, 0.2884698510169983];[-2.1748931407928467, -2.0252773761749268, -1.8339256048202515, -1.9107322692871094, -1.9364848136901855, -1.9223970174789429];[2.2918455600738525, 1.3512479066848755, 0.9187621474266052, 0.7622778415679932, 0.4862215518951416];362.20384764671326
7750;[3.4902026653289795, 3.323746681213379, 3.58727765083313, 3.713758707046509, 3.7080349922180176, 3.9250195026397705];[0.43585360050201416, 0.735697865486145, 0.8884185552597046, 0.902094841003418, 0.9953997135162354, 1.0311106443405151];[-2.162146806716919, -3.7253198623657227, -5.146315574645996, -5.503421783447266, -6.6514506340026855, -7.171205997467041];[2.2937874794006348, 0.9067259430885315, 0.6610572934150696, 0.6825912594795227, 0.5303835272789001];471.59833121299744
7800;[3.500040292739868, 4.448744297027588, 4.189774990081787, 4.079439163208008, 4.312316417694092, 4.47109842300415];[0.4382328689098358, 0.8905276656150818, 0.8896230459213257, 0.9546145796775818, 1.0084494352340698, 1.0894222259521484];[-2.187696695327759, -5.418882369995117, -5.599176406860352, -6.225998401641846, -7.360192775726318, -8.44472885131836];[1.960146427154541, 1.073156476020813, 0.8552267551422119, 0.8470104932785034, 0.6780300736427307];539.2705798149109
7850;[3.4770216941833496, 4.548094272613525, 4.413204669952393, 4.312277317047119, 4.162118434906006, 4.036784648895264];[0.4325808882713318, 0.9202725291252136, 0.9485902190208435, 0.994016170501709, 0.972672700881958, 0.982313334941864];[-2.1807198524475098, -5.673911094665527, -6.693848133087158, -6.966328144073486, -6.987495422363281, -6.873072147369385];[2.1716115474700928, 0.8899509906768799, 0.798714816570282, 0.6187199354171753, 0.6560513973236084];359.320433139801
7900;[3.4245622158050537, 5.269944190979004, 5.048159599304199, 4.806879043579102, 4.816878795623779, 4.8632636070251465];[0.4227728843688965, 0.9406076669692993, 1.01748526096344, 1.0294063091278076, 1.0939855575561523, 1.0790144205093384];[-2.167055368423462, -6.195813179016113, -7.639281272888184, -8.256354331970215, -8.928417205810547, -9.290596961975098];[1.9976818561553955, 0.9448907971382141, 0.7913744449615479, 0.5686793923377991, 0.6235566735267639];439.3062882423401
7950;[3.5208237171173096, 2.6629722118377686, 2.588867664337158, 2.587771415710449, 2.333188056945801, 2.427340507507324];[0.4353019595146179, 0.34134867787361145, 0.36635443568229675, 0.3510827422142029, 0.3051655888557434, 0.3269432783126831];[-2.2185897827148438, -1.9534982442855835, -2.1080386638641357, -2.0926296710968018, -1.9000368118286133, -2.049520492553711];[2.103226661682129, 1.6096282005310059, 0.8715795278549194, 0.9595637321472168, 0.7420942783355713];395.8845329284668
8000;[3.4087133407592773, 2.744103193283081, 2.5041353702545166, 2.5037660598754883, 2.265977144241333, 2.574509620666504];[0.4271165132522583, 0.3076860308647156, 0.3109720051288605, 0.3155423402786255, 0.2996675968170166, 0.33927440643310547];[-2.1349101066589355, -1.9090089797973633, -1.9723005294799805, -2.0043952465057373, -1.9514316320419312, -2.2706193923950195];[1.9384679794311523, 1.5177892446517944, 0.8433825969696045, 0.7933809161186218, 0.6152428388595581];356.17066764831543
8050;[3.4201412200927734, 2.632429599761963, 2.592287063598633, 2.786773681640625, 2.5197441577911377, 2.512253522872925];[0.4235568046569824, 0.33678603172302246, 0.39739280939102173, 0.46182581782341003, 0.4272986948490143, 0.4383434057235718];[-2.152250289916992, -1.9345017671585083, -2.1137807369232178, -2.403771162033081, -2.3104941844940186, -2.371392011642456];[1.7531520128250122, 1.2891114950180054, 0.93669193983078, 0.6804785132408142, 0.7064914107322693];438.94776487350464
8100;[3.4205591678619385, 2.5683584213256836, 2.268869161605835, 2.442112922668457, 2.3677475452423096, 2.379026412963867];[0.42028412222862244, 0.2968691289424896, 0.2719886302947998, 0.2969043254852295, 0.30178818106651306, 0.3055465817451477];[-2.1421473026275635, -1.84987473487854, -1.746638298034668, -1.916396975517273, -1.9654873609542847, -1.988512396812439];[1.7728633880615234, 1.0406440496444702, 0.9480990171432495, 0.7197993993759155, 0.7655314803123474];361.4488146305084
8150;[3.483809471130371, 2.5153515338897705, 2.3806097507476807, 2.2829599380493164, 2.294189214706421, 2.271901845932007];[0.4155814051628113, 0.3125705122947693, 0.3047029674053192, 0.2973644435405731, 0.31109532713890076, 0.31507790088653564];[-2.1490190029144287, -1.841159701347351, -1.8906586170196533, -1.9159631729125977, -1.9585680961608887, -2.0210752487182617];[1.9921631813049316, 1.1156045198440552, 0.733545184135437, 0.6233006119728088, 0.6098026037216187];365.0835864543915
8200;[3.4265542030334473, 3.1037652492523193, 2.9951610565185547, 3.015934467315674, 2.9371018409729004, 3.088196039199829];[0.44222769141197205, 0.6958265900611877, 0.6828817129135132, 0.7627002000808716, 0.7831172347068787, 0.8843704462051392];[-2.1642885208129883, -3.4085428714752197, -3.4789395332336426, -4.056325912475586, -4.26197624206543, -5.026907444000244];[2.0633890628814697, 0.8936218619346619, 0.7928893566131592, 0.5331182479858398, 0.4942604899406433];459.73550724983215
8250;[3.5096325874328613, 2.734898328781128, 2.4653618335723877, 2.670931100845337, 2.708906650543213, 2.700291395187378];[0.4265439808368683, 0.3348592519760132, 0.34086713194847107, 0.3942345082759857, 0.39622390270233154, 0.36144131422042847];[-2.200293779373169, -1.9315367937088013, -1.850777506828308, -2.039095163345337, -2.100846290588379, -2.0082461833953857];[2.0000593662261963, 1.508384346961975, 1.3311898708343506, 1.170328974723816, 1.102803111076355];378.43114471435547
8300;[3.419157028198242, 3.7171828746795654, 3.55614972114563, 3.415834426879883, 3.4202260971069336, 3.2999424934387207];[0.44192126393318176, 0.8387140035629272, 0.8523630499839783, 0.8499871492385864, 0.8308453559875488, 0.8872421383857727];[-2.1562514305114746, -4.350634574890137, -4.8023176193237305, -4.785001754760742, -4.7111430168151855, -5.09821081161499];[2.078947067260742, 0.9601892232894897, 0.6932570338249207, 0.5658765435218811, 0.624546229839325];414.0598886013031
8350;[3.440568208694458, 2.7089638710021973, 2.7486965656280518, 2.894874095916748, 3.0091493129730225, 3.2415032386779785];[0.4387984573841095, 0.29215866327285767, 0.4696781635284424, 0.5680432915687561, 0.6778344511985779, 0.7026751041412354];[-2.1828620433807373, -1.832149863243103, -2.1818957328796387, -2.4880192279815674, -2.8918938636779785, -3.061758041381836];[2.429957866668701, 1.237809658050537, 0.9807659387588501, 0.9107328057289124, 1.0789648294448853];364.43007254600525
8400;[3.4663591384887695, 2.518622875213623, 2.558631181716919, 2.656186819076538, 2.424636125564575, 2.5210511684417725];[0.42127275466918945, 0.2934992015361786, 0.32390540838241577, 0.3522365987300873, 0.3119317889213562, 0.32661858201026917];[-2.1589677333831787, -1.7971280813217163, -1.9190984964370728, -2.0741817951202393, -1.9294557571411133, -2.045663356781006];[1.8508412837982178, 1.341640830039978, 1.1347129344940186, 0.9149623513221741, 0.5861238837242126];372.0470142364502
8450;[3.5360963344573975, 2.731860876083374, 2.7174549102783203, 2.868941307067871, 2.6841511726379395, 2.690274953842163];[0.43971049785614014, 0.3343103528022766, 0.4167396128177643, 0.44958746433258057, 0.46839767694473267, 0.44337740540504456];[-2.192559242248535, -1.947433590888977, -2.1328980922698975, -2.31169056892395, -2.31724214553833, -2.274428367614746];[2.1563942432403564, 1.2935296297073364, 1.0022900104522705, 0.8810819983482361, 0.9255527853965759];359.60730957984924
8500;[3.4333226680755615, 3.6287808418273926, 3.6991524696350098, 3.6246564388275146, 3.595872163772583, 3.797048330307007];[0.43046343326568604, 0.7846581935882568, 0.8910797834396362, 0.9232022762298584, 0.9226459860801697, 0.9721357226371765];[-2.172778844833374, -4.090867042541504, -5.277346134185791, -5.583740234375, -5.78720235824585, -6.310315132141113];[1.9664679765701294, 1.1620323657989502, 0.5828996896743774, 0.7019151449203491, 0.7596461772918701];417.2673981189728
8550;[3.4510583877563477, 2.5178184509277344, 2.5514180660247803, 2.393008232116699, 2.2927534580230713, 2.4543628692626953];[0.429423451423645, 0.2963411808013916, 0.3230911195278168, 0.3103833794593811, 0.3287440240383148, 0.3900037705898285];[-2.1546132564544678, -1.8184877634048462, -2.014127492904663, -1.9691381454467773, -2.0270190238952637, -2.195514678955078];[1.8403490781784058, 1.4721506834030151, 0.7779037356376648, 0.834788978099823, 0.6226016879081726];370.98330330848694
8600;[3.537524700164795, 2.658682107925415, 2.8746917247772217, 2.5523064136505127, 2.496706008911133, 2.3543155193328857];[0.4289161264896393, 0.308586984872818, 0.3490615487098694, 0.3013107478618622, 0.284950315952301, 0.26859810948371887];[-2.2009687423706055, -1.8492374420166016, -2.031585454940796, -1.8787949085235596, -1.8300727605819702, -1.7952016592025757];[1.999126672744751, 1.8449862003326416, 1.3978080749511719, 1.084072232246399, 0.8066366314888];504.6404342651367
8650;[3.4902520179748535, 2.816359281539917, 2.4802961349487305, 2.526451349258423, 2.5529050827026367, 2.4846487045288086];[0.4298435151576996, 0.32970255613327026, 0.30654072761535645, 0.300518274307251, 0.3252452611923218, 0.2978724241256714];[-2.1816182136535645, -1.9694589376449585, -1.8404864072799683, -1.8526991605758667, -1.9010781049728394, -1.8589781522750854];[2.529330015182495, 1.5408810377120972, 1.4740715026855469, 1.0684813261032104, 0.9831691384315491];553.7100489139557
8700;[3.4459896087646484, 2.5938477516174316, 2.8268303871154785, 2.611052989959717, 2.850581407546997, 2.767803192138672];[0.4349559545516968, 0.31956011056900024, 0.4162048399448395, 0.3939715027809143, 0.4275403916835785, 0.39152461290359497];[-2.1800506114959717, -1.8656562566757202, -2.211582660675049, -2.099182367324829, -2.2603442668914795, -2.126721143722534];[1.5841234922409058, 1.3325005769729614, 1.2942873239517212, 1.1733527183532715, 0.976097583770752];467.7411434650421
8750;[3.5104923248291016, 2.4993770122528076, 2.3224878311157227, 2.4152112007141113, 2.3511812686920166, 2.2605462074279785];[0.43076255917549133, 0.2933289706707001, 0.2884663939476013, 0.3127586543560028, 0.3070911169052124, 0.3249925374984741];[-2.1839663982391357, -1.8118011951446533, -1.8437273502349854, -2.001072645187378, -2.035668134689331, -2.015578031539917];[1.8938250541687012, 1.4144963026046753, 0.8066215515136719, 0.657375693321228, 0.5970255732536316];344.25860500335693
8800;[3.4627010822296143, 4.767853260040283, 4.797560214996338, 4.512922763824463, 4.663230895996094, 4.6010565757751465];[0.42997217178344727, 0.9387847781181335, 1.0116374492645264, 1.0181753635406494, 1.085638403892517, 1.0724369287490845];[-2.172520637512207, -6.07055139541626, -7.372506618499756, -7.48557710647583, -8.396370887756348, -8.377774238586426];[1.8158717155456543, 1.0276707410812378, 0.7559090852737427, 0.6936103105545044, 0.6178527474403381];709.2039277553558
8850;[3.55043625831604, 4.778741836547852, 5.263830184936523, 5.064528942108154, 5.109808921813965, 5.298417091369629];[0.4316394031047821, 0.8940021395683289, 1.0105141401290894, 1.0525670051574707, 1.0566917657852173, 1.13291335105896];[-2.1970880031585693, -5.4073309898376465, -7.627945423126221, -8.502467155456543, -9.167133331298828, -10.180208206176758];[1.8502793312072754, 1.4867914915084839, 0.7670528888702393, 0.7101516723632812, 0.5375521183013916];338.45577812194824
8900;[3.452826499938965, 2.4303557872772217, 2.4487435817718506, 2.4923095703125, 2.365948438644409, 2.3272526264190674];[0.42510244250297546, 0.28743776679039, 0.2982494533061981, 0.32060760259628296, 0.31350064277648926, 0.2953905463218689];[-2.1639912128448486, -1.8026435375213623, -1.8780347108840942, -1.9605668783187866, -1.9764760732650757, -1.9327781200408936];[1.926674246788025, 1.2231628894805908, 1.1161333322525024, 0.7635192275047302, 0.7289194464683533];350.77091217041016
8950;[3.367286443710327, 2.5549933910369873, 2.5143187046051025, 2.462124824523926, 2.6016347408294678, 2.604475498199463];[0.43160152435302734, 0.27286046743392944, 0.34212663769721985, 0.3602508008480072, 0.38007837533950806, 0.37878209352493286];[-2.137305974960327, -1.7619173526763916, -1.9028490781784058, -1.9305541515350342, -2.0583229064941406, -2.1076881885528564];[2.027977228164673, 1.3764374256134033, 1.0964933633804321, 0.8687177896499634, 0.697807788848877];338.2121527194977
9000;[3.509927272796631, 4.749814033508301, 4.795612335205078, 4.47397518157959, 4.698065280914307, 4.712106227874756];[0.43090856075286865, 0.8979747295379639, 0.9680231809616089, 1.0042017698287964, 1.0716301202774048, 1.120429277420044];[-2.1901438236236572, -5.378873348236084, -6.773119926452637, -7.336140155792236, -8.620614051818848, -9.436749458312988];[2.10575795173645, 1.3732527494430542, 0.6300240755081177, 0.5762196183204651, 0.6221714615821838];339.5735733509064
9050;[3.5327253341674805, 4.847793102264404, 5.127934455871582, 4.667915344238281, 4.656416893005371, 4.540247917175293];[0.42746472358703613, 0.8624997138977051, 1.032660722732544, 0.9815300107002258, 1.0627565383911133, 1.094451904296875];[-2.1952664852142334, -5.385761737823486, -7.932028770446777, -7.625624656677246, -8.31568431854248, -8.753140449523926];[2.224886655807495, 1.0255546569824219, 0.8274660706520081, 0.6608986854553223, 0.5410948991775513];333.60041546821594
9100;[3.367696523666382, 2.4487953186035156, 2.5342257022857666, 2.7090187072753906, 2.622633695602417, 2.5478062629699707];[0.4286576509475708, 0.278775155544281, 0.34605327248573303, 0.3565467298030853, 0.3220420181751251, 0.30823567509651184];[-2.1440486907958984, -1.7791051864624023, -1.9789806604385376, -2.0692288875579834, -1.9902313947677612, -1.9415457248687744];[2.080857276916504, 1.602708101272583, 1.0756609439849854, 1.1636558771133423, 0.8302080631256104];554.0461130142212
9150;[3.388803243637085, 2.794995069503784, 2.5274252891540527, 2.449230670928955, 2.460549831390381, 2.377562999725342];[0.4229702651500702, 0.3076743185520172, 0.30004259943962097, 0.3039616644382477, 0.3369622826576233, 0.3731544613838196];[-2.1374030113220215, -1.9019114971160889, -1.855657696723938, -1.8809038400650024, -1.9855756759643555, -2.083247661590576];[1.6824796199798584, 1.5507394075393677, 1.2969659566879272, 0.7870259284973145, 0.8139984011650085];348.8733506202698
9200;[3.5300161838531494, 2.5937633514404297, 2.4189960956573486, 2.4838685989379883, 2.409069061279297, 2.1525440216064453];[0.4437246024608612, 0.2829534709453583, 0.28408560156822205, 0.3198322653770447, 0.2867349684238434, 0.25977808237075806];[-2.2258903980255127, -1.835353970527649, -1.8018951416015625, -1.9178693294525146, -1.867630124092102, -1.7642433643341064];[1.7068454027175903, 1.3478047847747803, 1.0297785997390747, 0.7864394187927246, 0.7385758757591248];347.70880675315857
9250;[3.492786407470703, 2.4348535537719727, 2.4338302612304688, 2.2008779048919678, 2.1638829708099365, 2.283834457397461];[0.4328988194465637, 0.29036208987236023, 0.29493704438209534, 0.2935691475868225, 0.34395134449005127, 0.3355364203453064];[-2.1787405014038086, -1.8429393768310547, -1.8759379386901855, -1.8791745901107788, -1.9929606914520264, -2.0715627670288086];[2.3325366973876953, 1.5245457887649536, 0.901327908039093, 0.6509281992912292, 0.6514930129051208];341.0455927848816
9300;[3.4580459594726562, 2.4643595218658447, 2.4643046855926514, 2.566985845565796, 2.4438910484313965, 2.56888747215271];[0.427882581949234, 0.2806231677532196, 0.29381680488586426, 0.3174271583557129, 0.312113493680954, 0.35626399517059326];[-2.165567636489868, -1.7590566873550415, -1.8601230382919312, -1.9569231271743774, -1.9416147470474243, -2.1225194931030273];[1.6938385963439941, 1.207930326461792, 0.982547402381897, 0.9049226641654968, 0.9158426523208618];335.22562170028687
9350;[3.5503883361816406, 4.476571083068848, 4.159876823425293, 4.106712341308594, 4.061290264129639, 4.0592451095581055];[0.4310784637928009, 0.8643051385879517, 0.9713017344474792, 0.9408317804336548, 0.9804402589797974, 0.9887277483940125];[-2.1908836364746094, -5.357160568237305, -6.327515602111816, -6.279721736907959, -6.7419891357421875, -6.909878730773926];[1.937963604927063, 0.943670928478241, 0.7742775082588196, 0.6978404521942139, 0.6458340287208557];339.0325222015381
9400;[3.467446804046631, 4.567958831787109, 4.235474586486816, 4.227962017059326, 4.219653129577637, 4.205624103546143];[0.43217605352401733, 0.8768694996833801, 0.9864804744720459, 1.044358253479004, 1.0790929794311523, 1.064083218574524];[-2.187335252761841, -5.128928184509277, -6.736898422241211, -7.661281108856201, -8.091048240661621, -8.479240417480469];[2.138896942138672, 1.0409473180770874, 0.5955621600151062, 0.48826029896736145, 0.420708030462265];760.1628601551056
9450;[3.485985040664673, 2.4991531372070312, 2.8796958923339844, 2.3661861419677734, 2.5874876976013184, 2.1533291339874268];[0.4293910562992096, 0.30598872900009155, 0.3850078880786896, 0.27524012327194214, 0.29687589406967163, 0.2329254448413849];[-2.175292730331421, -1.7981077432632446, -2.0944223403930664, -1.724117398262024, -1.8697924613952637, -1.604283332824707];[1.7142647504806519, 1.468390703201294, 1.2431660890579224, 1.101202130317688, 1.112257957458496];404.1165351867676
9500;[3.4328224658966064, 2.617035388946533, 2.484626054763794, 2.4919180870056152, 2.3529105186462402, 2.4334371089935303];[0.4145612120628357, 0.29743492603302, 0.27867791056632996, 0.3047069013118744, 0.28683021664619446, 0.3439716100692749];[-2.138206720352173, -1.8606619834899902, -1.8072535991668701, -1.8907535076141357, -1.8164355754852295, -1.9422720670700073];[1.7467354536056519, 1.6390315294265747, 1.3339672088623047, 0.8556473255157471, 0.8194106817245483];348.8782126903534
9550;[3.4682490825653076, 2.5382938385009766, 2.626479387283325, 2.345348596572876, 2.401679754257202, 2.573239326477051];[0.4244554936885834, 0.30013415217399597, 0.3249320685863495, 0.28662773966789246, 0.3063852787017822, 0.30650871992111206];[-2.1627941131591797, -1.8522228002548218, -1.9478211402893066, -1.8219094276428223, -1.9173024892807007, -1.9754904508590698];[2.035998582839966, 1.4387201070785522, 0.9174526333808899, 1.1131489276885986, 0.8537716269493103];339.11815905570984
9600;[3.472961902618408, 3.89131498336792, 3.7174289226531982, 3.5246551036834717, 3.500476837158203, 3.417522430419922];[0.4330383241176605, 0.8575089573860168, 0.8629316091537476, 0.8700709939002991, 0.8324071168899536, 0.880301833152771];[-2.180123805999756, -4.695441246032715, -4.979950428009033, -4.850571155548096, -4.917547702789307, -5.148512840270996];[1.846508502960205, 0.9802250266075134, 0.783903956413269, 0.9077562689781189, 0.5446772575378418];336.62913632392883
9650;[3.451794147491455, 3.1519978046417236, 2.797081470489502, 2.9858412742614746, 2.928772211074829, 2.8998637199401855];[0.42521777749061584, 0.7297731637954712, 0.702531635761261, 0.7192183136940002, 0.7532601356506348, 0.7544628977775574];[-2.1597330570220947, -3.552785873413086, -3.4511380195617676, -3.7149975299835205, -3.9406604766845703, -3.9311740398406982];[2.452281951904297, 0.9274265766143799, 0.7933270931243896, 0.8194745182991028, 0.47459888458251953];342.6513900756836
9700;[3.6129822731018066, 4.31430721282959, 3.973867893218994, 4.300900936126709, 4.320136547088623, 4.384905815124512];[0.4114971458911896, 0.9111721515655518, 0.8896605372428894, 1.0122185945510864, 1.1073561906814575, 1.0635896921157837];[-2.2278079986572266, -5.29142427444458, -5.415472984313965, -7.306119918823242, -8.376832962036133, -8.429376602172852];[1.9201526641845703, 1.0270016193389893, 1.0518615245819092, 0.7410972118377686, 0.6297370195388794];388.1076376438141
9750;[3.4657483100891113, 3.6889092922210693, 3.5344176292419434, 3.2959189414978027, 3.2963929176330566, 3.3759734630584717];[0.4229542315006256, 0.8220176100730896, 0.8255599141120911, 0.7947656512260437, 0.8700751066207886, 0.9008546471595764];[-2.1522700786590576, -4.422832012176514, -4.704129695892334, -4.509379863739014, -5.166820049285889, -5.539191246032715];[2.055255174636841, 0.9605793356895447, 0.7649343013763428, 0.5971351265907288, 0.7546806335449219];465.6842448711395
9800;[3.4745001792907715, 2.7194674015045166, 2.617795705795288, 2.6336007118225098, 2.2765324115753174, 2.3242416381835938];[0.43103888630867004, 0.3164636492729187, 0.3197217285633087, 0.3179142475128174, 0.25748586654663086, 0.25740423798561096];[-2.180635452270508, -1.9074890613555908, -1.8965779542922974, -1.9305099248886108, -1.7050518989562988, -1.7507661581039429];[2.03851580619812, 1.830089807510376, 0.916296660900116, 1.0231903791427612, 0.7394223213195801];341.61413860321045
9850;[3.5591089725494385, 2.522066593170166, 2.65254807472229, 2.4736595153808594, 2.2116451263427734, 2.2701659202575684];[0.4267617464065552, 0.2940097153186798, 0.3108944296836853, 0.26129311323165894, 0.2262505739927292, 0.27073293924331665];[-2.2096614837646484, -1.784605622291565, -1.9362646341323853, -1.770645022392273, -1.6168749332427979, -1.740598201751709];[1.910569667816162, 1.6570099592208862, 1.1210403442382812, 0.8605269193649292, 0.8455401062965393];346.50618529319763
9900;[3.3933238983154297, 2.6688761711120605, 2.7791903018951416, 2.3951029777526855, 2.4499270915985107, 2.5473787784576416];[0.43316057324409485, 0.3213767111301422, 0.39638572931289673, 0.3406597077846527, 0.34155556559562683, 0.32088690996170044];[-2.1431241035461426, -1.9161584377288818, -2.190971612930298, -2.0622904300689697, -2.047072172164917, -2.024386167526245];[2.4598474502563477, 1.1240572929382324, 0.921233057975769, 0.6419452428817749, 0.74354088306427];338.4213533401489
9950;[3.403292179107666, 2.6974306106567383, 2.2968227863311768, 2.6073389053344727, 2.3421993255615234, 2.4845075607299805];[0.430907279253006, 0.3241761326789856, 0.27502694725990295, 0.30338385701179504, 0.2789992094039917, 0.30829060077667236];[-2.139824628829956, -1.9597668647766113, -1.7759939432144165, -1.9313801527023315, -1.8401650190353394, -1.9329456090927124];[2.5736148357391357, 1.1084190607070923, 1.1654934883117676, 0.9565427303314209, 0.8445896506309509];342.27815413475037
10000;[3.3262155055999756, 3.6452112197875977, 3.415570020675659, 3.5499460697174072, 3.5160253047943115, 3.5006635189056396];[0.43026137351989746, 0.7815320491790771, 0.834754467010498, 0.8950673341751099, 0.964390754699707, 0.9763892889022827];[-2.11252760887146, -4.24650764465332, -4.461669445037842, -5.294350624084473, -5.918564796447754, -6.288375377655029];[1.7370479106903076, 0.8664875030517578, 0.8704302310943604, 0.7017053961753845, 0.48517751693725586];374.25889468193054
