Seed;RMSE History;MMD History;Log-Likelihood History;Max EIG History;Deployment Time
50;[3.518050193786621, 2.7201993465423584, 2.4845683574676514, 2.3255937099456787, 2.495859384536743, 2.4704246520996094];[0.3292688727378845, 0.27018749713897705, 0.27607405185699463, 0.3025853931903839, 0.36772066354751587, 0.4029541015625];[-2.347703695297241, -2.3340840339660645, -2.44963002204895, -2.668935537338257, -3.0299489498138428, -3.2352869510650635];[2.239530324935913, 1.1193631887435913, 0.6269153356552124, 0.5271372199058533, 0.43530645966529846];394.0794711112976
50;[3.7702865600585938, 2.9572672843933105, 2.757181167602539, 2.5191214084625244, 2.6935973167419434, 2.6245837211608887];[0.289466917514801, 0.15519480407238007, 0.15262016654014587, 0.15336309373378754, 0.1913381814956665, 0.19845670461654663];[-2.377535104751587, -2.0908901691436768, -2.201072931289673, -2.166614055633545, -2.388624906539917, -2.4906961917877197];[2.239530324935913, 1.2837821245193481, 0.9483802914619446, 0.6465483903884888, 0.5704100728034973];385.12766337394714
100;[3.659580945968628, 4.032376766204834, 3.193619728088379, 3.0446741580963135, 2.9066953659057617, 3.0425307750701904];[0.31416648626327515, 0.3420572876930237, 0.3112008571624756, 0.39467111229896545, 0.39562487602233887, 0.406813383102417];[-2.374498128890991, -2.3886125087738037, -2.2569336891174316, -2.5322611331939697, -2.5124216079711914, -2.5992660522460938];[1.882926344871521, 2.7154717445373535, 1.9001821279525757, 1.1970837116241455, 0.9284534454345703];380.41441440582275
100;[4.006771564483643, 3.3762199878692627, 3.0544517040252686, 2.9894251823425293, 2.8128108978271484, 2.9496054649353027];[0.258314311504364, 0.1748833954334259, 0.1598091721534729, 0.18288053572177887, 0.1828932762145996, 0.2063850462436676];[-2.436501979827881, -2.2147464752197266, -2.3448519706726074, -2.4389050006866455, -2.353118896484375, -2.5378518104553223];[1.882926344871521, 2.319211483001709, 0.9117516875267029, 0.7081820964813232, 0.7285135984420776];377.65790128707886
150;[3.497097969055176, 2.7771823406219482, 3.0333428382873535, 2.7174460887908936, 2.883603096008301, 2.8188388347625732];[0.32012543082237244, 0.2245345413684845, 0.39210399985313416, 0.3691791892051697, 0.37752920389175415, 0.3550431728363037];[-2.320436954498291, -2.064474105834961, -2.5251526832580566, -2.4262797832489014, -2.5306529998779297, -2.4355251789093018];[2.1786041259765625, 1.6763184070587158, 1.0865422487258911, 1.1407339572906494, 1.0991910696029663];395.33241844177246
150;[3.7729921340942383, 3.0287089347839355, 3.241424560546875, 2.913346290588379, 3.0994820594787598, 3.0544769763946533];[0.28246140480041504, 0.13631613552570343, 0.258632630109787, 0.248963862657547, 0.25106075406074524, 0.23385319113731384];[-2.3357129096984863, -2.088763475418091, -2.601199150085449, -2.4721908569335938, -2.5867502689361572, -2.5062386989593506];[2.1786041259765625, 1.4295471906661987, 1.116296648979187, 1.1130352020263672, 1.1939480304718018];387.32955622673035
200;[3.5523300170898438, 2.736837387084961, 2.896176815032959, 3.1006758213043213, 2.977263927459717, 3.031662702560425];[0.32133498787879944, 0.2120082676410675, 0.3688430190086365, 0.46653419733047485, 0.42890259623527527, 0.43338871002197266];[-2.3463809490203857, -2.0399715900421143, -2.4313619136810303, -2.8387069702148438, -2.6876792907714844, -2.705594301223755];[2.1115198135375977, 1.573756456375122, 1.0731357336044312, 0.7931061387062073, 0.7180653810501099];384.9626019001007
200;[3.841989278793335, 2.9958086013793945, 2.797517776489258, 2.8268351554870605, 2.751242160797119, 2.8226478099823];[0.2777068316936493, 0.13487711548805237, 0.13318315148353577, 0.15156829357147217, 0.16848409175872803, 0.2221565842628479];[-2.3814196586608887, -2.0870487689971924, -2.1352529525756836, -2.2921628952026367, -2.289475440979004, -2.4902939796447754];[2.1115198135375977, 1.7882392406463623, 1.0602304935455322, 0.928487241268158, 0.5920984745025635];382.45750522613525
250;[3.553293466567993, 2.7256972789764404, 2.4148244857788086, 2.4619436264038086, 2.4497897624969482, 2.3705410957336426];[0.32453498244285583, 0.33809810876846313, 0.30999380350112915, 0.3274857997894287, 0.34467020630836487, 0.31850653886795044];[-2.351017951965332, -2.631688117980957, -2.6483964920043945, -2.8462274074554443, -2.9576141834259033, -2.853773355484009];[2.0582685470581055, 1.032656192779541, 0.6518058776855469, 0.5828351974487305, 0.6309612989425659];377.3491654396057
250;[3.8362362384796143, 2.851276159286499, 2.733707904815674, 2.7415785789489746, 2.700549364089966, 2.584050178527832];[0.2837018370628357, 0.18061597645282745, 0.25099852681159973, 0.25426292419433594, 0.243249773979187, 0.2058134824037552];[-2.3730008602142334, -2.168635845184326, -2.454984426498413, -2.659538745880127, -2.7396953105926514, -2.6887428760528564];[2.0582685470581055, 1.2742934226989746, 0.6814053654670715, 0.5639222860336304, 0.6529706716537476];389.8478755950928
300;[3.531836748123169, 2.7430896759033203, 2.5602102279663086, 2.536306858062744, 2.6336238384246826, 2.4417057037353516];[0.32167282700538635, 0.2433878481388092, 0.24078670144081116, 0.2308003455400467, 0.2557777464389801, 0.22266682982444763];[-2.3390114307403564, -2.0944268703460693, -2.1457016468048096, -2.1705844402313232, -2.4148008823394775, -2.2768399715423584];[1.7283567190170288, 1.255996823310852, 0.961576521396637, 0.5982228517532349, 0.7336950302124023];389.0675449371338
300;[3.8254170417785645, 2.9646949768066406, 2.9037363529205322, 2.9395861625671387, 3.0841968059539795, 2.8760921955108643];[0.2792637348175049, 0.15205338597297668, 0.16671164333820343, 0.16569659113883972, 0.18011707067489624, 0.14421334862709045];[-2.3687820434570312, -2.11855149269104, -2.2745556831359863, -2.3200366497039795, -2.5895237922668457, -2.260695219039917];[1.7283567190170288, 1.5872225761413574, 0.973423421382904, 0.8948678374290466, 0.8912885785102844];388.75098967552185
350;[3.4902820587158203, 2.910884380340576, 2.6607627868652344, 2.6756420135498047, 3.1087419986724854, 2.7752559185028076];[0.3032425343990326, 0.2510821521282196, 0.3299143314361572, 0.37439247965812683, 0.499056339263916, 0.4455623924732208];[-2.3089499473571777, -2.1667897701263428, -2.3092238903045654, -2.473207473754883, -2.968963384628296, -2.78826642036438];[1.8754745721817017, 1.1868101358413696, 0.9957363605499268, 0.7147603034973145, 0.7303836941719055];386.81942558288574
350;[3.7810158729553223, 3.2078511714935303, 2.847719430923462, 2.8499085903167725, 3.3091695308685303, 2.9178316593170166];[0.2617441713809967, 0.15359681844711304, 0.209696963429451, 0.24501138925552368, 0.3420177102088928, 0.29164958000183105];[-2.341439723968506, -2.2576942443847656, -2.3283450603485107, -2.5068612098693848, -3.11161208152771, -2.808972120285034];[1.8754745721817017, 1.184464693069458, 0.7370593547821045, 0.8039838075637817, 0.6649571061134338];384.3862464427948
400;[3.5450050830841064, 2.6652774810791016, 2.417400598526001, 2.3485851287841797, 2.4192898273468018, 2.3012197017669678];[0.3272956609725952, 0.246194988489151, 0.252399206161499, 0.2539840638637543, 0.2916461229324341, 0.273826003074646];[-2.3653807640075684, -2.239048957824707, -2.3569841384887695, -2.409830331802368, -2.6542882919311523, -2.6339919567108154];[1.8667047023773193, 0.9827868342399597, 0.6957830786705017, 0.5909696221351624, 0.6526745557785034];382.34397983551025
400;[3.8365018367767334, 2.947984457015991, 2.748544454574585, 2.6841557025909424, 2.766613483428955, 2.6455307006835938];[0.28688350319862366, 0.1433059722185135, 0.17114949226379395, 0.16539230942726135, 0.19109822809696198, 0.1881406605243683];[-2.384373426437378, -2.0837104320526123, -2.1636769771575928, -2.240307569503784, -2.444770097732544, -2.4680984020233154];[1.8667047023773193, 1.182202935218811, 0.8998920321464539, 0.7534819841384888, 0.8446551561355591];379.2835805416107
450;[3.6915128231048584, 2.810112714767456, 2.7133383750915527, 2.741513252258301, 2.5853824615478516, 2.5359230041503906];[0.32362547516822815, 0.40709760785102844, 0.4279899597167969, 0.42331966757774353, 0.40548232197761536, 0.3880389332771301];[-2.373487710952759, -3.0766897201538086, -3.2919960021972656, -3.2815158367156982, -3.20683217048645, -3.1462223529815674];[1.6526668071746826, 0.893695056438446, 0.6540524363517761, 0.6189151406288147, 0.5570130944252014];373.65638756752014
450;[4.029263496398926, 2.8976542949676514, 2.86197566986084, 2.9217286109924316, 2.709336280822754, 2.6815454959869385];[0.267217755317688, 0.18431341648101807, 0.2500627040863037, 0.2538261115550995, 0.2281571924686432, 0.2335546612739563];[-2.4298970699310303, -2.309600830078125, -2.6015992164611816, -2.808365821838379, -2.724522590637207, -2.7828094959259033];[1.6526668071746826, 1.1143124103546143, 0.769995927810669, 0.653515100479126, 0.682203471660614];381.59880924224854
500;[3.429854393005371, 2.7810494899749756, 2.707773208618164, 2.7195215225219727, 2.58614182472229, 2.5577118396759033];[0.3201182782649994, 0.3696494996547699, 0.4069642126560211, 0.4202268421649933, 0.42933976650238037, 0.41420766711235046];[-2.289767026901245, -2.8398873805999756, -3.1327552795410156, -3.192042350769043, -3.3460536003112793, -3.2437403202056885];[2.1344246864318848, 1.0803406238555908, 0.6545728445053101, 0.6537252068519592, 0.5087700486183167];383.0967266559601
500;[3.66644024848938, 2.881579637527466, 2.798440933227539, 2.7822110652923584, 2.6340761184692383, 2.6392993927001953];[0.29034972190856934, 0.1708984673023224, 0.1842690110206604, 0.2112777680158615, 0.24819320440292358, 0.2445196956396103];[-2.2939422130584717, -2.194162130355835, -2.370185613632202, -2.4849047660827637, -2.716242790222168, -2.7696194648742676];[2.1344246864318848, 1.1801553964614868, 0.7003639936447144, 0.6308238506317139, 0.4622308909893036];378.00123357772827
550;[3.4279885292053223, 2.8493564128875732, 2.930971622467041, 2.9885191917419434, 2.979733467102051, 2.787219762802124];[0.31024667620658875, 0.23094956576824188, 0.37077468633651733, 0.42312878370285034, 0.41915348172187805, 0.3722148835659027];[-2.2929978370666504, -2.0682880878448486, -2.410695791244507, -2.610860824584961, -2.6539409160614014, -2.5068585872650146];[1.7911864519119263, 1.44603431224823, 1.4672414064407349, 0.694110631942749, 1.0062724351882935];382.3671543598175
550;[3.6865522861480713, 3.016007900238037, 3.0912559032440186, 3.129251003265381, 3.1641287803649902, 2.96162748336792];[0.27847549319267273, 0.1508888155221939, 0.2454691380262375, 0.2868902087211609, 0.2835141122341156, 0.25097912549972534];[-2.3015549182891846, -2.099330425262451, -2.5109238624572754, -2.7181568145751953, -2.8648593425750732, -2.7108540534973145];[1.7911864519119263, 1.1779788732528687, 1.2454700469970703, 0.8017579317092896, 1.0224530696868896];367.73704409599304
600;[3.540910005569458, 3.061311721801758, 2.612319231033325, 2.5196914672851562, 2.4915311336517334, 2.5434839725494385];[0.31453534960746765, 0.275421679019928, 0.22760380804538727, 0.22998423874378204, 0.2265900820493698, 0.23681004345417023];[-2.319356679916382, -2.231834650039673, -2.090362071990967, -2.1377923488616943, -2.1551783084869385, -2.2482383251190186];[2.3994698524475098, 1.6187809705734253, 1.0506799221038818, 0.8625360131263733, 0.9237183332443237];366.1967816352844
600;[3.8338539600372314, 3.3342599868774414, 3.102581024169922, 2.9721343517303467, 2.9994683265686035, 3.0941531658172607];[0.2677205502986908, 0.16948673129081726, 0.2694794535636902, 0.2696491777896881, 0.26765674352645874, 0.25946518778800964];[-2.3706183433532715, -2.2976932525634766, -2.7117085456848145, -2.867549419403076, -2.904590606689453, -2.9780423641204834];[2.3994698524475098, 1.1114181280136108, 0.8763023614883423, 0.6926591992378235, 0.7690043449401855];381.0048656463623
650;[3.604032278060913, 2.828320026397705, 2.604689598083496, 2.538313865661621, 2.5910098552703857, 2.5127837657928467];[0.32569724321365356, 0.2555881142616272, 0.22146965563297272, 0.2164057195186615, 0.22614611685276031, 0.23723958432674408];[-2.375779390335083, -2.154188871383667, -2.0474236011505127, -2.0811097621917725, -2.183716297149658, -2.27713680267334];[1.905109167098999, 1.9188014268875122, 1.2019920349121094, 1.2642123699188232, 0.9468144178390503];369.4659848213196
650;[3.9040536880493164, 3.0240283012390137, 2.849331855773926, 2.88789701461792, 2.9677515029907227, 2.9311137199401855];[0.2791663408279419, 0.16449637711048126, 0.179630845785141, 0.21925903856754303, 0.1966802328824997, 0.18779638409614563];[-2.4164435863494873, -2.194530487060547, -2.278270959854126, -2.5658211708068848, -2.5106961727142334, -2.4556658267974854];[1.905109167098999, 1.5320148468017578, 0.936465322971344, 0.7934207916259766, 0.856585681438446];381.13412261009216
700;[3.5309722423553467, 2.8783135414123535, 3.2507920265197754, 3.398911237716675, 3.5951762199401855, 3.5109763145446777];[0.3201204836368561, 0.22524046897888184, 0.4734385013580322, 0.6158337593078613, 0.6965585947036743, 0.7083900570869446];[-2.3599231243133545, -2.0529050827026367, -2.7543139457702637, -3.3929269313812256, -3.8207359313964844, -4.077326774597168];[1.8218398094177246, 1.3966398239135742, 0.9045202136039734, 0.8631300926208496, 0.9668619632720947];365.8414399623871
700;[3.8213300704956055, 3.0817880630493164, 3.2807600498199463, 3.377927303314209, 3.546292543411255, 3.4511799812316895];[0.2770443856716156, 0.14265066385269165, 0.29424184560775757, 0.41448938846588135, 0.46253541111946106, 0.48359981179237366];[-2.3834190368652344, -2.0693907737731934, -2.804121971130371, -3.5772364139556885, -4.00633430480957, -4.311838150024414];[1.8218398094177246, 1.3042775392532349, 1.1440675258636475, 0.9686684012413025, 0.8039990067481995];367.7446084022522
750;[3.5392649173736572, 2.8780033588409424, 2.7321746349334717, 2.7221755981445312, 2.6757471561431885, 2.6121883392333984];[0.3328361511230469, 0.2454361915588379, 0.3045203983783722, 0.3048274517059326, 0.30002665519714355, 0.3191220164299011];[-2.3656411170959473, -2.1669540405273438, -2.340780019760132, -2.387554883956909, -2.39137864112854, -2.4681005477905273];[2.4176478385925293, 1.3448230028152466, 0.9775261282920837, 0.9189878702163696, 0.6687396764755249];390.7838833332062
750;[3.797492265701294, 3.177501678466797, 3.0237607955932617, 3.057457447052002, 3.029407262802124, 2.903043746948242];[0.289719820022583, 0.16066424548625946, 0.23041214048862457, 0.2398916333913803, 0.244124174118042, 0.23241408169269562];[-2.391772985458374, -2.221883773803711, -2.583221673965454, -2.719620704650879, -2.7755541801452637, -2.720876455307007];[2.4176478385925293, 1.3741123676300049, 1.1672950983047485, 0.8938595056533813, 0.9196423888206482];387.85113644599915
800;[3.612802028656006, 2.631871223449707, 2.5360429286956787, 2.655667304992676, 2.43900203704834, 2.4092447757720947];[0.31813952326774597, 0.2275896817445755, 0.2147514522075653, 0.24497665464878082, 0.2242755889892578, 0.21083375811576843];[-2.3637871742248535, -2.067967176437378, -2.0778591632843018, -2.178870677947998, -2.1337690353393555, -2.092609405517578];[1.7652254104614258, 1.3121092319488525, 0.9637724757194519, 0.7839167714118958, 0.7987041473388672];368.2757251262665
800;[3.937373638153076, 2.874500036239624, 2.7854530811309814, 2.9287257194519043, 2.6533212661743164, 2.6525590419769287];[0.2629055678844452, 0.1491064578294754, 0.13698458671569824, 0.1465977281332016, 0.13829372823238373, 0.15321850776672363];[-2.410005569458008, -2.121042490005493, -2.099902391433716, -2.2527315616607666, -2.135545015335083, -2.1279242038726807];[1.7652254104614258, 1.3287644386291504, 0.9644063115119934, 0.7853565812110901, 0.6199149489402771];364.6629891395569
850;[3.40629506111145, 3.4275126457214355, 3.2218270301818848, 3.069880962371826, 2.9917826652526855, 3.0482325553894043];[0.31851717829704285, 0.6147287487983704, 0.6022236347198486, 0.5799399018287659, 0.5743914842605591, 0.5664495229721069];[-2.2892351150512695, -4.181657314300537, -4.234811782836914, -4.1520304679870605, -4.233353137969971, -4.117735385894775];[1.6513055562973022, 0.8441570997238159, 0.6778499484062195, 0.670947253704071, 0.887727677822113];367.63540840148926
850;[3.6515612602233887, 2.948261260986328, 2.8818466663360596, 2.788400888442993, 2.7709648609161377, 2.976623773574829];[0.2851385772228241, 0.2624077796936035, 0.24356740713119507, 0.2704375386238098, 0.28713056445121765, 0.28194838762283325];[-2.3090617656707764, -2.455594062805176, -2.5873734951019287, -2.6535117626190186, -2.7195963859558105, -2.8862175941467285];[1.6513055562973022, 0.8989243507385254, 0.9447354078292847, 0.6191223859786987, 0.4579322040081024];378.64782214164734
900;[3.5753185749053955, 2.532562732696533, 2.495252847671509, 2.600895881652832, 2.333439350128174, 2.4000911712646484];[0.3263450264930725, 0.19146665930747986, 0.17868848145008087, 0.2159956693649292, 0.18666400015354156, 0.21543748676776886];[-2.3481249809265137, -1.9762487411499023, -1.9450733661651611, -2.1369926929473877, -2.049018383026123, -2.204623222351074];[1.9815516471862793, 1.5835046768188477, 1.217164397239685, 0.9040759801864624, 0.7934949994087219];376.8205590248108
900;[3.856558322906494, 2.7349042892456055, 2.7344970703125, 2.954054594039917, 2.6303181648254395, 2.7437214851379395];[0.2791967988014221, 0.12646254897117615, 0.13099658489227295, 0.16436688601970673, 0.1364906281232834, 0.15482547879219055];[-2.386396646499634, -1.958783745765686, -2.0575809478759766, -2.3784992694854736, -2.187825918197632, -2.3691487312316895];[1.9815516471862793, 1.3083189725875854, 0.9832528829574585, 0.7407978773117065, 0.7049261927604675];376.3680582046509
950;[3.552725076675415, 2.795288324356079, 3.1102054119110107, 3.2941622734069824, 3.5022902488708496, 3.210062026977539];[0.3211316168308258, 0.23347115516662598, 0.43454742431640625, 0.559174656867981, 0.6407557725906372, 0.6414271593093872];[-2.3535826206207275, -2.0527725219726562, -2.6626367568969727, -3.2356584072113037, -3.799675226211548, -3.7051477432250977];[2.067765951156616, 1.6883981227874756, 1.0809441804885864, 0.7503345012664795, 0.7428789734840393];374.50388526916504
950;[3.852540969848633, 2.9939181804656982, 3.1663870811462402, 3.1424403190612793, 3.232130527496338, 2.851438522338867];[0.2726131081581116, 0.1445009857416153, 0.23523053526878357, 0.2615659832954407, 0.2666124403476715, 0.23411984741687775];[-2.3935117721557617, -2.0580108165740967, -2.56891131401062, -2.7637686729431152, -3.002248525619507, -2.6850900650024414];[2.067765951156616, 1.5536404848098755, 0.9655551910400391, 0.7087506055831909, 0.8070772290229797];370.7480275630951
1000;[3.5437560081481934, 2.84751033782959, 2.551571846008301, 2.3731722831726074, 2.352768659591675, 2.524735450744629];[0.3287908434867859, 0.22920161485671997, 0.22105519473552704, 0.23208172619342804, 0.23962867259979248, 0.2628493010997772];[-2.3553853034973145, -2.171804189682007, -2.1792640686035156, -2.2768678665161133, -2.3523178100585938, -2.4687321186065674];[2.1019175052642822, 1.6388908624649048, 0.8922182321548462, 0.8388746976852417, 0.560424268245697];367.0731852054596
1000;[3.809922695159912, 3.1913554668426514, 2.9205973148345947, 2.68615984916687, 2.6666252613067627, 2.9239041805267334];[0.2840760350227356, 0.14781206846237183, 0.15164056420326233, 0.18005411326885223, 0.17775192856788635, 0.19009341299533844];[-2.3852202892303467, -2.219301223754883, -2.145796298980713, -2.207312822341919, -2.2972474098205566, -2.6478748321533203];[2.1019175052642822, 1.696230411529541, 1.0751234292984009, 0.891692578792572, 0.6761406064033508];376.62916707992554
1050;[3.498385190963745, 2.8842484951019287, 3.0687789916992188, 2.8013172149658203, 2.6454036235809326, 2.713799476623535];[0.316914439201355, 0.2508601248264313, 0.28198230266571045, 0.2794720530509949, 0.25778675079345703, 0.254265695810318];[-2.322052240371704, -2.136261463165283, -2.251972198486328, -2.279611825942993, -2.210214376449585, -2.228158712387085];[1.9603177309036255, 1.5306551456451416, 1.6300342082977295, 1.183933973312378, 1.3248966932296753];380.16686844825745
1050;[3.7667996883392334, 3.0495541095733643, 3.3681564331054688, 3.0205838680267334, 2.8330366611480713, 2.9275355339050293];[0.2739606201648712, 0.16705259680747986, 0.21868428587913513, 0.19238686561584473, 0.168509840965271, 0.15565167367458344];[-2.3533079624176025, -2.182574987411499, -2.547140598297119, -2.4137072563171387, -2.2963883876800537, -2.330434560775757];[1.9603177309036255, 1.1933335065841675, 1.2995588779449463, 1.070318579673767, 1.3690768480300903];385.37492203712463
1100;[3.633084297180176, 2.809155225753784, 2.7291271686553955, 2.6617751121520996, 2.5732455253601074, 2.6274638175964355];[0.3227347433567047, 0.2421000897884369, 0.22154882550239563, 0.22814539074897766, 0.2172335535287857, 0.2491871416568756];[-2.406907081604004, -2.0564849376678467, -2.053832530975342, -2.0735135078430176, -2.064624309539795, -2.215442419052124];[2.0109710693359375, 1.7914223670959473, 1.222957730293274, 1.1652259826660156, 0.9155125021934509];375.8047721385956
1100;[3.953230857849121, 2.9557175636291504, 2.9812285900115967, 3.0672707557678223, 3.1244237422943115, 3.182973623275757];[0.27360281348228455, 0.15486128628253937, 0.15462034940719604, 0.2156592607498169, 0.27501800656318665, 0.3039011061191559];[-2.441704750061035, -2.054457664489746, -2.1074905395507812, -2.3878896236419678, -2.695357322692871, -2.9451797008514404];[2.0109710693359375, 1.6458250284194946, 1.0839200019836426, 1.1657358407974243, 0.9322970509529114];381.1549422740936
1150;[3.549370527267456, 2.926703691482544, 3.3342981338500977, 3.6177992820739746, 3.615081548690796, 4.023626804351807];[0.32456448674201965, 0.2567422389984131, 0.5918689966201782, 0.7128192186355591, 0.7705656290054321, 0.8743067383766174];[-2.3321547508239746, -2.1316704750061035, -3.1186039447784424, -3.7990896701812744, -4.31132698059082, -5.186343669891357];[2.138690233230591, 1.9676399230957031, 1.2293769121170044, 1.054652214050293, 0.8541203737258911];378.6956481933594
1150;[3.819810152053833, 3.0354204177856445, 2.867276430130005, 2.8577842712402344, 2.7440876960754395, 2.9002387523651123];[0.2810384929180145, 0.1789361983537674, 0.16877035796642303, 0.14808844029903412, 0.1688241809606552, 0.1838681548833847];[-2.362546920776367, -2.194953203201294, -2.263732671737671, -2.198084831237793, -2.2649080753326416, -2.419203996658325];[2.138690233230591, 1.7415921688079834, 0.9990684390068054, 0.8815197944641113, 0.8419090509414673];360.7241048812866
1200;[3.5017285346984863, 2.867865800857544, 2.844917058944702, 2.7186756134033203, 2.5032734870910645, 2.5817008018493652];[0.3102601170539856, 0.37120917439460754, 0.37734219431877136, 0.4275011122226715, 0.40439319610595703, 0.41240063309669495];[-2.3085689544677734, -2.8340821266174316, -2.9376840591430664, -3.2466042041778564, -3.2868614196777344, -3.4080793857574463];[1.9029061794281006, 0.8666286468505859, 0.6929312944412231, 0.5444377660751343, 0.5245220065116882];362.6073257923126
1200;[3.7827274799346924, 2.9990062713623047, 3.043367862701416, 2.8194186687469482, 2.654724597930908, 2.7877421379089355];[0.268138587474823, 0.18559949100017548, 0.19485919177532196, 0.18387927114963531, 0.18641819059848785, 0.20250831544399261];[-2.3427767753601074, -2.268216848373413, -2.5987377166748047, -2.5531880855560303, -2.776890754699707, -2.986893653869629];[1.9029061794281006, 1.072826623916626, 0.7214213013648987, 0.5969765782356262, 0.6602197885513306];386.7760441303253
1250;[3.4876513481140137, 2.831281900405884, 2.757220506668091, 2.6810107231140137, 2.6823222637176514, 2.3207099437713623];[0.3158087134361267, 0.22784018516540527, 0.2749934494495392, 0.28259706497192383, 0.2675081193447113, 0.2034626454114914];[-2.328146457672119, -2.1022322177886963, -2.2408041954040527, -2.3656582832336426, -2.332590103149414, -2.1090314388275146];[2.0503711700439453, 1.2409862279891968, 0.8525256514549255, 0.9057262539863586, 0.6484835147857666];388.8544011116028
1250;[3.762364149093628, 3.1235480308532715, 2.998631000518799, 2.946967840194702, 3.052339553833008, 2.720282793045044];[0.2784407436847687, 0.14869916439056396, 0.1351199895143509, 0.15573225915431976, 0.17798097431659698, 0.14946891367435455];[-2.34122371673584, -2.149703025817871, -2.1531479358673096, -2.3488128185272217, -2.50346302986145, -2.311088800430298];[2.0503711700439453, 1.2213935852050781, 0.8472312688827515, 1.0168479681015015, 0.5329970717430115];379.0924029350281
1300;[3.5354790687561035, 2.7374439239501953, 2.655806303024292, 2.8208069801330566, 2.371843099594116, 2.4018378257751465];[0.3090335726737976, 0.21366654336452484, 0.23727461695671082, 0.26618707180023193, 0.21682503819465637, 0.228371724486351];[-2.30558705329895, -2.067981481552124, -2.2409555912017822, -2.3789501190185547, -2.222878932952881, -2.2418196201324463];[2.3675012588500977, 1.7764865159988403, 0.9856310486793518, 0.8605648875236511, 0.7121495008468628];379.35347056388855
1300;[3.824474573135376, 2.985412836074829, 2.9131228923797607, 3.109820604324341, 2.6095938682556152, 2.6582911014556885];[0.26382386684417725, 0.13720089197158813, 0.16167786717414856, 0.18538063764572144, 0.16038426756858826, 0.17285513877868652];[-2.3408279418945312, -2.1146082878112793, -2.4017562866210938, -2.68628191947937, -2.4971556663513184, -2.516324043273926];[2.3675012588500977, 1.8338967561721802, 0.8696478009223938, 0.6289076805114746, 0.9298179745674133];380.3319866657257
1350;[3.5258939266204834, 2.563106060028076, 2.744480609893799, 2.593832492828369, 2.3766424655914307, 2.5178818702697754];[0.32419249415397644, 0.21231412887573242, 0.2567457854747772, 0.25075557827949524, 0.2431153953075409, 0.3143787086009979];[-2.359018087387085, -2.038496255874634, -2.2694594860076904, -2.3280558586120605, -2.3727381229400635, -2.7294116020202637];[2.0124943256378174, 1.6081315279006958, 0.9283535480499268, 0.6327042579650879, 0.5560844540596008];381.5096163749695
1350;[3.8054158687591553, 2.8224191665649414, 3.313065528869629, 3.245872735977173, 2.9586989879608154, 3.0802500247955322];[0.2841842770576477, 0.1401648223400116, 0.25693511962890625, 0.28392547369003296, 0.25218525528907776, 0.25994449853897095];[-2.378052234649658, -2.0574705600738525, -2.8014872074127197, -3.0189990997314453, -2.8746178150177, -3.173701286315918];[2.0124943256378174, 1.4557907581329346, 1.0517939329147339, 0.6400466561317444, 0.7161085605621338];374.605703830719
1400;[3.573118209838867, 3.017881393432617, 3.370368003845215, 3.514472007751465, 3.817488431930542, 3.831216335296631];[0.3319355547428131, 0.2551717162132263, 0.5687694549560547, 0.6788615584373474, 0.8083978891372681, 0.8350553512573242];[-2.357722520828247, -2.132739782333374, -2.996603012084961, -3.5038115978240967, -4.303952217102051, -4.624005317687988];[1.8583929538726807, 1.9998008012771606, 1.0864650011062622, 1.040766716003418, 1.0580623149871826];366.2092185020447
1400;[3.8535892963409424, 3.1702616214752197, 3.4406893253326416, 3.5550947189331055, 3.8046875, 3.746163845062256];[0.28976142406463623, 0.17393387854099274, 0.41536879539489746, 0.5220484733581543, 0.607938826084137, 0.5957347750663757];[-2.3891215324401855, -2.2092208862304688, -3.1356053352355957, -3.7028279304504395, -4.444064617156982, -4.518728733062744];[1.8583929538726807, 1.5879278182983398, 1.034130573272705, 0.821581244468689, 0.8946663737297058];360.65762543678284
1450;[3.462273120880127, 2.685044050216675, 2.9840662479400635, 2.519742250442505, 2.5418472290039062, 2.3925647735595703];[0.31377702951431274, 0.22857575118541718, 0.31526434421539307, 0.24832400679588318, 0.24469994008541107, 0.2476927489042282];[-2.2975685596466064, -2.0529472827911377, -2.4452435970306396, -2.2451367378234863, -2.2910468578338623, -2.3805341720581055];[2.1872189044952393, 1.5078355073928833, 1.0838240385055542, 0.9230331182479858, 0.7042413949966431];381.4398741722107
1450;[3.726362466812134, 2.8938965797424316, 3.2699499130249023, 2.786539077758789, 2.912036657333374, 2.751783847808838];[0.27243274450302124, 0.14361539483070374, 0.20312272012233734, 0.1679396778345108, 0.19108983874320984, 0.18780532479286194];[-2.3279733657836914, -2.0829198360443115, -2.5975162982940674, -2.385605812072754, -2.6237120628356934, -2.645446300506592];[2.1872189044952393, 1.494201898574829, 1.0822653770446777, 0.902324378490448, 0.7395117878913879];358.9953656196594
1500;[3.464956283569336, 2.558131694793701, 2.5960471630096436, 2.331427812576294, 2.436244249343872, 2.3830461502075195];[0.3134991228580475, 0.2007439285516739, 0.23837631940841675, 0.2125309556722641, 0.24664033949375153, 0.25249457359313965];[-2.3150103092193604, -2.0240907669067383, -2.279395341873169, -2.220219612121582, -2.403237819671631, -2.4928653240203857];[1.7884621620178223, 1.2842150926589966, 0.8992555141448975, 0.5815348029136658, 0.525688648223877];374.7784914970398
1500;[3.732696533203125, 2.8229901790618896, 3.0207250118255615, 2.6753551959991455, 2.770380973815918, 2.752520799636841];[0.2757726013660431, 0.1336020827293396, 0.18401210010051727, 0.13334400951862335, 0.1397300511598587, 0.14906136691570282];[-2.3366849422454834, -2.042400598526001, -2.534848213195801, -2.2335970401763916, -2.2910420894622803, -2.4655332565307617];[1.7884621620178223, 0.9819265604019165, 0.9343960285186768, 0.5737420916557312, 0.5551730394363403];378.18570852279663
1550;[3.500197410583496, 2.966155529022217, 2.8478493690490723, 3.014021635055542, 2.8395743370056152, 2.7787539958953857];[0.312002569437027, 0.28008437156677246, 0.3161548376083374, 0.3590289354324341, 0.3219224810600281, 0.2766558825969696];[-2.3159425258636475, -2.199702739715576, -2.2768101692199707, -2.4219045639038086, -2.306884765625, -2.184391736984253];[2.0693423748016357, 1.2491893768310547, 1.2211048603057861, 1.0961605310440063, 0.9087753891944885];380.17220306396484
1550;[3.785066604614258, 3.1668076515197754, 2.9104292392730713, 3.082383394241333, 2.9224870204925537, 2.9343676567077637];[0.2721848785877228, 0.17612355947494507, 0.1525220274925232, 0.19487205147743225, 0.18424144387245178, 0.17229853570461273];[-2.34751296043396, -2.2193989753723145, -2.182035446166992, -2.467716693878174, -2.424043655395508, -2.3971078395843506];[2.0693423748016357, 1.2093100547790527, 0.9754552841186523, 1.1775861978530884, 0.6771266460418701];374.2429711818695
1600;[3.597944498062134, 2.7049641609191895, 2.450058698654175, 2.47184419631958, 2.5012543201446533, 2.2071783542633057];[0.32531020045280457, 0.24818724393844604, 0.2323436737060547, 0.25261861085891724, 0.2739691138267517, 0.23900915682315826];[-2.366403818130493, -2.2317917346954346, -2.2373995780944824, -2.3874449729919434, -2.4894020557403564, -2.384906768798828];[1.7383140325546265, 0.9961189031600952, 0.7136362791061401, 0.6644768714904785, 0.6285742521286011];361.255978345871
1600;[3.8936989307403564, 2.952298402786255, 2.631483316421509, 2.704378128051758, 2.7562761306762695, 2.4279041290283203];[0.28058260679244995, 0.1547064632177353, 0.13382790982723236, 0.15551510453224182, 0.18460167944431305, 0.16305199265480042];[-2.3895761966705322, -2.0872201919555664, -2.068197727203369, -2.243581533432007, -2.4621071815490723, -2.3511245250701904];[1.7383140325546265, 1.1074827909469604, 0.7597112059593201, 0.703321635723114, 0.5442748069763184];372.28781247138977
1650;[3.436478853225708, 2.760549783706665, 2.580204963684082, 2.403212785720825, 2.4442203044891357, 2.365252733230591];[0.31080397963523865, 0.2317688912153244, 0.24447160959243774, 0.2714519798755646, 0.29989317059516907, 0.29331108927726746];[-2.295853853225708, -2.187805414199829, -2.2913455963134766, -2.4478278160095215, -2.6174802780151367, -2.5953474044799805];[1.549014687538147, 0.9798035621643066, 0.8151077032089233, 0.7204943895339966, 0.853946328163147];373.6161470413208
1650;[3.6971449851989746, 3.065899133682251, 2.855994462966919, 2.6341381072998047, 2.767815351486206, 2.734555244445801];[0.27425670623779297, 0.13993312418460846, 0.16833816468715668, 0.2191901057958603, 0.2969292998313904, 0.31920549273490906];[-2.3213651180267334, -2.1073641777038574, -2.2217845916748047, -2.3153905868530273, -2.6899523735046387, -2.8242971897125244];[1.549014687538147, 0.9667918086051941, 0.8309054970741272, 0.8047442436218262, 0.8483689427375793];377.9570164680481
1700;[3.4560554027557373, 2.5505948066711426, 2.565966844558716, 2.4010684490203857, 2.449167013168335, 2.4586706161499023];[0.30309203267097473, 0.23203207552433014, 0.29695549607276917, 0.32120469212532043, 0.3399565815925598, 0.3571304976940155];[-2.2906713485717773, -2.198385238647461, -2.6481926441192627, -2.8206188678741455, -3.0236988067626953, -3.1347970962524414];[1.6701213121414185, 0.8601664304733276, 0.8335106372833252, 0.6002234816551208, 0.5158638954162598];380.2118020057678
1700;[3.737506151199341, 2.8151776790618896, 2.8995285034179688, 2.6613075733184814, 2.771585464477539, 2.7587697505950928];[0.26869598031044006, 0.1497800648212433, 0.18206433951854706, 0.17817382514476776, 0.20934396982192993, 0.23435726761817932];[-2.304698944091797, -2.1102054119110107, -2.636483669281006, -2.598642110824585, -2.894984483718872, -2.9957809448242188];[1.6701213121414185, 0.9277061223983765, 0.9925675392150879, 0.7805792093276978, 0.6314515471458435];371.18931317329407
1750;[3.5498480796813965, 2.734818935394287, 2.486306667327881, 2.647515296936035, 2.406172752380371, 2.562263011932373];[0.3212936520576477, 0.30901864171028137, 0.26941949129104614, 0.3051284849643707, 0.2769830822944641, 0.3246172070503235];[-2.345487117767334, -2.5385828018188477, -2.4344475269317627, -2.7131359577178955, -2.595144271850586, -2.9164974689483643];[2.0539963245391846, 1.1568505764007568, 0.6922896504402161, 0.5894513130187988, 0.6070549488067627];376.01830649375916
1750;[3.8430700302124023, 2.9550108909606934, 2.7535014152526855, 3.0384812355041504, 2.6629040241241455, 2.832883596420288];[0.2804086208343506, 0.18046025931835175, 0.15674299001693726, 0.2060670703649521, 0.17509855329990387, 0.2120361030101776];[-2.376481771469116, -2.192654848098755, -2.2377700805664062, -2.930532693862915, -2.5702626705169678, -2.984814405441284];[2.0539963245391846, 1.2683258056640625, 0.7456626296043396, 0.5399940013885498, 0.6492747068405151];380.7397999763489
1800;[3.605226755142212, 2.860434055328369, 2.5058486461639404, 2.65746808052063, 2.4691922664642334, 2.644867420196533];[0.3255167305469513, 0.2580660879611969, 0.2270803153514862, 0.2512093186378479, 0.2338188737630844, 0.286531925201416];[-2.3653697967529297, -2.1853597164154053, -2.12275767326355, -2.254795551300049, -2.2148754596710205, -2.495882034301758];[2.0956878662109375, 1.3144944906234741, 0.9421418905258179, 0.8556579351425171, 0.7477399110794067];374.82292890548706
1800;[3.910835027694702, 3.1123557090759277, 2.731534957885742, 2.9556331634521484, 2.696737766265869, 2.8940269947052];[0.2755705714225769, 0.1704253852367401, 0.15032030642032623, 0.17199674248695374, 0.16630733013153076, 0.18363714218139648];[-2.414064884185791, -2.2383835315704346, -2.2032859325408936, -2.417788028717041, -2.32962703704834, -2.4869706630706787];[2.0956878662109375, 1.3237890005111694, 0.930214524269104, 0.7419854998588562, 0.7139166593551636];368.0158324241638
1850;[3.585946559906006, 2.721888780593872, 2.736543893814087, 2.673207998275757, 2.6830894947052, 2.48846435546875];[0.3234803378582001, 0.23757095634937286, 0.2425806075334549, 0.26109200716018677, 0.27995091676712036, 0.2536938190460205];[-2.3658080101013184, -2.070988655090332, -2.16007924079895, -2.1798958778381348, -2.2593774795532227, -2.223095417022705];[1.713031530380249, 1.5534462928771973, 1.1482698917388916, 1.1209871768951416, 1.0421594381332397];374.9919159412384
1850;[3.8915464878082275, 2.912827491760254, 3.266658067703247, 3.376863718032837, 3.4417569637298584, 3.221947193145752];[0.2754146158695221, 0.15112246572971344, 0.27957606315612793, 0.3798835873603821, 0.40239977836608887, 0.39477428793907166];[-2.412106990814209, -2.0815494060516357, -2.6945385932922363, -3.14932918548584, -3.3851006031036377, -3.3891289234161377];[1.713031530380249, 1.3382471799850464, 1.1523586511611938, 0.8759607076644897, 0.9053067564964294];378.84053778648376
1900;[3.5799410343170166, 2.8418891429901123, 2.4766383171081543, 2.317837953567505, 2.3350977897644043, 2.387446641921997];[0.33053767681121826, 0.220607191324234, 0.23070764541625977, 0.19801191985607147, 0.21072573959827423, 0.23558244109153748];[-2.3639814853668213, -2.0845141410827637, -2.120818614959717, -2.0859742164611816, -2.193493604660034, -2.311413049697876];[2.506030797958374, 1.84868586063385, 0.8377514481544495, 0.5855517983436584, 0.7921076416969299];371.77645349502563
1900;[3.870701313018799, 3.1405248641967773, 2.777376174926758, 2.6525235176086426, 2.668466329574585, 2.7503769397735596];[0.28553450107574463, 0.1409740149974823, 0.16072426736354828, 0.1363217681646347, 0.14412446320056915, 0.1574980616569519];[-2.4045965671539307, -2.147817373275757, -2.2634997367858887, -2.205702543258667, -2.273555040359497, -2.3542397022247314];[2.506030797958374, 1.473829746246338, 0.8985869884490967, 0.6010608077049255, 0.8228356242179871];365.65040278434753
1950;[3.514319896697998, 2.5593349933624268, 2.5816304683685303, 2.5486373901367188, 2.371828556060791, 2.2720019817352295];[0.3258659839630127, 0.224749356508255, 0.22718718647956848, 0.22374078631401062, 0.20015960931777954, 0.19596315920352936];[-2.3650434017181396, -2.063591241836548, -2.1318931579589844, -2.133512496948242, -2.1037919521331787, -2.084243059158325];[2.066718578338623, 0.8689913749694824, 0.9269516468048096, 0.9471732974052429, 0.9168621301651001];374.0677719116211
1950;[3.7896182537078857, 2.8257176876068115, 2.878791093826294, 2.8114922046661377, 2.6326277256011963, 2.494849443435669];[0.29000577330589294, 0.14884833991527557, 0.14886970818042755, 0.14432433247566223, 0.14987708628177643, 0.13848163187503815];[-2.3684115409851074, -2.1183528900146484, -2.2009685039520264, -2.2118191719055176, -2.1439926624298096, -2.0864765644073486];[2.066718578338623, 0.9938012361526489, 1.0321600437164307, 0.751929521560669, 0.9049704074859619];372.7113106250763
2000;[3.5761539936065674, 2.685058116912842, 2.5352797508239746, 2.610985279083252, 2.6108884811401367, 2.6954033374786377];[0.32006293535232544, 0.2986629009246826, 0.3500717878341675, 0.35889002680778503, 0.3826755881309509, 0.39432409405708313];[-2.343735933303833, -2.516629219055176, -2.8304789066314697, -2.9025635719299316, -3.023237466812134, -3.0797128677368164];[1.842687964439392, 0.9627103805541992, 0.5831762552261353, 0.6866336464881897, 0.6537363529205322];369.5801525115967
2000;[3.8713388442993164, 2.9023725986480713, 2.6038684844970703, 2.7122645378112793, 2.7192420959472656, 2.8027029037475586];[0.2777880132198334, 0.1461852639913559, 0.14202368259429932, 0.1452425867319107, 0.16893243789672852, 0.16779012978076935];[-2.3715295791625977, -2.144991874694824, -2.121227502822876, -2.215853452682495, -2.4277455806732178, -2.487827777862549];[1.842687964439392, 1.022299885749817, 0.7247537970542908, 0.7875710129737854, 0.7137787342071533];375.1397180557251
2050;[3.535275459289551, 2.710131883621216, 2.575242280960083, 2.473020076751709, 2.414402961730957, 2.536851644515991];[0.3221924304962158, 0.27533286809921265, 0.27240362763404846, 0.3086663484573364, 0.3032294511795044, 0.3311634659767151];[-2.326617956161499, -2.39237642288208, -2.401804208755493, -2.6651878356933594, -2.7008464336395264, -2.8953769207000732];[1.9777864217758179, 0.9272659420967102, 0.8911005258560181, 0.7706730365753174, 0.6471638679504395];379.4152262210846
2050;[3.812070369720459, 2.9829535484313965, 2.8624799251556396, 2.702425241470337, 2.6960396766662598, 2.831859827041626];[0.27784520387649536, 0.15477344393730164, 0.1576075553894043, 0.16131173074245453, 0.1629948616027832, 0.1814742088317871];[-2.370086669921875, -2.1511054039001465, -2.286630630493164, -2.3311069011688232, -2.421339273452759, -2.7012221813201904];[1.9777864217758179, 1.2466083765029907, 0.8846414089202881, 0.760547935962677, 0.7676374912261963];381.6608829498291
2100;[3.5217692852020264, 3.7305305004119873, 3.5496103763580322, 3.520796298980713, 3.3595774173736572, 3.195232391357422];[0.31753093004226685, 0.6945261359214783, 0.6678633689880371, 0.7246012687683105, 0.6956419944763184, 0.6730271577835083];[-2.337181806564331, -4.969505786895752, -4.835355281829834, -5.238085746765137, -5.2137064933776855, -5.069902420043945];[2.477932929992676, 0.8809942007064819, 0.737751841545105, 0.8029415011405945, 0.5749620795249939];371.41662883758545
2100;[3.794963836669922, 2.9474172592163086, 3.1058638095855713, 3.0439860820770264, 2.9664082527160645, 2.9347169399261475];[0.27691808342933655, 0.34275445342063904, 0.4160766899585724, 0.4711752235889435, 0.46933218836784363, 0.4832119643688202];[-2.3659555912017822, -2.7217507362365723, -3.374297857284546, -3.7620582580566406, -3.8466861248016357, -3.9471356868743896];[2.477932929992676, 0.8681541681289673, 0.5990126729011536, 0.5893349647521973, 0.3636508882045746];364.19883131980896
2150;[3.587566375732422, 2.752253532409668, 2.8665170669555664, 2.6201391220092773, 2.6992223262786865, 2.4032392501831055];[0.31922027468681335, 0.22039632499217987, 0.24927480518817902, 0.19748817384243011, 0.21142077445983887, 0.19580569863319397];[-2.356583595275879, -2.0296761989593506, -2.1208274364471436, -2.033238649368286, -2.1473255157470703, -2.123863697052002];[1.5561680793762207, 1.96836519241333, 1.2903141975402832, 1.278721809387207, 1.2501213550567627];379.61024618148804
2150;[3.895796537399292, 2.944917917251587, 3.04494047164917, 2.8155136108398438, 2.9642324447631836, 2.651987314224243];[0.27154645323753357, 0.13584409654140472, 0.16163647174835205, 0.14150956273078918, 0.15163001418113708, 0.1309875249862671];[-2.4018948078155518, -2.017148971557617, -2.257021427154541, -2.2168946266174316, -2.381422519683838, -2.2573373317718506];[1.5561680793762207, 1.435692548751831, 1.0043439865112305, 0.5673519968986511, 1.0736637115478516];380.8863248825073
2200;[3.5403051376342773, 2.6760690212249756, 2.5601446628570557, 2.3840579986572266, 2.663024425506592, 2.851374626159668];[0.3197009563446045, 0.20919176936149597, 0.2180056869983673, 0.21684898436069489, 0.3021266758441925, 0.37129485607147217];[-2.3274073600769043, -2.033890724182129, -2.1136727333068848, -2.1167705059051514, -2.388021469116211, -2.735366106033325];[1.790523886680603, 1.436706304550171, 1.057854175567627, 0.8983005881309509, 0.745948851108551];377.4110143184662
2200;[3.8225955963134766, 2.931872606277466, 2.8004872798919678, 2.5967137813568115, 2.7725472450256348, 2.891216993331909];[0.27916425466537476, 0.13997027277946472, 0.14739073812961578, 0.13991738855838776, 0.1501133143901825, 0.17470447719097137];[-2.3531246185302734, -2.0341227054595947, -2.1632697582244873, -2.1187636852264404, -2.271657943725586, -2.4781835079193115];[1.790523886680603, 1.4432971477508545, 0.9567684531211853, 0.9006482362747192, 0.7099750638008118];377.0745403766632
2250;[3.51129150390625, 2.7737276554107666, 2.732198476791382, 2.7963485717773438, 2.3765692710876465, 2.348353385925293];[0.3149825930595398, 0.278140664100647, 0.27949318289756775, 0.29432472586631775, 0.2013409584760666, 0.1963740587234497];[-2.3221781253814697, -2.1651837825775146, -2.2407338619232178, -2.3804450035095215, -2.0483458042144775, -2.0944998264312744];[2.4549827575683594, 1.5353895425796509, 0.8958441019058228, 0.9015367031097412, 0.7678149342536926];367.8224778175354
2250;[3.7853307723999023, 2.9410383701324463, 2.932018280029297, 2.990243673324585, 2.5856990814208984, 2.6262564659118652];[0.2728997468948364, 0.17227455973625183, 0.16075590252876282, 0.1707208752632141, 0.12816669046878815, 0.14431828260421753];[-2.361947536468506, -2.181083917617798, -2.2681517601013184, -2.4579827785491943, -2.111647367477417, -2.273723840713501];[2.4549827575683594, 1.4630151987075806, 0.7786098122596741, 0.8274204134941101, 0.7239806056022644];368.29704666137695
2300;[3.490316867828369, 2.6661508083343506, 2.546687602996826, 2.6111388206481934, 2.7430226802825928, 2.6478819847106934];[0.3220456540584564, 0.2085815668106079, 0.19276896119117737, 0.24642765522003174, 0.3176288902759552, 0.3193579614162445];[-2.325357675552368, -2.0107641220092773, -2.005309820175171, -2.2059130668640137, -2.473342180252075, -2.532388925552368];[1.8999755382537842, 1.1355979442596436, 1.3515480756759644, 1.158569097518921, 0.6069355010986328];389.761510848999
2300;[3.7545666694641113, 2.92110013961792, 2.8786158561706543, 2.8717610836029053, 2.887618064880371, 2.697718858718872];[0.2885453701019287, 0.1301511526107788, 0.12716442346572876, 0.14421884715557098, 0.1614903211593628, 0.14154671132564545];[-2.3434231281280518, -2.0259153842926025, -2.072312116622925, -2.221622943878174, -2.356778860092163, -2.2826340198516846];[1.8999755382537842, 1.244603157043457, 1.437211275100708, 1.2030541896820068, 0.8340054750442505];387.90335726737976
2350;[3.5439748764038086, 2.503390073776245, 2.6248881816864014, 2.3057940006256104, 2.5307517051696777, 2.432969331741333];[0.3181142508983612, 0.19365720450878143, 0.25600436329841614, 0.21799086034297943, 0.2842662036418915, 0.2595779299736023];[-2.343852996826172, -2.026125907897949, -2.256143808364868, -2.148923873901367, -2.4657723903656006, -2.3533174991607666];[1.6779530048370361, 1.1112005710601807, 1.1565823554992676, 0.8344488739967346, 0.6241552829742432];375.5217730998993
2350;[3.8467142581939697, 2.781341075897217, 2.967820882797241, 2.579169511795044, 2.8131942749023438, 2.635692596435547];[0.2723405361175537, 0.125675767660141, 0.18036283552646637, 0.14484134316444397, 0.1751110553741455, 0.14530137181282043];[-2.377462148666382, -1.9918103218078613, -2.3990657329559326, -2.2057158946990967, -2.5349297523498535, -2.2804038524627686];[1.6779530048370361, 1.173646330833435, 0.9336321353912354, 0.8736993670463562, 0.561395525932312];373.30195212364197
2400;[3.519235134124756, 2.762389659881592, 2.6322860717773438, 2.7367100715637207, 2.552273750305176, 2.4312071800231934];[0.31322935223579407, 0.24771998822689056, 0.2678211033344269, 0.2826401889324188, 0.21030208468437195, 0.21030694246292114];[-2.3275327682495117, -2.0860114097595215, -2.1747548580169678, -2.2366909980773926, -2.094428777694702, -2.1594204902648926];[1.8895107507705688, 1.3668793439865112, 1.0927635431289673, 0.7547628283500671, 1.1768132448196411];382.52924942970276
2400;[3.810366630554199, 2.949995517730713, 2.8994152545928955, 3.0843212604522705, 2.982903242111206, 2.892029285430908];[0.26939359307289124, 0.15152207016944885, 0.18089662492275238, 0.2190868854522705, 0.17269006371498108, 0.16279834508895874];[-2.3531546592712402, -2.0943808555603027, -2.262207508087158, -2.432213306427002, -2.291109800338745, -2.234250068664551];[1.8895107507705688, 1.409315586090088, 1.1137630939483643, 0.7868541479110718, 0.8775853514671326];383.08673667907715
2450;[3.5078670978546143, 2.8161633014678955, 2.9501023292541504, 2.8018486499786377, 2.7340779304504395, 2.5476622581481934];[0.3122927248477936, 0.24164386093616486, 0.3070230782032013, 0.2445695549249649, 0.20255078375339508, 0.21428734064102173];[-2.328794002532959, -2.1094791889190674, -2.3336181640625, -2.1877636909484863, -2.099378824234009, -2.1479830741882324];[1.8362294435501099, 1.5701038837432861, 1.27970290184021, 1.0307730436325073, 1.086418628692627];363.2811131477356
2450;[3.795339822769165, 3.038132429122925, 3.1289315223693848, 3.0164260864257812, 3.0285580158233643, 2.8215203285217285];[0.27345189452171326, 0.14879165589809418, 0.17482084035873413, 0.14596499502658844, 0.16263346374034882, 0.1876346915960312];[-2.3540546894073486, -2.106170415878296, -2.389232873916626, -2.26945424079895, -2.2398645877838135, -2.269399642944336];[1.8362294435501099, 1.5150328874588013, 0.8870201110839844, 0.9014801979064941, 0.9648240804672241];371.55907464027405
2500;[3.563859224319458, 2.618558168411255, 2.6807644367218018, 2.6634433269500732, 2.470503091812134, 2.62091326713562];[0.31150174140930176, 0.22984296083450317, 0.2534307837486267, 0.2798566222190857, 0.28816697001457214, 0.3458513021469116];[-2.3091704845428467, -2.174006462097168, -2.3159282207489014, -2.4211528301239014, -2.4853076934814453, -2.803556203842163];[2.0892155170440674, 1.435368299484253, 0.9542747139930725, 0.7499748468399048, 0.6042947173118591];387.3466248512268
2500;[3.86392879486084, 2.875251054763794, 3.0483105182647705, 2.9721240997314453, 2.7095401287078857, 2.8424136638641357];[0.26729366183280945, 0.14573155343532562, 0.17125432193279266, 0.17758889496326447, 0.1836305558681488, 0.21468976140022278];[-2.3386967182159424, -2.0388758182525635, -2.4226133823394775, -2.4945709705352783, -2.5267577171325684, -2.8249404430389404];[2.0892155170440674, 1.5460561513900757, 1.2456755638122559, 0.6354223489761353, 0.685455858707428];385.6051845550537
2550;[3.486790657043457, 2.65464186668396, 2.6559436321258545, 2.727782726287842, 2.3803486824035645, 2.619074821472168];[0.3226550221443176, 0.20031264424324036, 0.3021916449069977, 0.30525878071784973, 0.26750025153160095, 0.3008418679237366];[-2.324676275253296, -2.01554274559021, -2.295724868774414, -2.4320762157440186, -2.278327226638794, -2.4937021732330322];[1.8486231565475464, 1.3316243886947632, 0.660861611366272, 0.5649499893188477, 0.6033008694648743];406.63106083869934
2550;[3.7523293495178223, 2.9247443675994873, 2.932218313217163, 3.0951921939849854, 2.7036144733428955, 2.985740900039673];[0.2859756052494049, 0.13552364706993103, 0.2027842402458191, 0.217485249042511, 0.1965447962284088, 0.21336837112903595];[-2.3386783599853516, -2.045743703842163, -2.416533946990967, -2.686267375946045, -2.4794626235961914, -2.7655184268951416];[1.8486231565475464, 1.3446060419082642, 0.6963809132575989, 0.5626941919326782, 0.645304262638092];383.1417305469513
2600;[3.4589321613311768, 3.359759569168091, 3.2534940242767334, 3.435852527618408, 3.512834310531616, 3.5004360675811768];[0.3229735791683197, 0.23771795630455017, 0.4941442608833313, 0.5977007150650024, 0.66652911901474, 0.6746181845664978];[-2.3390071392059326, -2.122161626815796, -2.62152361869812, -2.989177942276001, -3.2504355907440186, -3.3052518367767334];[1.9192379713058472, 2.7716434001922607, 1.4083746671676636, 1.2992023229599, 1.2818970680236816];381.6905174255371
2600;[3.7190558910369873, 3.157224416732788, 3.3310303688049316, 3.665804862976074, 3.8282222747802734, 3.8943839073181152];[0.28916415572166443, 0.14965946972370148, 0.38267937302589417, 0.572767972946167, 0.7052288055419922, 0.7607879638671875];[-2.348148822784424, -2.1239662170410156, -2.772782564163208, -3.7967782020568848, -4.808534145355225, -5.519469261169434];[1.9192379713058472, 1.9689527750015259, 1.110567569732666, 0.9238048195838928, 1.026822805404663];384.3284080028534
2650;[3.5072474479675293, 2.6014676094055176, 2.4210729598999023, 2.5088329315185547, 2.472545623779297, 2.4363646507263184];[0.31620314717292786, 0.21570275723934174, 0.21949277818202972, 0.23503707349300385, 0.25051671266555786, 0.24613384902477264];[-2.3184397220611572, -2.128228187561035, -2.1856260299682617, -2.284606456756592, -2.36871600151062, -2.360814094543457];[2.1625680923461914, 1.0629688501358032, 0.7761192321777344, 0.7952517867088318, 0.6025299429893494];380.6875231266022
2650;[3.786104917526245, 2.884805917739868, 2.6635987758636475, 2.7914958000183105, 2.7716212272644043, 2.7952983379364014];[0.2754952311515808, 0.14441266655921936, 0.15401825308799744, 0.1655476987361908, 0.17495553195476532, 0.17994652688503265];[-2.3470582962036133, -2.1246414184570312, -2.2018165588378906, -2.3759043216705322, -2.5267200469970703, -2.6201624870300293];[2.1625680923461914, 1.142677903175354, 0.9659894704818726, 0.7090292572975159, 0.6016639471054077];384.2908055782318
2700;[3.6231837272644043, 3.0634706020355225, 2.7833170890808105, 2.7343661785125732, 2.6900217533111572, 2.543459177017212];[0.32361942529678345, 0.38037851452827454, 0.427308589220047, 0.41414910554885864, 0.41686755418777466, 0.41746610403060913];[-2.3512766361236572, -2.8400092124938965, -3.1703879833221436, -3.25264310836792, -3.310610294342041, -3.341825485229492];[1.7802072763442993, 0.9469314813613892, 0.6727426648139954, 0.7090258598327637, 0.5662903189659119];381.36982703208923
2700;[3.923402786254883, 3.3118648529052734, 2.8919873237609863, 2.914053201675415, 2.86456298828125, 2.711561679840088];[0.2704773545265198, 0.2048695832490921, 0.31059587001800537, 0.3367863595485687, 0.33695459365844727, 0.3641465902328491];[-2.410552501678467, -2.459956407546997, -2.788654327392578, -3.10522723197937, -3.2309656143188477, -3.2847206592559814];[1.7802072763442993, 1.1222020387649536, 0.6801448464393616, 0.6838176250457764, 0.5184444785118103];385.2095260620117
2750;[3.571190118789673, 2.5891425609588623, 2.469728708267212, 2.4410996437072754, 2.475128173828125, 2.2827420234680176];[0.3236669898033142, 0.23251068592071533, 0.2185942530632019, 0.23712143301963806, 0.2507636845111847, 0.22336594760417938];[-2.34444260597229, -2.2005553245544434, -2.1886093616485596, -2.2825608253479004, -2.384300947189331, -2.300123691558838];[2.2117996215820312, 0.9584049582481384, 0.7785779237747192, 0.6389508247375488, 0.5954400300979614];381.12733149528503
2750;[3.868344783782959, 2.8318989276885986, 2.8227763175964355, 2.851240634918213, 2.8904144763946533, 2.640249252319336];[0.27734726667404175, 0.14456307888031006, 0.14724811911582947, 0.17359499633312225, 0.1686493456363678, 0.14240534603595734];[-2.3869354724884033, -2.0351855754852295, -2.276845693588257, -2.4375855922698975, -2.509289264678955, -2.3372178077697754];[2.2117996215820312, 1.05128014087677, 1.0712966918945312, 0.5954804420471191, 0.6018690466880798];388.29533195495605
2800;[3.611739158630371, 2.7070443630218506, 2.4657340049743652, 2.5410778522491455, 2.5344691276550293, 2.428758382797241];[0.3195345997810364, 0.2978336811065674, 0.2600596845149994, 0.2743050456047058, 0.2766103744506836, 0.27939146757125854];[-2.3621902465820312, -2.503208875656128, -2.3944015502929688, -2.4721572399139404, -2.4881911277770996, -2.536745071411133];[1.9838351011276245, 0.9588130712509155, 0.7613623142242432, 0.5229886174201965, 0.5226527452468872];386.1792480945587
2800;[3.924675226211548, 2.941729784011841, 2.7612884044647217, 2.8343069553375244, 2.767929792404175, 2.617719888687134];[0.26730877161026, 0.1642458736896515, 0.15860195457935333, 0.16345758736133575, 0.17022064328193665, 0.18040530383586884];[-2.4125170707702637, -2.170654296875, -2.2929012775421143, -2.3832125663757324, -2.4295058250427246, -2.4802515506744385];[1.9838351011276245, 1.137884497642517, 0.8781035542488098, 0.501183032989502, 0.5134477615356445];383.2215664386749
2850;[3.4735677242279053, 2.593376398086548, 2.622790813446045, 2.542072057723999, 2.4188671112060547, 2.420769691467285];[0.3097701370716095, 0.25959211587905884, 0.2670261859893799, 0.27641376852989197, 0.2734127938747406, 0.2894107699394226];[-2.3278419971466064, -2.2909395694732666, -2.4547553062438965, -2.512963056564331, -2.5689268112182617, -2.712953805923462];[1.740272045135498, 1.2140817642211914, 0.7259563207626343, 0.7023639678955078, 0.4870520234107971];383.4545273780823
2850;[3.758435010910034, 2.7768614292144775, 2.924680233001709, 2.829463481903076, 2.685697317123413, 2.7259349822998047];[0.2740178108215332, 0.15284407138824463, 0.16873984038829803, 0.17345932126045227, 0.18286851048469543, 0.20049896836280823];[-2.342743396759033, -2.042015790939331, -2.3919007778167725, -2.3953397274017334, -2.4993956089019775, -2.8228871822357178];[1.740272045135498, 1.452107548713684, 0.6160286068916321, 0.6781159043312073, 0.5401159524917603];383.6767313480377
2900;[3.541501760482788, 2.7236268520355225, 2.6919193267822266, 2.6983726024627686, 2.398480176925659, 2.3416521549224854];[0.31103283166885376, 0.2695635259151459, 0.3507804572582245, 0.3724468946456909, 0.3111608028411865, 0.3153541088104248];[-2.3209357261657715, -2.3712594509124756, -2.8273990154266357, -2.976515531539917, -2.7796154022216797, -2.785687208175659];[1.763567328453064, 1.0268521308898926, 0.5093335509300232, 0.5209081768989563, 0.4572780132293701];403.47443413734436
2900;[3.832170248031616, 2.9711921215057373, 2.8828847408294678, 2.9127273559570312, 2.6083836555480957, 2.5148425102233887];[0.2625453770160675, 0.14842602610588074, 0.19758789241313934, 0.2047886699438095, 0.17873606085777283, 0.18234552443027496];[-2.371534824371338, -2.1413424015045166, -2.4090352058410645, -2.6727168560028076, -2.4983701705932617, -2.432542562484741];[1.763567328453064, 1.0975241661071777, 0.6064203977584839, 0.5529980063438416, 0.6300299763679504];383.709597826004
2950;[3.5207509994506836, 2.631057024002075, 2.5254311561584473, 2.66864013671875, 2.6642818450927734, 2.6051783561706543];[0.3101528286933899, 0.29002299904823303, 0.3685236871242523, 0.4495542347431183, 0.48013654351234436, 0.44999587535858154];[-2.319474935531616, -2.4489173889160156, -2.920769691467285, -3.454730749130249, -3.665961503982544, -3.499157428741455];[2.3233983516693115, 1.0714004039764404, 0.669319748878479, 0.5687496066093445, 0.5301110148429871];385.4692566394806
2950;[3.8104233741760254, 2.821213960647583, 2.5984716415405273, 2.757086753845215, 2.7367501258850098, 2.7611098289489746];[0.2640385627746582, 0.14774422347545624, 0.15534180402755737, 0.21668095886707306, 0.25691619515419006, 0.2515394687652588];[-2.3652687072753906, -2.0606138706207275, -2.115349054336548, -2.4589436054229736, -2.6173555850982666, -2.7766361236572266];[2.3233983516693115, 1.233685851097107, 0.7107706069946289, 0.7194070816040039, 0.6077271699905396];386.71638536453247
3000;[3.4902098178863525, 2.6612391471862793, 2.591308832168579, 2.4181411266326904, 2.317955255508423, 2.308823823928833];[0.31457775831222534, 0.21354903280735016, 0.27077993750572205, 0.26217442750930786, 0.2604406774044037, 0.2632576823234558];[-2.321333885192871, -2.0874955654144287, -2.4186511039733887, -2.415175199508667, -2.4602630138397217, -2.4700841903686523];[1.679045557975769, 1.3260878324508667, 0.971943199634552, 0.7001540064811707, 0.6282836198806763];384.83762407302856
3000;[3.768012285232544, 2.9612679481506348, 2.8338093757629395, 2.6265792846679688, 2.527390241622925, 2.5346381664276123];[0.27914318442344666, 0.1437544971704483, 0.17855191230773926, 0.15868860483169556, 0.16206705570220947, 0.1623615324497223];[-2.3425517082214355, -2.1023755073547363, -2.3515214920043945, -2.3463242053985596, -2.2661519050598145, -2.4115965366363525];[1.679045557975769, 1.4136162996292114, 0.9406645894050598, 0.7652286887168884, 0.6037925481796265];384.6770374774933
3050;[3.5866310596466064, 2.8834285736083984, 2.7537782192230225, 2.41648530960083, 2.4482367038726807, 2.5868234634399414];[0.32238492369651794, 0.35397255420684814, 0.4110425114631653, 0.3442537486553192, 0.3262239694595337, 0.36549845337867737];[-2.3519766330718994, -2.7449090480804443, -3.077730894088745, -2.859529733657837, -2.8501336574554443, -3.0845894813537598];[2.282014846801758, 1.0560925006866455, 0.7243562340736389, 0.5711026191711426, 0.4331412613391876];386.0401589870453
3050;[3.8877460956573486, 3.0764248371124268, 2.7690091133117676, 2.563992738723755, 2.7119462490081787, 2.8549277782440186];[0.27615460753440857, 0.17373709380626678, 0.17290334403514862, 0.17185747623443604, 0.1740754097700119, 0.20331856608390808];[-2.389655113220215, -2.266996383666992, -2.2567360401153564, -2.2239975929260254, -2.437072992324829, -2.6652369499206543];[2.282014846801758, 1.2912322282791138, 1.035934329032898, 0.6458221673965454, 0.6358217000961304];382.8802318572998
3100;[3.5897865295410156, 3.019364833831787, 2.572246551513672, 2.9004507064819336, 2.6284425258636475, 2.7887539863586426];[0.31677454710006714, 0.2642071545124054, 0.20666517317295074, 0.27840206027030945, 0.30704906582832336, 0.39018964767456055];[-2.3326869010925293, -2.2046515941619873, -2.0335471630096436, -2.367668390274048, -2.534912586212158, -2.9020771980285645];[1.7408766746520996, 2.057941436767578, 1.2407547235488892, 1.1335524320602417, 1.0413908958435059];384.486234664917
3100;[3.888061761856079, 3.2432234287261963, 2.73056960105896, 3.1817679405212402, 2.7148118019104004, 2.778174877166748];[0.2715906798839569, 0.16247233748435974, 0.13961753249168396, 0.18947012722492218, 0.17580176889896393, 0.18143150210380554];[-2.373875379562378, -2.2587931156158447, -2.085770606994629, -2.598421573638916, -2.443779468536377, -2.5455799102783203];[1.7408766746520996, 1.889324426651001, 1.0291521549224854, 0.9125306010246277, 0.6895807981491089];384.2163932323456
3150;[3.5451841354370117, 2.8283965587615967, 3.3439321517944336, 3.1941490173339844, 3.7220683097839355, 4.023404121398926];[0.32537251710891724, 0.2074243128299713, 0.5047698020935059, 0.6198524236679077, 0.8433498740196228, 0.9197603464126587];[-2.348437547683716, -2.0042612552642822, -2.8272385597229004, -3.3032257556915283, -5.019030570983887, -5.761941909790039];[1.8313015699386597, 1.7051470279693604, 1.0045300722122192, 0.7875746488571167, 1.0045595169067383];389.50411081314087
3150;[3.8300940990448, 3.0184590816497803, 3.4592881202697754, 3.1619229316711426, 3.595062494277954, 3.804250478744507];[0.2891120910644531, 0.1317441463470459, 0.33169081807136536, 0.4186071455478668, 0.5817276835441589, 0.6018345952033997];[-2.363281488418579, -2.0186522006988525, -2.9160120487213135, -3.2209866046905518, -4.642471790313721, -4.803023815155029];[1.8313015699386597, 1.096126914024353, 1.0807225704193115, 0.8389252424240112, 0.7907576560974121];385.73380947113037
3200;[3.619185447692871, 2.8122501373291016, 2.5633702278137207, 2.652092933654785, 2.4735798835754395, 2.3725457191467285];[0.31871497631073, 0.23712582886219025, 0.2190936654806137, 0.24680273234844208, 0.2424372285604477, 0.25774529576301575];[-2.358081817626953, -2.1203975677490234, -2.128497362136841, -2.2923991680145264, -2.3232195377349854, -2.425837993621826];[2.0231399536132812, 1.575879454612732, 0.8921186923980713, 0.8867624402046204, 0.8898056149482727];383.2270894050598
3200;[3.9237558841705322, 3.122955083847046, 2.9010367393493652, 2.982975482940674, 2.6813528537750244, 2.535339832305908];[0.2690429985523224, 0.15665313601493835, 0.17616324126720428, 0.17347782850265503, 0.15143637359142303, 0.14996780455112457];[-2.39274001121521, -2.172909736633301, -2.35390567779541, -2.498232841491699, -2.3194053173065186, -2.241511344909668];[2.0231399536132812, 1.3413482904434204, 1.0704015493392944, 0.7724376916885376, 0.5982221961021423];386.6633245944977
3250;[3.6097118854522705, 2.8311264514923096, 2.6672239303588867, 2.4761962890625, 2.391664981842041, 2.4126908779144287];[0.3336974084377289, 0.24244418740272522, 0.24041418731212616, 0.19711577892303467, 0.18957428634166718, 0.2003597915172577];[-2.394815444946289, -2.1473586559295654, -2.1206235885620117, -2.0307846069335938, -2.0785915851593018, -2.1177966594696045];[2.1106269359588623, 1.5184340476989746, 0.9509162902832031, 0.9311020374298096, 0.8558894395828247];379.8291320800781
3250;[3.899637222290039, 3.089965343475342, 3.127803325653076, 2.908928632736206, 2.722923994064331, 2.818631649017334];[0.29263100028038025, 0.1555853933095932, 0.2462085783481598, 0.19949159026145935, 0.15358728170394897, 0.16705606877803802];[-2.41207218170166, -2.18959379196167, -2.5811781883239746, -2.4255053997039795, -2.279426097869873, -2.3493802547454834];[2.1106269359588623, 1.2178995609283447, 0.5734367966651917, 0.795814037322998, 0.7547782063484192];380.96580171585083
3300;[3.6254475116729736, 2.756826639175415, 2.476365089416504, 2.629380941390991, 2.395312547683716, 2.3652162551879883];[0.32091644406318665, 0.2691895067691803, 0.2553407847881317, 0.28757086396217346, 0.2724270522594452, 0.2980155944824219];[-2.354283094406128, -2.355774164199829, -2.4803690910339355, -2.628579616546631, -2.605273485183716, -2.7979304790496826];[2.0374865531921387, 0.9354594349861145, 0.7370661497116089, 0.45195701718330383, 0.5081217288970947];381.86449790000916
3300;[3.935913562774658, 3.053609848022461, 2.7489640712738037, 2.9512529373168945, 2.721754789352417, 2.781996726989746];[0.2698577046394348, 0.17297881841659546, 0.19670370221138, 0.22016678750514984, 0.26390698552131653, 0.3462124466896057];[-2.4024569988250732, -2.294370412826538, -2.4841527938842773, -2.718447208404541, -2.7451751232147217, -3.1474952697753906];[2.0374865531921387, 1.0159194469451904, 0.8052724599838257, 0.5236760377883911, 0.5715638399124146];379.19906282424927
3350;[3.528019905090332, 2.569833278656006, 2.5282886028289795, 2.4853687286376953, 2.5113794803619385, 2.5449235439300537];[0.3140691816806793, 0.24851638078689575, 0.2679840624332428, 0.28558021783828735, 0.3056029975414276, 0.32712292671203613];[-2.3261067867279053, -2.2766127586364746, -2.44808030128479, -2.5987555980682373, -2.698239326477051, -2.872194766998291];[2.017179012298584, 0.8992491364479065, 0.9892266988754272, 0.8023322820663452, 0.5176099538803101];381.41581630706787
3350;[3.8149735927581787, 2.8665854930877686, 2.866461992263794, 2.8728673458099365, 2.9034676551818848, 3.020724296569824];[0.2749740481376648, 0.14653700590133667, 0.18059691786766052, 0.18992802500724792, 0.18822577595710754, 0.20988142490386963];[-2.346740484237671, -2.1385304927825928, -2.550191879272461, -2.65696120262146, -2.6912682056427, -2.9522926807403564];[2.017179012298584, 1.0583138465881348, 0.7063942551612854, 0.8878837823867798, 0.5781813263893127];381.88554787635803
3400;[3.495460271835327, 2.613203763961792, 2.6937854290008545, 2.6162331104278564, 2.4519078731536865, 2.5933830738067627];[0.31010493636131287, 0.2050328403711319, 0.2541889548301697, 0.2474011927843094, 0.25074368715286255, 0.2881222367286682];[-2.323742389678955, -2.070577621459961, -2.2340567111968994, -2.3182315826416016, -2.2833893299102783, -2.4974327087402344];[2.21246075630188, 1.264564037322998, 1.0600308179855347, 0.6894851922988892, 0.7839020490646362];381.95517134666443
3400;[3.7828571796417236, 2.9153647422790527, 3.131873369216919, 3.0490200519561768, 2.9175539016723633, 3.1539788246154785];[0.2718748152256012, 0.13347207009792328, 0.20621860027313232, 0.19482310116291046, 0.2287585437297821, 0.2894243896007538];[-2.343196153640747, -2.096541404724121, -2.5326552391052246, -2.6101958751678467, -2.726736307144165, -3.2956411838531494];[2.21246075630188, 1.300702691078186, 0.8571236729621887, 0.7525047063827515, 0.6981631517410278];383.1206908226013
3450;[3.497270107269287, 2.6973648071289062, 2.3584561347961426, 2.4713099002838135, 2.3423011302948, 2.226072072982788];[0.314408540725708, 0.22048699855804443, 0.23854677379131317, 0.2864581346511841, 0.2938830852508545, 0.3061263859272003];[-2.3305346965789795, -2.146796941757202, -2.3191750049591064, -2.5786592960357666, -2.6868233680725098, -2.7980613708496094];[1.7532896995544434, 1.0182095766067505, 0.5782725811004639, 0.5576316714286804, 0.4675447940826416];381.9058117866516
3450;[3.787503480911255, 3.027336835861206, 2.656237840652466, 2.793855905532837, 2.6018357276916504, 2.427633762359619];[0.27857813239097595, 0.13310174643993378, 0.13719181716442108, 0.16274303197860718, 0.15873616933822632, 0.16174332797527313];[-2.3614490032196045, -2.085859775543213, -2.156768321990967, -2.4288392066955566, -2.35727596282959, -2.3439276218414307];[1.7532896995544434, 1.063080906867981, 0.6689837574958801, 0.6924216747283936, 0.5193203091621399];385.7662115097046
3500;[3.503983974456787, 3.4870171546936035, 2.7602269649505615, 2.4927611351013184, 2.363413095474243, 2.398216962814331];[0.306027352809906, 0.24354398250579834, 0.23024815320968628, 0.1870100498199463, 0.17294451594352722, 0.18526345491409302];[-2.291069507598877, -2.138185977935791, -2.0215978622436523, -1.9704855680465698, -1.9430910348892212, -2.046517848968506];[2.0406203269958496, 2.6224491596221924, 1.5453110933303833, 1.1925384998321533, 1.244913101196289];383.65509700775146
3500;[3.787602424621582, 3.2510972023010254, 3.1080238819122314, 2.9199843406677246, 2.847540855407715, 2.8890602588653564];[0.2611050605773926, 0.18032599985599518, 0.23889993131160736, 0.2158907800912857, 0.17421185970306396, 0.15723787248134613];[-2.3336069583892822, -2.207016944885254, -2.3809263706207275, -2.378641128540039, -2.24977445602417, -2.212920904159546];[2.0406203269958496, 1.8505854606628418, 1.3522312641143799, 0.853482723236084, 0.9404008984565735];384.5919451713562
3550;[3.594465970993042, 3.004368543624878, 2.766735792160034, 2.7219512462615967, 2.5340025424957275, 2.6396596431732178];[0.3225913345813751, 0.4737953543663025, 0.4626794755458832, 0.48082780838012695, 0.4497424364089966, 0.46846598386764526];[-2.366464853286743, -3.4313714504241943, -3.472900390625, -3.676697254180908, -3.5802886486053467, -3.832335948944092];[1.7003552913665771, 0.7115347385406494, 0.846735954284668, 0.5809282064437866, 0.5049066543579102];386.3075747489929
3550;[3.901951789855957, 2.9961905479431152, 2.9400599002838135, 2.928548812866211, 2.7253074645996094, 2.8732528686523438];[0.2707289457321167, 0.21927691996097565, 0.29378077387809753, 0.32249999046325684, 0.2961755394935608, 0.2974017560482025];[-2.4094419479370117, -2.355398416519165, -2.783508539199829, -2.9690654277801514, -2.895998954772949, -3.199070453643799];[1.7003552913665771, 0.8546654582023621, 0.9783733487129211, 0.5228737592697144, 0.5803967714309692];383.73983359336853
3600;[3.5123584270477295, 2.899634838104248, 2.4961326122283936, 2.35579776763916, 2.382546901702881, 2.3526008129119873];[0.31869789958000183, 0.21417862176895142, 0.18544670939445496, 0.17311285436153412, 0.1884060949087143, 0.21921417117118835];[-2.348020076751709, -2.0611085891723633, -2.006816864013672, -1.9884003400802612, -2.080622673034668, -2.2613625526428223];[1.8773751258850098, 1.7649332284927368, 1.0081884860992432, 0.768486499786377, 0.9765544533729553];384.29315733909607
3600;[3.8026232719421387, 3.194010019302368, 2.8177499771118164, 2.6721158027648926, 2.7384634017944336, 2.649834394454956];[0.2806147038936615, 0.13273188471794128, 0.13509045541286469, 0.1293576955795288, 0.131850928068161, 0.12428024411201477];[-2.371760606765747, -2.1051061153411865, -2.1698787212371826, -2.1351523399353027, -2.1712124347686768, -2.1734976768493652];[1.8773751258850098, 1.7328767776489258, 0.9538887739181519, 0.9497981071472168, 0.9284861087799072];388.17394614219666
3650;[3.6040537357330322, 2.815605640411377, 2.8357651233673096, 2.9460983276367188, 2.9788968563079834, 3.311706781387329];[0.32905858755111694, 0.22303321957588196, 0.369035542011261, 0.4199198782444, 0.462210476398468, 0.5239095687866211];[-2.367253303527832, -2.035747528076172, -2.344127655029297, -2.5128982067108154, -2.6628682613372803, -2.9730145931243896];[1.748099446296692, 1.354303240776062, 1.3492180109024048, 0.7895464301109314, 0.9841480255126953];383.0035319328308
3650;[3.9039385318756104, 3.0160059928894043, 2.9324448108673096, 3.0185954570770264, 3.0114622116088867, 3.3500030040740967];[0.2819233536720276, 0.13955268263816833, 0.2280900627374649, 0.24131156504154205, 0.2672584056854248, 0.3043701946735382];[-2.3984806537628174, -2.0512311458587646, -2.2444233894348145, -2.398524761199951, -2.519712448120117, -2.864121198654175];[1.748099446296692, 1.2533235549926758, 1.2767934799194336, 0.872237503528595, 0.6608662009239197];386.39160418510437
3700;[3.4668192863464355, 2.8352088928222656, 2.6421988010406494, 2.5904457569122314, 2.592000722885132, 2.567823648452759];[0.3151703178882599, 0.281583309173584, 0.2747272849082947, 0.3039616644382477, 0.312900573015213, 0.3134271204471588];[-2.3159618377685547, -2.3958866596221924, -2.4929306507110596, -2.6941661834716797, -2.7873167991638184, -2.8383142948150635];[1.8812373876571655, 1.0766485929489136, 0.6827529668807983, 0.49968791007995605, 0.4691080152988434];385.4657588005066
3700;[3.7315499782562256, 3.1351592540740967, 2.962531328201294, 2.9232707023620605, 2.8965415954589844, 2.896533250808716];[0.27935782074928284, 0.17438223958015442, 0.1819690614938736, 0.2034551352262497, 0.19940680265426636, 0.19478413462638855];[-2.3402392864227295, -2.3124513626098633, -2.595106601715088, -2.817394733428955, -2.707585096359253, -2.8026645183563232];[1.8812373876571655, 1.4386731386184692, 0.7279014587402344, 0.6004912257194519, 0.5668817758560181];385.4062662124634
3750;[3.482247829437256, 2.872720956802368, 2.5452001094818115, 2.444938898086548, 2.4056038856506348, 2.241654634475708];[0.3065694570541382, 0.2381935715675354, 0.21053040027618408, 0.20321834087371826, 0.2126534879207611, 0.18764862418174744];[-2.284390687942505, -2.1286063194274902, -2.056401252746582, -2.0777428150177, -2.1661875247955322, -2.103139877319336];[1.9908770322799683, 1.8160080909729004, 1.2264302968978882, 0.8270612955093384, 0.8753179907798767];384.50774240493774
3750;[3.748415470123291, 3.113004446029663, 2.7869908809661865, 2.6628551483154297, 2.697988510131836, 2.6470282077789307];[0.26876410841941833, 0.1549198031425476, 0.1386144906282425, 0.15182653069496155, 0.20678803324699402, 0.27909019589424133];[-2.310167074203491, -2.1926026344299316, -2.1226391792297363, -2.1427383422851562, -2.3928170204162598, -2.6418204307556152];[1.9908770322799683, 1.7250022888183594, 0.9230849146842957, 0.7457027435302734, 0.6187009215354919];382.414755821228
3800;[3.600064516067505, 2.856330633163452, 2.6430060863494873, 2.5450551509857178, 2.2357630729675293, 2.4537558555603027];[0.33150729537010193, 0.2650820314884186, 0.22693200409412384, 0.2048642486333847, 0.1544979214668274, 0.17768290638923645];[-2.3568997383117676, -2.145758867263794, -2.050706148147583, -2.0092241764068604, -1.8515801429748535, -1.9805450439453125];[1.738558292388916, 1.3407845497131348, 0.8411765694618225, 0.9685211181640625, 0.9381405115127563];386.48436164855957
3800;[3.8907296657562256, 3.0863804817199707, 2.8842227458953857, 2.779473066329956, 2.4344911575317383, 2.685215711593628];[0.2869584560394287, 0.1684775948524475, 0.13384059071540833, 0.1251092255115509, 0.10338906198740005, 0.1323871612548828];[-2.3923285007476807, -2.162456512451172, -2.0502095222473145, -1.9975420236587524, -1.8773385286331177, -2.1247363090515137];[1.738558292388916, 1.3531267642974854, 1.161956548690796, 0.7746136784553528, 0.7950131297111511];384.02542185783386
3850;[3.443544387817383, 2.9277455806732178, 2.9157488346099854, 2.828136444091797, 2.9324698448181152, 2.797102928161621];[0.31437307596206665, 0.4615269601345062, 0.4543154537677765, 0.5182008147239685, 0.5212862491607666, 0.5252100825309753];[-2.3014731407165527, -3.3185832500457764, -3.360869884490967, -3.8251469135284424, -3.8390393257141113, -3.889660120010376];[1.8915517330169678, 0.6875699162483215, 0.7993717789649963, 0.5807029008865356, 0.6043552160263062];383.40518712997437
3850;[3.708805799484253, 2.86803936958313, 2.969543218612671, 2.773216485977173, 2.877626419067383, 2.7412333488464355];[0.28504887223243713, 0.1958833634853363, 0.2561555802822113, 0.32365602254867554, 0.30602988600730896, 0.32334426045417786];[-2.312957525253296, -2.271019458770752, -2.7908408641815186, -2.9349403381347656, -3.0257487297058105, -3.040294885635376];[1.8915517330169678, 0.857053279876709, 0.8348312973976135, 0.5436343550682068, 0.6512682437896729];384.4425868988037
3900;[3.4644718170166016, 2.8715996742248535, 2.5860352516174316, 2.6517322063446045, 2.3930678367614746, 2.4202475547790527];[0.3123462498188019, 0.25606921315193176, 0.22247792780399323, 0.22423362731933594, 0.20101125538349152, 0.2010209709405899];[-2.3018577098846436, -2.129901170730591, -2.04522967338562, -2.075239419937134, -2.0133724212646484, -2.0793168544769287];[2.0647828578948975, 1.4292795658111572, 1.0244290828704834, 1.0428009033203125, 0.7625921964645386];383.5143709182739
3900;[3.733315944671631, 3.083833932876587, 2.895662546157837, 3.049315929412842, 2.764934539794922, 2.8248157501220703];[0.27100592851638794, 0.15843115746974945, 0.14522680640220642, 0.16465534269809723, 0.15530060231685638, 0.1562022566795349];[-2.343334913253784, -2.1438353061676025, -2.0771279335021973, -2.2251927852630615, -2.188415288925171, -2.2493205070495605];[2.0647828578948975, 1.4788458347320557, 1.232176661491394, 1.011173129081726, 0.7383316159248352];386.56995368003845
3950;[3.58546781539917, 2.712904214859009, 2.2995083332061768, 2.570669651031494, 2.4139950275421143, 2.7285451889038086];[0.32619619369506836, 0.24067382514476776, 0.21026493608951569, 0.26153263449668884, 0.2622133791446686, 0.31819576025009155];[-2.352548599243164, -2.219125747680664, -2.099759340286255, -2.350794792175293, -2.4104526042938232, -2.7041308879852295];[1.8544602394104004, 1.1739975214004517, 0.7869048714637756, 0.7565083503723145, 0.5817869901657104];385.291241645813
3950;[3.8799641132354736, 3.001587152481079, 2.5978236198425293, 2.9532878398895264, 2.707733154296875, 3.0637879371643066];[0.2811836898326874, 0.15703560411930084, 0.1616927534341812, 0.1774389147758484, 0.16526341438293457, 0.20122893154621124];[-2.3879809379577637, -2.156608819961548, -2.198486566543579, -2.4765021800994873, -2.4123311042785645, -2.8024659156799316];[1.8544602394104004, 1.2733207941055298, 0.7676838636398315, 0.6722584962844849, 0.6785217523574829];382.5912928581238
4000;[3.5525617599487305, 3.0147244930267334, 2.877829074859619, 2.924710512161255, 2.752272844314575, 2.641550064086914];[0.3097233474254608, 0.2880123555660248, 0.23411156237125397, 0.275717169046402, 0.33455389738082886, 0.3711030185222626];[-2.3277790546417236, -2.1983776092529297, -2.09519362449646, -2.3062314987182617, -2.697132110595703, -2.9113388061523438];[2.09004545211792, 1.757383942604065, 1.7175439596176147, 1.573712706565857, 1.0226417779922485];381.91519260406494
4000;[3.855945110321045, 3.1930253505706787, 3.0808846950531006, 3.0970211029052734, 2.9418835639953613, 2.821970224380493];[0.2650327682495117, 0.20120757818222046, 0.18159247934818268, 0.1747768223285675, 0.14972743391990662, 0.13855208456516266];[-2.363219976425171, -2.2834341526031494, -2.2727837562561035, -2.306307554244995, -2.192269802093506, -2.160979986190796];[2.09004545211792, 1.6153156757354736, 1.3525822162628174, 1.468133568763733, 0.9800885319709778];385.46457028388977
4050;[3.6324286460876465, 2.830967903137207, 2.789106845855713, 2.507444143295288, 2.3502001762390137, 2.41459321975708];[0.32001346349716187, 0.23942536115646362, 0.2890672981739044, 0.24601273238658905, 0.21779876947402954, 0.2335914969444275];[-2.3622324466705322, -2.1724495887756348, -2.3457987308502197, -2.228592872619629, -2.147296905517578, -2.2918379306793213];[2.2546298503875732, 0.9132429361343384, 1.2788420915603638, 0.6970691680908203, 0.7994606494903564];384.01787853240967
4050;[3.9497878551483154, 3.1355581283569336, 3.161329984664917, 2.888725519180298, 2.7258315086364746, 2.8133890628814697];[0.26898321509361267, 0.15672090649604797, 0.20176418125629425, 0.1761166900396347, 0.15590888261795044, 0.16560734808444977];[-2.407095432281494, -2.2022945880889893, -2.5131828784942627, -2.385134220123291, -2.2817089557647705, -2.4578394889831543];[2.2546298503875732, 1.0505036115646362, 1.3962973356246948, 0.7312703132629395, 0.6769821047782898];383.32012963294983
4100;[3.5195577144622803, 3.4011924266815186, 3.0645296573638916, 2.8488664627075195, 3.014350175857544, 2.843531608581543];[0.32403647899627686, 0.5873146653175354, 0.5885134339332581, 0.5567216873168945, 0.6158791780471802, 0.5608142614364624];[-2.3528828620910645, -4.0209150314331055, -4.248256206512451, -4.129443645477295, -4.482504844665527, -4.186361312866211];[1.8852479457855225, 0.8902363181114197, 0.7424488663673401, 0.5461059212684631, 0.8524940013885498];382.67086911201477
4100;[3.7937381267547607, 3.087379217147827, 2.996095657348633, 2.8405375480651855, 3.021265983581543, 2.8935134410858154];[0.2773680090904236, 0.28313159942626953, 0.42448270320892334, 0.43785360455513, 0.4934650957584381, 0.4624474048614502];[-2.3915657997131348, -2.5997400283813477, -3.345677375793457, -3.4221298694610596, -3.8323655128479004, -3.6606130599975586];[1.8852479457855225, 0.8588300943374634, 0.7027989625930786, 0.4781108498573303, 0.7672756314277649];384.3928828239441
4150;[3.4983232021331787, 2.598857879638672, 2.5012564659118652, 2.5688304901123047, 2.492208957672119, 2.4912636280059814];[0.31140559911727905, 0.2560465633869171, 0.25327786803245544, 0.2910973131656647, 0.2871208190917969, 0.3049817979335785];[-2.2967817783355713, -2.3268675804138184, -2.348950147628784, -2.5617644786834717, -2.539210319519043, -2.6613879203796387];[2.24412202835083, 0.8016825914382935, 0.920724093914032, 0.6636032462120056, 0.6817286014556885];382.1310875415802
4150;[3.774582624435425, 2.873850107192993, 2.757749080657959, 2.8078012466430664, 2.7268030643463135, 2.7398533821105957];[0.2728494703769684, 0.14324012398719788, 0.16440987586975098, 0.21320632100105286, 0.2486550658941269, 0.29100367426872253];[-2.322913408279419, -2.108095645904541, -2.23187255859375, -2.499030590057373, -2.6282505989074707, -2.8126518726348877];[2.24412202835083, 1.1753020286560059, 0.7185317277908325, 0.6244857311248779, 0.5793780088424683];387.06201434135437
4200;[3.615165948867798, 3.0645666122436523, 3.1220054626464844, 2.8676347732543945, 2.7850120067596436, 2.7623841762542725];[0.325962096452713, 0.5568433403968811, 0.5765505433082581, 0.5142866969108582, 0.5382766723632812, 0.5330727696418762];[-2.3615612983703613, -3.9152514934539795, -4.096107006072998, -3.755622625350952, -3.9411392211914062, -4.000740051269531];[2.10673451423645, 0.9940202236175537, 0.7984820604324341, 0.5584694743156433, 0.616085410118103];381.9193000793457
4200;[3.92155122756958, 2.7673850059509277, 2.9077022075653076, 2.7283785343170166, 2.6424403190612793, 2.705335855484009];[0.2764778435230255, 0.24342000484466553, 0.29568207263946533, 0.24880261719226837, 0.31296247243881226, 0.33648768067359924];[-2.4054925441741943, -2.329742908477783, -2.8007636070251465, -2.733187675476074, -2.9744455814361572, -3.121750593185425];[2.10673451423645, 1.069154143333435, 0.6757000684738159, 0.44321346282958984, 0.47020238637924194];381.28854417800903
4250;[3.504371166229248, 2.7335305213928223, 2.5169548988342285, 2.4039053916931152, 2.2752158641815186, 2.4059736728668213];[0.3298569917678833, 0.2637353241443634, 0.26752185821533203, 0.2691881060600281, 0.26251330971717834, 0.30841612815856934];[-2.330456495285034, -2.3362298011779785, -2.429983139038086, -2.566802501678467, -2.563887596130371, -2.805453300476074];[1.9998770952224731, 1.1197991371154785, 0.9588348269462585, 0.5461648106575012, 0.5762178301811218];384.6998281478882
4250;[3.752617597579956, 3.0161828994750977, 2.8073930740356445, 2.7365598678588867, 2.5921874046325684, 2.692859649658203];[0.29473990201950073, 0.14517880976200104, 0.1590317338705063, 0.17311079800128937, 0.16638346016407013, 0.18448901176452637];[-2.33502197265625, -2.1396219730377197, -2.351994514465332, -2.5840349197387695, -2.526317834854126, -2.700474500656128];[1.9998770952224731, 1.3137164115905762, 0.9804297089576721, 0.532751202583313, 0.6877025961875916];383.03570556640625
4300;[3.504781484603882, 2.7628540992736816, 2.528813362121582, 2.5205137729644775, 2.5557758808135986, 2.3696112632751465];[0.32207801938056946, 0.2974889576435089, 0.2865486741065979, 0.286721408367157, 0.31353655457496643, 0.2895881235599518];[-2.332275867462158, -2.4757931232452393, -2.557431697845459, -2.5889668464660645, -2.7655417919158936, -2.6920437812805176];[1.8581714630126953, 1.032246470451355, 0.6515205502510071, 0.7034578919410706, 0.6261954307556152];383.33617091178894
4300;[3.7865755558013916, 3.0219223499298096, 2.7858197689056396, 2.807696580886841, 2.8193578720092773, 2.6337873935699463];[0.2860933542251587, 0.16781914234161377, 0.21446603536605835, 0.21929442882537842, 0.24062535166740417, 0.2406431883573532];[-2.351731061935425, -2.21408748626709, -2.4265897274017334, -2.5821149349212646, -2.7299139499664307, -2.741830825805664];[1.8581714630126953, 1.2249647378921509, 0.652260422706604, 0.5467545986175537, 0.6422091126441956];387.21821427345276
4350;[3.569746494293213, 2.627903699874878, 2.634530782699585, 2.3553316593170166, 2.338064193725586, 2.3831963539123535];[0.31925487518310547, 0.21394871175289154, 0.22393284738063812, 0.20419679582118988, 0.22526974976062775, 0.2325991839170456];[-2.3597261905670166, -2.0444955825805664, -2.1480565071105957, -2.1240036487579346, -2.235886812210083, -2.3281211853027344];[2.2998499870300293, 1.0769264698028564, 1.136694073677063, 0.7548832893371582, 0.4456574320793152];383.62889194488525
4350;[3.8680508136749268, 2.890552043914795, 2.9473860263824463, 2.704450845718384, 2.8079216480255127, 2.9046812057495117];[0.2734609544277191, 0.1386234164237976, 0.14370086789131165, 0.147518128156662, 0.18222227692604065, 0.1918276697397232];[-2.4004716873168945, -2.0814461708068848, -2.2227072715759277, -2.210914134979248, -2.4840879440307617, -2.702413558959961];[2.2998499870300293, 1.0895333290100098, 0.7762415409088135, 0.7606329917907715, 0.5288040637969971];385.87728691101074
4400;[3.4525392055511475, 2.922304391860962, 2.681063413619995, 2.7241625785827637, 2.486111879348755, 2.5541818141937256];[0.3177182376384735, 0.25872138142585754, 0.24713680148124695, 0.27021324634552, 0.23468509316444397, 0.26632773876190186];[-2.304236650466919, -2.2256836891174316, -2.2494702339172363, -2.372957944869995, -2.272213935852051, -2.455167770385742];[2.068455219268799, 1.3955923318862915, 0.8651871681213379, 0.9234981536865234, 0.936211109161377];383.7805950641632
4400;[3.7080302238464355, 3.2299752235412598, 2.901493787765503, 2.9312660694122314, 2.690983772277832, 2.7552216053009033];[0.2818466126918793, 0.17017312347888947, 0.1672874540090561, 0.19961920380592346, 0.18484844267368317, 0.21695929765701294];[-2.3251590728759766, -2.3266241550445557, -2.404524087905884, -2.6163852214813232, -2.490748405456543, -2.733959913253784];[2.068455219268799, 1.5535553693771362, 0.8777598142623901, 0.7297818660736084, 0.5518234372138977];387.50905418395996
4450;[3.5284180641174316, 2.8269124031066895, 2.5394785404205322, 2.5676307678222656, 2.508415460586548, 2.4699018001556396];[0.31731343269348145, 0.2263156920671463, 0.18975870311260223, 0.22361764311790466, 0.23087753355503082, 0.22012385725975037];[-2.3430726528167725, -2.0662639141082764, -1.9966093301773071, -2.1108970642089844, -2.1557881832122803, -2.143664598464966];[1.6483904123306274, 1.5801260471343994, 0.810620903968811, 1.083349347114563, 0.9167572259902954];382.80495953559875
4450;[3.813420295715332, 3.066923141479492, 2.8068490028381348, 2.8185067176818848, 2.720334768295288, 2.6918869018554688];[0.2757923901081085, 0.14173784852027893, 0.13221576809883118, 0.15207155048847198, 0.15463870763778687, 0.14741285145282745];[-2.373852014541626, -2.0805046558380127, -2.055812120437622, -2.2307815551757812, -2.3244497776031494, -2.3076562881469727];[1.6483904123306274, 1.509558916091919, 1.0750902891159058, 1.0368165969848633, 0.9144228100776672];385.66119408607483
4500;[3.500138282775879, 2.51415753364563, 2.4539148807525635, 2.558854341506958, 2.4266560077667236, 2.5103468894958496];[0.31618010997772217, 0.236544668674469, 0.2492670714855194, 0.29209911823272705, 0.27858972549438477, 0.3094790279865265];[-2.331855058670044, -2.2172038555145264, -2.330141067504883, -2.5640525817871094, -2.5764951705932617, -2.7712345123291016];[2.1431243419647217, 1.200028896331787, 0.6139753460884094, 0.6088383793830872, 0.7199174761772156];385.0193841457367
4500;[3.786454200744629, 2.784241199493408, 2.7596142292022705, 2.8950552940368652, 2.772240400314331, 2.791083335876465];[0.28175580501556396, 0.14027602970600128, 0.15584197640419006, 0.17461784183979034, 0.17251592874526978, 0.18984131515026093];[-2.3436150550842285, -2.0457394123077393, -2.2891812324523926, -2.4208450317382812, -2.5271944999694824, -2.633979082107544];[2.1431243419647217, 1.4211324453353882, 1.1143932342529297, 0.6423830986022949, 0.6165350079536438];385.84537839889526
4550;[3.5541250705718994, 2.5698301792144775, 2.836942195892334, 2.8094451427459717, 2.5525667667388916, 2.4607009887695312];[0.3079734742641449, 0.21303234994411469, 0.30341729521751404, 0.30166420340538025, 0.2440185546875, 0.24870993196964264];[-2.3404881954193115, -2.0538525581359863, -2.404399871826172, -2.409632921218872, -2.2154362201690674, -2.259796142578125];[2.1997857093811035, 1.1722955703735352, 0.989452064037323, 0.6756219863891602, 0.7359621524810791];383.5867233276367
4550;[3.8684611320495605, 2.8433613777160645, 2.96653413772583, 2.931410074234009, 2.7247300148010254, 2.5727241039276123];[0.2613717317581177, 0.14199359714984894, 0.15844251215457916, 0.1807134449481964, 0.1713300347328186, 0.1770491600036621];[-2.381274461746216, -2.097882032394409, -2.3203465938568115, -2.4480388164520264, -2.4023427963256836, -2.4199535846710205];[2.1997857093811035, 1.2300127744674683, 0.9179949760437012, 0.5896040201187134, 0.5284792184829712];381.6371536254883
4600;[3.388485908508301, 2.8602826595306396, 2.711777687072754, 2.6331658363342285, 2.682535171508789, 2.774367332458496];[0.31729334592819214, 0.26232632994651794, 0.30785876512527466, 0.29389625787734985, 0.29850414395332336, 0.32122349739074707];[-2.312394618988037, -2.138871192932129, -2.2216970920562744, -2.2110707759857178, -2.2473671436309814, -2.3610312938690186];[1.770447015762329, 1.9810727834701538, 1.166684865951538, 1.2244855165481567, 0.8003972172737122];383.0661804676056
4600;[3.6317100524902344, 3.083726406097412, 2.7204349040985107, 2.6164608001708984, 2.6488468647003174, 2.7013070583343506];[0.28495585918426514, 0.16181401908397675, 0.14263293147087097, 0.12192151695489883, 0.13373762369155884, 0.1441597193479538];[-2.3233842849731445, -2.163984537124634, -2.118248224258423, -2.083986759185791, -2.1177477836608887, -2.265869140625];[1.770447015762329, 1.4816858768463135, 0.9620198607444763, 0.9316033124923706, 0.7566430568695068];382.6475045681
4650;[3.4914193153381348, 2.5949547290802, 2.57497239112854, 2.451477527618408, 2.595813512802124, 2.5273845195770264];[0.3150293827056885, 0.1991441696882248, 0.22474974393844604, 0.2232659012079239, 0.2541247010231018, 0.26301541924476624];[-2.3236377239227295, -2.0411875247955322, -2.186786651611328, -2.2531871795654297, -2.354102849960327, -2.4543726444244385];[2.068007230758667, 0.9643832445144653, 0.9282023906707764, 0.8005406260490417, 0.7304201722145081];383.3988540172577
4650;[3.7661333084106445, 2.885605573654175, 2.9333865642547607, 2.863767147064209, 3.1049282550811768, 3.0575883388519287];[0.276370644569397, 0.1311754435300827, 0.13990885019302368, 0.149846151471138, 0.18498995900154114, 0.19262436032295227];[-2.3409042358398438, -2.0486135482788086, -2.0889437198638916, -2.244182825088501, -2.4473226070404053, -2.568760633468628];[2.068007230758667, 1.0412224531173706, 1.118734359741211, 0.7832658886909485, 0.7825490832328796];383.87472224235535
4700;[3.5076494216918945, 2.7611284255981445, 3.191805601119995, 3.3431122303009033, 3.5071659088134766, 3.262019634246826];[0.32202816009521484, 0.21352316439151764, 0.42479556798934937, 0.6293801665306091, 0.6707608103752136, 0.6366707682609558];[-2.3289403915405273, -2.045151948928833, -2.5909605026245117, -3.4737391471862793, -3.773811101913452, -3.594111442565918];[1.7570306062698364, 1.6760996580123901, 0.697999119758606, 0.5838366150856018, 0.6665176153182983];380.8590233325958
4700;[3.7828967571258545, 2.9917914867401123, 3.198953866958618, 3.043192148208618, 3.119028091430664, 2.8258681297302246];[0.28003156185150146, 0.145582377910614, 0.21665383875370026, 0.2523249089717865, 0.25633424520492554, 0.2093401551246643];[-2.364377737045288, -2.067338228225708, -2.467538833618164, -2.7587838172912598, -2.859128475189209, -2.5820765495300293];[1.7570306062698364, 1.4611514806747437, 0.6650340557098389, 0.7680068612098694, 0.5423492193222046];384.05458545684814
4750;[3.493110179901123, 2.6549875736236572, 2.6485424041748047, 2.6536409854888916, 2.5113894939422607, 2.3552258014678955];[0.32312458753585815, 0.20167593657970428, 0.28827962279319763, 0.26810598373413086, 0.2865143418312073, 0.2607041299343109];[-2.340907335281372, -2.010263681411743, -2.256488800048828, -2.2664296627044678, -2.389936923980713, -2.3123245239257812];[2.127554416656494, 1.2624300718307495, 1.422680139541626, 0.8003787398338318, 0.8375527262687683];380.5528767108917
4750;[3.760512113571167, 2.9165585041046143, 2.9664230346679688, 3.1210622787475586, 2.9707248210906982, 2.825105667114258];[0.28784966468811035, 0.13341353833675385, 0.2153455764055252, 0.2277047485113144, 0.26174476742744446, 0.247788667678833];[-2.343585968017578, -2.0074174404144287, -2.381359100341797, -2.584014654159546, -2.80492901802063, -2.7549867630004883];[2.127554416656494, 1.1310412883758545, 1.5694918632507324, 0.944080650806427, 0.6929417252540588];382.45936489105225
4800;[3.675821542739868, 2.8402535915374756, 2.85107684135437, 2.840160369873047, 2.8319852352142334, 2.7387142181396484];[0.32509845495224, 0.23405680060386658, 0.215534508228302, 0.24833334982395172, 0.2734217941761017, 0.2998659908771515];[-2.386042594909668, -2.0675952434539795, -2.071199417114258, -2.239896059036255, -2.362065315246582, -2.5457077026367188];[2.310600996017456, 2.2678422927856445, 1.5475373268127441, 1.3019435405731201, 1.1138190031051636];384.46966886520386
4800;[4.009711742401123, 2.993210554122925, 3.3846435546875, 3.692553997039795, 3.6774566173553467, 3.769284725189209];[0.2729131281375885, 0.1589798480272293, 0.3678174316883087, 0.5089935064315796, 0.5280219912528992, 0.5655883550643921];[-2.436307191848755, -2.1181490421295166, -2.934208869934082, -3.7989912033081055, -3.9623587131500244, -4.32946252822876];[2.310600996017456, 1.8465734720230103, 0.7520443201065063, 1.002934217453003, 0.999350368976593];388.2693769931793
4850;[3.557636260986328, 3.19338059425354, 3.1815600395202637, 3.0385429859161377, 2.7635374069213867, 2.7298662662506104];[0.3118250072002411, 0.228943333029747, 0.28002259135246277, 0.4192233681678772, 0.3971474766731262, 0.41306981444358826];[-2.3486292362213135, -2.0702075958251953, -2.3042285442352295, -2.9951059818267822, -3.019585132598877, -3.177946090698242];[2.339017391204834, 2.680042028427124, 1.3535454273223877, 1.130678653717041, 1.026902675628662];384.4134168624878
4850;[3.865370988845825, 3.0664665699005127, 3.125430107116699, 2.8142125606536865, 2.7029576301574707, 2.7003886699676514];[0.2654394209384918, 0.14838823676109314, 0.13998018205165863, 0.15209181606769562, 0.15870918333530426, 0.16481804847717285];[-2.384904623031616, -2.0469436645507812, -2.1099696159362793, -2.074737071990967, -2.162036180496216, -2.3032968044281006];[2.339017391204834, 1.971123218536377, 0.9133150577545166, 1.158221960067749, 0.9071143865585327];380.8999195098877
4900;[3.564361333847046, 2.869588851928711, 2.5578107833862305, 2.4323232173919678, 2.4592723846435547, 2.515059232711792];[0.3264492452144623, 0.22929629683494568, 0.20628701150417328, 0.18478333950042725, 0.20840561389923096, 0.23156772553920746];[-2.3481202125549316, -2.088793992996216, -2.0207931995391846, -2.0021324157714844, -2.1501877307891846, -2.2505061626434326];[1.845916986465454, 1.5772430896759033, 1.5565603971481323, 0.983137845993042, 0.9807935953140259];383.13124203681946
4900;[3.849071979522705, 3.0230369567871094, 2.8369972705841064, 2.782862901687622, 2.794583559036255, 2.914431095123291];[0.2822108268737793, 0.14799323678016663, 0.17417319118976593, 0.16310246288776398, 0.1604451984167099, 0.17120151221752167];[-2.3816041946411133, -2.12546706199646, -2.2135748863220215, -2.2172064781188965, -2.298104763031006, -2.3753669261932373];[1.845916986465454, 1.2963809967041016, 1.3694278001785278, 0.9555202722549438, 0.7041985392570496];381.0399830341339
4950;[3.669503927230835, 3.344179630279541, 3.124626874923706, 3.4117207527160645, 3.3897221088409424, 3.248077392578125];[0.33433979749679565, 0.2623268961906433, 0.4132538139820099, 0.5690959692001343, 0.6518885493278503, 0.651737630367279];[-2.3873438835144043, -2.182978630065918, -2.5631191730499268, -3.2957561016082764, -3.8912079334259033, -3.8907217979431152];[1.675115942955017, 1.6494994163513184, 1.2698345184326172, 1.046320915222168, 0.877021074295044];380.31955099105835
4950;[3.986457586288452, 3.4358253479003906, 2.989331007003784, 3.119673252105713, 2.874819278717041, 2.6765501499176025];[0.28340497612953186, 0.18829819560050964, 0.1752644181251526, 0.22607767581939697, 0.20262423157691956, 0.17869435250759125];[-2.4314661026000977, -2.265592575073242, -2.37833833694458, -2.985525369644165, -2.9228107929229736, -2.6629457473754883];[1.675115942955017, 1.284818172454834, 1.4658411741256714, 0.8872137069702148, 1.1837135553359985];383.409786939621
5000;[3.515542984008789, 2.9494078159332275, 2.8631367683410645, 2.6576294898986816, 2.6400980949401855, 2.6382861137390137];[0.31484517455101013, 0.29061365127563477, 0.2828119993209839, 0.22568464279174805, 0.25177648663520813, 0.2568264305591583];[-2.318916082382202, -2.211885690689087, -2.2646234035491943, -2.124021530151367, -2.2719366550445557, -2.3399460315704346];[1.7947626113891602, 1.4174447059631348, 1.5374783277511597, 1.287550926208496, 0.8149952292442322];383.62833309173584
5000;[3.8120102882385254, 3.1423263549804688, 3.400844097137451, 3.315821647644043, 3.3941330909729004, 3.4274234771728516];[0.276386022567749, 0.2371111512184143, 0.34916532039642334, 0.35112911462783813, 0.37346139550209045, 0.35896435379981995];[-2.3439841270446777, -2.3946850299835205, -2.939023494720459, -2.8522677421569824, -3.105333089828491, -3.099424123764038];[1.7947626113891602, 1.206011176109314, 1.2213846445083618, 1.3168362379074097, 1.0004833936691284];381.9667103290558
