Seed;RMSE History;MMD History;Log-Likelihood History;Max EIG History;Deployment Time
50;[3.4535317420959473, 2.566194772720337, 2.3637173175811768, 2.157639741897583, 2.273820400238037, 2.156001567840576];[0.44550904631614685, 0.29453304409980774, 0.2881266474723816, 0.277040034532547, 0.29809704422950745, 0.302987277507782];[-2.1841557025909424, -1.807914137840271, -1.8103798627853394, -1.7864091396331787, -1.902969479560852, -1.9302217960357666];[2.1575231552124023, 2.543971538543701, 2.4125382900238037, 1.1990817785263062, 1.027283787727356];359.07919907569885
100;[3.597290515899658, 2.916754961013794, 3.1077795028686523, 3.024052381515503, 2.7615795135498047, 2.8475117683410645];[0.4178268313407898, 0.34128016233444214, 0.5801272988319397, 0.5625422596931458, 0.47627586126327515, 0.4597214460372925];[-2.225539207458496, -2.0002846717834473, -2.6744935512542725, -2.695669412612915, -2.3559234142303467, -2.387166976928711];[1.8938976526260376, 2.49617862701416, 1.3889811038970947, 1.5805232524871826, 1.4072198867797852];347.652902841568
150;[3.4319088459014893, 2.6569600105285645, 2.9679806232452393, 2.5964536666870117, 2.5902481079101562, 2.350853681564331];[0.43440350890159607, 0.29812830686569214, 0.5240170359611511, 0.4799308478832245, 0.3803192675113678, 0.2699573040008545];[-2.1458182334899902, -1.8631300926208496, -2.4443533420562744, -2.259247064590454, -2.063873529434204, -1.7852506637573242];[2.0677099227905273, 2.0552985668182373, 1.5640265941619873, 1.8753215074539185, 1.9509373903274536];376.9484956264496
200;[3.4882147312164307, 2.616812229156494, 2.712754249572754, 2.7228989601135254, 2.477928638458252, 2.4664900302886963];[0.43370386958122253, 0.29259729385375977, 0.4392518997192383, 0.4284531772136688, 0.3263247311115265, 0.30983275175094604];[-2.181112289428711, -1.8471612930297852, -2.206493854522705, -2.2760815620422363, -1.959938883781433, -1.942505955696106];[2.018503189086914, 2.7896907329559326, 1.2719224691390991, 2.491647720336914, 0.7634409070014954];350.6954016685486
250;[3.4891486167907715, 2.467427968978882, 2.161159038543701, 2.234376907348633, 2.2027840614318848, 2.096916913986206];[0.43905624747276306, 0.30818966031074524, 0.26911360025405884, 0.3134091794490814, 0.33281922340393066, 0.2947777509689331];[-2.1856272220611572, -1.8261560201644897, -1.7513535022735596, -1.9388068914413452, -2.0233263969421387, -1.9654431343078613];[1.9587467908859253, 1.9832615852355957, 1.3010414838790894, 1.0473532676696777, 1.348179817199707];374.81541633605957
300;[3.4684314727783203, 2.607314109802246, 2.476332426071167, 2.4453396797180176, 2.6465530395507812, 2.432847261428833];[0.433230459690094, 0.31484001874923706, 0.3405162990093231, 0.3257928490638733, 0.378303587436676, 0.32455456256866455];[-2.175381660461426, -1.8781565427780151, -1.997333288192749, -2.0249369144439697, -2.4684853553771973, -2.1426186561584473];[1.6628544330596924, 2.7048001289367676, 1.1992988586425781, 0.8569329380989075, 0.9162745475769043];360.50344252586365
350;[3.426074743270874, 2.799642562866211, 2.441805362701416, 2.255176544189453, 2.6135289669036865, 2.2806336879730225];[0.4136400818824768, 0.3237228989601135, 0.3671809732913971, 0.3056041896343231, 0.4112040400505066, 0.3585425913333893];[-2.1508469581604004, -1.9851875305175781, -1.9621095657348633, -1.8133633136749268, -2.217966079711914, -2.0182807445526123];[1.7747102975845337, 1.9919278621673584, 1.4137548208236694, 1.1141257286071777, 1.6422767639160156];365.6424174308777
400;[3.480447769165039, 2.543475389480591, 2.2779831886291504, 2.1877312660217285, 2.243601083755493, 2.1692371368408203];[0.4406643807888031, 0.28755098581314087, 0.2718085050582886, 0.27697768807411194, 0.29833006858825684, 0.29433050751686096];[-2.1900761127471924, -1.8045566082000732, -1.7523725032806396, -1.8111798763275146, -1.961551547050476, -1.9986764192581177];[1.9493801593780518, 1.590171456336975, 1.508226990699768, 1.7515573501586914, 2.1495790481567383];348.9633846282959
450;[3.629896402359009, 2.509697437286377, 2.461550235748291, 2.498392343521118, 2.2989892959594727, 2.231489419937134];[0.42785149812698364, 0.3149240016937256, 0.3258582055568695, 0.3394782543182373, 0.3174864649772644, 0.31020569801330566];[-2.2236576080322266, -1.9144513607025146, -2.061300277709961, -2.178964853286743, -2.093092679977417, -2.0781893730163574];[1.5746610164642334, 2.2122914791107178, 0.8855913877487183, 1.5317243337631226, 1.416472315788269];348.01607608795166
500;[3.3648812770843506, 2.4717724323272705, 2.3545515537261963, 2.36802077293396, 2.207200288772583, 2.200845241546631];[0.44050097465515137, 0.28932493925094604, 0.290760338306427, 0.2902129590511322, 0.28277626633644104, 0.28228673338890076];[-2.117938995361328, -1.8052443265914917, -1.865594744682312, -1.904569149017334, -1.9407354593276978, -1.9750982522964478];[2.079552412033081, 2.3501133918762207, 1.4891576766967773, 1.326432466506958, 1.0861457586288452];352.03316617012024
550;[3.362457513809204, 2.6545002460479736, 2.540757417678833, 2.7194175720214844, 2.687981128692627, 2.437549114227295];[0.4273624122142792, 0.3139418363571167, 0.3427881598472595, 0.46919238567352295, 0.446106493473053, 0.3626336455345154];[-2.1138741970062256, -1.875779151916504, -1.970872402191162, -2.360887050628662, -2.394237995147705, -2.111480474472046];[2.0364303588867188, 1.9748549461364746, 1.5815048217773438, 1.1672791242599487, 1.1834683418273926];360.9882836341858
600;[3.4779739379882812, 2.9232914447784424, 2.637077569961548, 2.4026570320129395, 2.281599283218384, 2.284111499786377];[0.42433440685272217, 0.34388837218284607, 0.40815821290016174, 0.33648279309272766, 0.27730023860931396, 0.2653135061264038];[-2.1737163066864014, -2.031838893890381, -2.1401619911193848, -2.0003600120544434, -1.8389383554458618, -1.8386117219924927];[2.261767625808716, 1.896706461906433, 1.6173319816589355, 0.9647314548492432, 1.8153952360153198];348.9575710296631
650;[3.5407519340515137, 2.657984972000122, 2.361907958984375, 2.2541332244873047, 2.3475515842437744, 2.2908432483673096];[0.43656808137893677, 0.33005979657173157, 0.27471494674682617, 0.281377911567688, 0.3059794306755066, 0.31846171617507935];[-2.2121787071228027, -1.9394103288650513, -1.7499738931655884, -1.8208180665969849, -1.9165087938308716, -1.9768011569976807];[1.8710007667541504, 2.331834554672241, 1.436470866203308, 1.6711273193359375, 1.0665149688720703];350.51936888694763
700;[3.4655158519744873, 2.656938076019287, 2.963538885116577, 3.062284231185913, 3.1113178730010986, 2.8919434547424316];[0.4309043884277344, 0.2970304787158966, 0.5329671502113342, 0.6711719036102295, 0.6674936413764954, 0.5989189743995667];[-2.1853156089782715, -1.8337782621383667, -2.480210781097412, -3.031217098236084, -3.020200252532959, -2.803717613220215];[1.8565093278884888, 1.7601372003555298, 1.481451392173767, 0.9087523221969604, 1.100492000579834];354.1899025440216
750;[3.474484443664551, 2.7926688194274902, 2.6744542121887207, 2.6024956703186035, 2.4281368255615234, 2.2957608699798584];[0.4471079111099243, 0.32647421956062317, 0.4237472414970398, 0.3942805826663971, 0.33069783449172974, 0.32108014822006226];[-2.1904795169830322, -1.9602996110916138, -2.2320570945739746, -2.2111544609069824, -2.057626485824585, -2.032214879989624];[2.3664047718048096, 2.310368537902832, 1.740466833114624, 1.7452284097671509, 1.927334189414978];347.62265038490295
800;[3.5488901138305664, 2.5362956523895264, 2.383561372756958, 2.446521043777466, 2.2320032119750977, 2.2237679958343506];[0.4226207137107849, 0.3101508915424347, 0.3037557899951935, 0.3699529767036438, 0.4190689027309418, 0.44199877977371216];[-2.211388349533081, -1.8663665056228638, -1.8211101293563843, -2.0635972023010254, -2.170058012008667, -2.253248453140259];[1.7387776374816895, 1.6800717115402222, 1.5479323863983154, 1.9880465269088745, 1.1726058721542358];354.345828294754
850;[3.3409130573272705, 2.513458490371704, 2.394646406173706, 2.2504124641418457, 2.2617361545562744, 2.473001003265381];[0.43717724084854126, 0.3657519519329071, 0.33463990688323975, 0.3306363821029663, 0.33422359824180603, 0.3730975389480591];[-2.1206741333007812, -1.9755380153656006, -1.9870572090148926, -1.9829972982406616, -2.040971040725708, -2.263446807861328];[1.5783894062042236, 1.8596633672714233, 0.9096851944923401, 1.7669589519500732, 1.9992687702178955];356.3224949836731
900;[3.5120975971221924, 2.405059337615967, 2.337226629257202, 2.5423974990844727, 2.179584264755249, 2.190171480178833];[0.43827444314956665, 0.27335530519485474, 0.27379104495048523, 0.33134469389915466, 0.2639106512069702, 0.2675175070762634];[-2.1942410469055176, -1.730588436126709, -1.7388705015182495, -2.043823480606079, -1.7887705564498901, -1.8541220426559448];[1.9506049156188965, 2.3503551483154297, 2.707421064376831, 1.2281571626663208, 1.1675034761428833];356.9154441356659
950;[3.4888288974761963, 2.6370677947998047, 2.6949620246887207, 2.5227720737457275, 2.4138786792755127, 2.0651938915252686];[0.4305139482021332, 0.30623337626457214, 0.3830045759677887, 0.3297085464000702, 0.28106239438056946, 0.25264880061149597];[-2.1909918785095215, -1.8407909870147705, -2.124138593673706, -2.0017175674438477, -1.9277269840240479, -1.7467026710510254];[1.9383511543273926, 2.450277090072632, 1.1492890119552612, 1.1277834177017212, 2.3210909366607666];351.85458397865295
1000;[3.4790709018707275, 2.7851622104644775, 2.517883777618408, 2.2075953483581543, 2.215985059738159, 2.4655938148498535];[0.4421994388103485, 0.3082897365093231, 0.3047844171524048, 0.25380799174308777, 0.26696908473968506, 0.31874746084213257];[-2.195986032485962, -1.941862940788269, -1.8796855211257935, -1.7151223421096802, -1.7849785089492798, -2.1133317947387695];[1.9914040565490723, 2.763749599456787, 1.9254558086395264, 2.510073661804199, 1.228667974472046];348.74393105506897
1050;[3.4341771602630615, 2.7076773643493652, 2.7749321460723877, 2.5344185829162598, 2.348925828933716, 2.379002094268799];[0.4304201006889343, 0.328496515750885, 0.36487022042274475, 0.3533126711845398, 0.315079927444458, 0.2998967468738556];[-2.155642032623291, -1.9260081052780151, -2.153790235519409, -2.1420300006866455, -2.0197718143463135, -2.003206729888916];[1.8717212677001953, 1.3628555536270142, 1.4666399955749512, 1.3891602754592896, 1.5660772323608398];355.39282298088074
1100;[3.5694146156311035, 2.619558811187744, 2.5549392700195312, 2.37255597114563, 2.19181489944458, 2.22055983543396];[0.4306790828704834, 0.31287333369255066, 0.3328356146812439, 0.2822868227958679, 0.25525909662246704, 0.3371795415878296];[-2.2354342937469482, -1.8335760831832886, -1.9113010168075562, -1.798913598060608, -1.7308326959609985, -1.9311450719833374];[1.930582046508789, 1.9325811862945557, 1.8207924365997314, 1.7933870553970337, 0.983767569065094];378.4978370666504
1150;[3.4858319759368896, 2.6669106483459473, 2.9415156841278076, 2.9706673622131348, 2.7241246700286865, 2.8153579235076904];[0.43737438321113586, 0.34426647424697876, 0.5964051485061646, 0.5711124539375305, 0.47779399156570435, 0.4413655698299408];[-2.1709494590759277, -1.9465126991271973, -2.6319942474365234, -2.6022443771362305, -2.3519248962402344, -2.296278715133667];[2.0071043968200684, 2.5928895473480225, 1.4769017696380615, 1.3446747064590454, 1.5116535425186157];373.24808859825134
1200;[3.437978982925415, 2.6162307262420654, 2.6808648109436035, 2.417186975479126, 2.178652763366699, 2.297224521636963];[0.4222293496131897, 0.3241337835788727, 0.34782469272613525, 0.31590867042541504, 0.3020475208759308, 0.3238873779773712];[-2.1453921794891357, -1.92800772190094, -2.1382627487182617, -2.019641637802124, -2.040109395980835, -2.20863676071167];[1.802659273147583, 1.6264129877090454, 1.3337745666503906, 0.8728432655334473, 1.3914928436279297];381.3960301876068
1250;[3.4220948219299316, 2.7381019592285156, 2.6193015575408936, 2.6140928268432617, 2.7045059204101562, 2.280423402786255];[0.4305312931537628, 0.30975186824798584, 0.325158953666687, 0.3722287714481354, 0.40070733428001404, 0.3088454604148865];[-2.1536736488342285, -1.902453899383545, -1.9678540229797363, -2.1975793838500977, -2.3393242359161377, -1.9640017747879028];[1.9924707412719727, 1.4496182203292847, 1.5668087005615234, 1.5128272771835327, 0.7464860677719116];354.8603186607361
1300;[3.4729998111724854, 2.6429200172424316, 2.6315701007843018, 2.8197288513183594, 2.2836854457855225, 2.253694772720337];[0.4191039800643921, 0.29566195607185364, 0.3602467179298401, 0.3934329152107239, 0.3178049921989441, 0.29967617988586426];[-2.148639678955078, -1.861257791519165, -2.1562631130218506, -2.382345199584961, -2.074086904525757, -1.9624580144882202];[2.218944787979126, 3.3703811168670654, 1.561028242111206, 1.6130636930465698, 0.8074671626091003];365.35259675979614
1350;[3.4616544246673584, 2.471222400665283, 2.8871254920959473, 2.685807943344116, 2.2862889766693115, 2.3028159141540527];[0.43835362792015076, 0.29365894198417664, 0.43741875886917114, 0.3896595537662506, 0.2871699929237366, 0.2961233854293823];[-2.1895406246185303, -1.8010927438735962, -2.331127166748047, -2.2108378410339355, -1.8872597217559814, -1.9741390943527222];[1.8388628959655762, 3.4949440956115723, 1.90800142288208, 0.9598975777626038, 1.1444631814956665];345.6060869693756
1400;[3.5098540782928467, 2.7953267097473145, 3.110285997390747, 2.9667582511901855, 2.8748505115509033, 2.5982704162597656];[0.44667667150497437, 0.3488302528858185, 0.6570000052452087, 0.6128136515617371, 0.5361546277999878, 0.388576477766037];[-2.196889638900757, -1.9848281145095825, -2.8189711570739746, -2.6782402992248535, -2.5211687088012695, -2.1208109855651855];[1.7879608869552612, 2.693006992340088, 1.8439854383468628, 0.8117949962615967, 1.0514814853668213];351.3967101573944
1450;[3.398092031478882, 2.542604923248291, 3.066312551498413, 2.46515154838562, 2.4930343627929688, 2.227116107940674];[0.4274410307407379, 0.3027762174606323, 0.5006622672080994, 0.37458184361457825, 0.3610272705554962, 0.3001295030117035];[-2.136824607849121, -1.8313170671463013, -2.619049310684204, -2.175447702407837, -2.22969913482666, -2.02901291847229];[2.1310882568359375, 2.109586000442505, 1.479936122894287, 1.8741763830184937, 1.0437496900558472];348.7319004535675
1500;[3.3999791145324707, 2.4694151878356934, 2.473324775695801, 2.1971380710601807, 2.2898881435394287, 2.239089250564575];[0.42848700284957886, 0.2849113941192627, 0.2952417731285095, 0.25300076603889465, 0.2765244245529175, 0.28797197341918945];[-2.1453912258148193, -1.784058690071106, -1.9211798906326294, -1.7582358121871948, -1.869160771369934, -1.9660073518753052];[1.6861133575439453, 2.016638994216919, 1.4963438510894775, 1.102343201637268, 1.1186643838882446];347.33349323272705
1550;[3.435685157775879, 2.8100059032440186, 2.62888503074646, 2.589505672454834, 2.3509597778320312, 2.247586250305176];[0.42411941289901733, 0.3457779288291931, 0.39194485545158386, 0.34196919202804565, 0.29050853848457336, 0.250434547662735];[-2.1512887477874756, -1.9745889902114868, -2.099271297454834, -2.0302014350891113, -1.8761917352676392, -1.770314335823059];[1.8890947103500366, 1.642765760421753, 1.510751485824585, 1.6927987337112427, 0.9225763082504272];355.03563714027405
1600;[3.5344862937927246, 2.5939104557037354, 2.367542028427124, 2.302802324295044, 2.2873876094818115, 1.992392897605896];[0.437140554189682, 0.30190253257751465, 0.3092571794986725, 0.2618296146392822, 0.2871783375740051, 0.2902264893054962];[-2.198368787765503, -1.829660415649414, -1.8435207605361938, -1.7711286544799805, -1.8265161514282227, -1.7690011262893677];[1.7251886129379272, 1.5734658241271973, 1.1679439544677734, 1.1169594526290894, 1.4010988473892212];348.86168026924133
1650;[3.3729896545410156, 2.6650187969207764, 2.497403621673584, 2.1702449321746826, 2.186110019683838, 2.1457018852233887];[0.4261898100376129, 0.28843623399734497, 0.3021460473537445, 0.25932085514068604, 0.2591363191604614, 0.2639370858669281];[-2.128889560699463, -1.8413856029510498, -1.8847283124923706, -1.704135537147522, -1.7774269580841064, -1.78659188747406];[1.4591071605682373, 1.0685768127441406, 0.9809989929199219, 1.3119877576828003, 2.550661563873291];347.49965953826904
1700;[3.3907694816589355, 2.4754786491394043, 2.593302011489868, 2.313821792602539, 2.3367576599121094, 2.312304735183716];[0.41682669520378113, 0.2940097451210022, 0.34963786602020264, 0.3012623190879822, 0.31309834122657776, 0.3317400813102722];[-2.115798234939575, -1.8152028322219849, -2.1625514030456543, -1.9747211933135986, -2.082721710205078, -2.1488330364227295];[1.6118495464324951, 1.3639459609985352, 2.8010783195495605, 1.0686240196228027, 1.9277204275131226];344.48805713653564
1750;[3.4865918159484863, 2.5660321712493896, 2.336961030960083, 2.4543700218200684, 2.186081647872925, 2.364290237426758];[0.43417859077453613, 0.31800299882888794, 0.2895657420158386, 0.32134178280830383, 0.2944939434528351, 0.3413280248641968];[-2.1764469146728516, -1.876880407333374, -1.8340539932250977, -2.0824217796325684, -1.92047119140625, -2.2481913566589355];[1.9165971279144287, 2.722731590270996, 1.259565830230713, 1.21531343460083, 2.2626070976257324];348.72180247306824
1800;[3.542616844177246, 2.7608838081359863, 2.353455066680908, 2.4906346797943115, 2.2195634841918945, 2.3278846740722656];[0.43504461646080017, 0.3414100408554077, 0.30029889941215515, 0.324573814868927, 0.3095950484275818, 0.3409131169319153];[-2.2129921913146973, -1.984445333480835, -1.863622784614563, -2.0358083248138428, -1.8981146812438965, -2.074108362197876];[2.046387195587158, 2.4927008152008057, 1.380465030670166, 1.3020533323287964, 1.042855143547058];352.80697774887085
1850;[3.523024320602417, 2.5760750770568848, 2.8985140323638916, 2.8062469959259033, 2.616215467453003, 2.227328300476074];[0.43340134620666504, 0.3110549747943878, 0.48662102222442627, 0.48747989535331726, 0.38676872849464417, 0.26373952627182007];[-2.2051966190338135, -1.8441179990768433, -2.382154703140259, -2.351175546646118, -2.0939228534698486, -1.7624462842941284];[1.6343412399291992, 2.407721996307373, 1.9212020635604858, 1.8519134521484375, 1.8809300661087036];350.08515787124634
1900;[3.5153372287750244, 2.7469515800476074, 2.379537343978882, 2.188147783279419, 2.213968276977539, 2.274953842163086];[0.4438469111919403, 0.3016680181026459, 0.31010839343070984, 0.25955143570899963, 0.2711735963821411, 0.29281118512153625];[-2.202637195587158, -1.897871971130371, -1.8804829120635986, -1.7737512588500977, -1.8340572118759155, -1.9384009838104248];[1.6268812417984009, 2.3669397830963135, 1.3378344774246216, 0.953848659992218, 1.91817045211792];354.6572620868683
1950;[3.449302911758423, 2.469775915145874, 2.3877320289611816, 2.3264830112457275, 2.143834114074707, 2.0675697326660156];[0.4420658349990845, 0.31070971488952637, 0.28031060099601746, 0.2878258228302002, 0.27690547704696655, 0.26864174008369446];[-2.188352108001709, -1.8526551723480225, -1.8103559017181396, -1.854720115661621, -1.7974973917007446, -1.7753705978393555];[2.0004634857177734, 1.4279634952545166, 2.004456043243408, 1.5009313821792603, 1.9377588033676147];359.78227257728577
2000;[3.5128579139709473, 2.5074899196624756, 2.2293543815612793, 2.3102314472198486, 2.3317153453826904, 2.3525166511535645];[0.43277543783187866, 0.2854072153568268, 0.2639027237892151, 0.2792734205722809, 0.3088037371635437, 0.29956984519958496];[-2.1851656436920166, -1.8151353597640991, -1.756993055343628, -1.8331022262573242, -2.000502109527588, -2.0104544162750244];[1.836229681968689, 2.328011989593506, 1.2959367036819458, 1.6326829195022583, 1.8846547603607178];383.465793132782
2050;[3.4718825817108154, 2.5723037719726562, 2.4518163204193115, 2.260127544403076, 2.233065366744995, 2.3556132316589355];[0.435119092464447, 0.2941722571849823, 0.30529141426086426, 0.28953468799591064, 0.28821825981140137, 0.3109789788722992];[-2.168713331222534, -1.8465222120285034, -1.9116895198822021, -1.8762214183807373, -1.921491265296936, -2.1400558948516846];[1.8488187789916992, 2.3423080444335938, 1.7723674774169922, 1.781195878982544, 1.6062172651290894];353.71667194366455
2100;[3.4577395915985107, 2.4914238452911377, 2.5626792907714844, 2.457815408706665, 2.3217098712921143, 2.279468059539795];[0.4313388168811798, 0.43313291668891907, 0.5126140713691711, 0.5375140309333801, 0.4915075898170471, 0.46871232986450195];[-2.1701595783233643, -2.148369312286377, -2.5741734504699707, -2.669271945953369, -2.5567140579223633, -2.523944854736328];[2.3696372509002686, 1.3599658012390137, 1.4478793144226074, 1.7145929336547852, 1.01034414768219];494.0118372440338
2150;[3.5250561237335205, 2.603985071182251, 2.548341989517212, 2.2996222972869873, 2.4392521381378174, 2.127833604812622];[0.42883846163749695, 0.2921168804168701, 0.2888907790184021, 0.2673235535621643, 0.2955184876918793, 0.25584813952445984];[-2.201998710632324, -1.8088582754135132, -1.869076132774353, -1.8307584524154663, -2.0271975994110107, -1.8714890480041504];[1.4978785514831543, 1.4267619848251343, 1.4525094032287598, 1.2926839590072632, 2.3068103790283203];345.96375942230225
2200;[3.4772369861602783, 2.592604398727417, 2.4088003635406494, 2.2399587631225586, 2.4974167346954346, 2.672224998474121];[0.43342170119285583, 0.2953347861766815, 0.2910618782043457, 0.29103636741638184, 0.3644295632839203, 0.42433783411979675];[-2.167332649230957, -1.8026022911071777, -1.8305622339248657, -1.8505085706710815, -2.1614744663238525, -2.5040366649627686];[1.672898530960083, 2.6644632816314697, 2.476421594619751, 2.438143730163574, 0.9747456908226013];352.3173632621765
2250;[3.447732448577881, 2.5942301750183105, 2.4543588161468506, 2.4597103595733643, 2.120779037475586, 2.133652925491333];[0.42744630575180054, 0.335983544588089, 0.28917914628982544, 0.3060171902179718, 0.25728899240493774, 0.274237722158432];[-2.1626577377319336, -1.9136923551559448, -1.850307583808899, -1.9860100746154785, -1.7705693244934082, -1.894461750984192];[2.3505218029022217, 1.7620227336883545, 1.2361960411071777, 2.212716579437256, 1.735115885734558];347.5303385257721
2300;[3.4258675575256348, 2.550029754638672, 2.3878040313720703, 2.420980215072632, 2.4081618785858154, 2.209954261779785];[0.43996262550354004, 0.28670763969421387, 0.26909583806991577, 0.30352261662483215, 0.3196384310722351, 0.27809855341911316];[-2.155377149581909, -1.8096331357955933, -1.7809475660324097, -1.9550590515136719, -2.063065767288208, -1.9552968740463257];[1.8495609760284424, 1.9888129234313965, 2.361773729324341, 1.632955551147461, 1.3226072788238525];351.62379026412964
2350;[3.479848861694336, 2.4064114093780518, 2.551950693130493, 2.1110169887542725, 2.3738160133361816, 2.213121175765991];[0.4281454086303711, 0.2674504816532135, 0.3361999988555908, 0.25112268328666687, 0.33102118968963623, 0.2833988666534424];[-2.1800904273986816, -1.7286336421966553, -1.9937760829925537, -1.7048519849777222, -2.110517978668213, -1.8955078125];[1.6126024723052979, 2.194371223449707, 1.8632702827453613, 2.507206916809082, 0.9781532287597656];345.24137926101685
2400;[3.453928232192993, 2.5976994037628174, 2.600707530975342, 2.7929043769836426, 2.514183759689331, 2.395803213119507];[0.42348501086235046, 0.3120007812976837, 0.422490656375885, 0.49612799286842346, 0.3595259487628937, 0.33574575185775757];[-2.1593546867370605, -1.8556921482086182, -2.187958002090454, -2.4700236320495605, -2.0891079902648926, -2.034578323364258];[1.843395709991455, 2.559037446975708, 1.3328604698181152, 2.1159615516662598, 2.103904962539673];366.5203640460968
2450;[3.443373441696167, 2.6680471897125244, 2.5579562187194824, 2.5547709465026855, 2.5973079204559326, 2.3737831115722656];[0.4253566563129425, 0.3082208037376404, 0.2995510995388031, 0.37463414669036865, 0.4584195911884308, 0.4471402168273926];[-2.157527446746826, -1.8717612028121948, -1.9503227472305298, -2.0872745513916016, -2.3651182651519775, -2.2876944541931152];[1.7837495803833008, 2.873859405517578, 1.5295348167419434, 0.9507308602333069, 1.7445210218429565];350.1382131576538
2500;[3.500199317932129, 2.510552406311035, 2.616610050201416, 2.5074539184570312, 2.2579472064971924, 2.3280200958251953];[0.4217135012149811, 0.2855501174926758, 0.32892996072769165, 0.3237541913986206, 0.3138423264026642, 0.33523786067962646];[-2.151613235473633, -1.7704929113388062, -2.0220673084259033, -2.0285778045654297, -1.9865518808364868, -2.1562488079071045];[1.9303677082061768, 2.638608455657959, 3.193929433822632, 2.096846580505371, 1.1292717456817627];443.85358476638794
2550;[3.422832489013672, 2.561678409576416, 2.481628656387329, 2.4954843521118164, 2.064365863800049, 2.2570791244506836];[0.439088374376297, 0.28524133563041687, 0.3436613976955414, 0.30800336599349976, 0.24432368576526642, 0.29059287905693054];[-2.157212495803833, -1.7974934577941895, -1.9509304761886597, -1.9457463026046753, -1.6727616786956787, -1.8856943845748901];[1.7886677980422974, 2.583866834640503, 1.0082529783248901, 1.2897876501083374, 0.998389720916748];348.591078042984
2600;[3.394423484802246, 2.7967922687530518, 2.902930974960327, 2.936180591583252, 2.7609992027282715, 2.584606409072876];[0.44063636660575867, 0.3195769190788269, 0.561390221118927, 0.5937802791595459, 0.5377350449562073, 0.4598495066165924];[-2.1647140979766846, -1.9295138120651245, -2.4114251136779785, -2.573726177215576, -2.391080379486084, -2.2272963523864746];[1.8223284482955933, 2.541611909866333, 1.252380609512329, 1.46357262134552, 1.6501349210739136];369.6807928085327
2650;[3.442821979522705, 2.53973126411438, 2.300457715988159, 2.4384777545928955, 2.532301664352417, 2.527533531188965];[0.4292795956134796, 0.2951284646987915, 0.2867465913295746, 0.3186180889606476, 0.38290712237358093, 0.39550432562828064];[-2.150250196456909, -1.8422610759735107, -1.8482930660247803, -2.046569585800171, -2.3429226875305176, -2.402513027191162];[2.059231758117676, 1.8658264875411987, 2.172314405441284, 1.0129573345184326, 1.0754979848861694];351.99345803260803
2700;[3.5615553855895996, 2.8834848403930664, 2.4029619693756104, 2.3844187259674072, 2.3316686153411865, 2.1547622680664062];[0.4321097135543823, 0.34512078762054443, 0.3286907970905304, 0.3389790654182434, 0.3523064851760864, 0.3499008119106293];[-2.211458683013916, -2.0482325553894043, -1.9977566003799438, -2.1243553161621094, -2.1974947452545166, -2.1572365760803223];[1.871151328086853, 1.792712688446045, 0.8934822678565979, 1.1473325490951538, 1.2664635181427002];372.30189990997314
2750;[3.5089309215545654, 2.4720728397369385, 2.4528937339782715, 2.6017355918884277, 2.579972982406616, 2.269343852996826];[0.43499210476875305, 0.283003032207489, 0.3168047368526459, 0.40944111347198486, 0.3773878216743469, 0.2966921627521515];[-2.196744441986084, -1.7645070552825928, -1.94228196144104, -2.257608652114868, -2.206514358520508, -1.914351463317871];[2.03402042388916, 1.9295775890350342, 3.424049139022827, 0.9160982370376587, 1.6039305925369263];373.07686591148376
2800;[3.548353433609009, 2.5461885929107666, 2.367630958557129, 2.5414769649505615, 2.5715651512145996, 2.407153844833374];[0.42625173926353455, 0.30274179577827454, 0.3037537932395935, 0.35293883085250854, 0.3935048580169678, 0.372931569814682];[-2.2053003311157227, -1.8512842655181885, -1.8870630264282227, -2.125877857208252, -2.341399908065796, -2.328451156616211];[1.9598743915557861, 1.4424688816070557, 1.6941038370132446, 1.226855754852295, 1.738073468208313];350.75655341148376
2850;[3.4069786071777344, 2.4158973693847656, 2.4884142875671387, 2.3690454959869385, 2.228091239929199, 2.2489376068115234];[0.42313840985298157, 0.28612834215164185, 0.3069981634616852, 0.3198089599609375, 0.3170696794986725, 0.32345378398895264];[-2.1496262550354004, -1.7479873895645142, -1.9554181098937988, -1.930932879447937, -1.9528560638427734, -2.124584674835205];[1.6829770803451538, 2.2460038661956787, 1.5195873975753784, 1.6230287551879883, 1.0921738147735596];346.89175605773926
2900;[3.4786903858184814, 2.5778191089630127, 2.450260877609253, 2.470724105834961, 2.1888723373413086, 2.076735258102417];[0.4198276996612549, 0.2878984808921814, 0.32644909620285034, 0.33234453201293945, 0.28497010469436646, 0.26859134435653687];[-2.169485092163086, -1.8297823667526245, -1.9564615488052368, -2.1071865558624268, -1.937452793121338, -1.8350478410720825];[1.7351487874984741, 1.6747496128082275, 1.0597151517868042, 1.2374767065048218, 1.181371808052063];534.7630653381348
2950;[3.457639694213867, 2.455718994140625, 2.1218760013580322, 2.193588972091675, 2.1371426582336426, 2.2050108909606934];[0.41961294412612915, 0.28382259607315063, 0.2528902590274811, 0.2944889962673187, 0.3052251636981964, 0.32375890016555786];[-2.1645867824554443, -1.7687593698501587, -1.69527006149292, -1.9024831056594849, -1.9483562707901, -2.1534721851348877];[2.2806077003479004, 1.9972871541976929, 1.379696011543274, 0.9963942170143127, 1.1876146793365479];351.1536023616791
3000;[3.4256255626678467, 2.5797696113586426, 2.429295301437378, 2.1875648498535156, 2.0749597549438477, 2.0899109840393066];[0.4304555654525757, 0.29211729764938354, 0.3239927291870117, 0.28437790274620056, 0.2744012773036957, 0.2764695882797241];[-2.1510977745056152, -1.8373037576675415, -1.9258242845535278, -1.8161276578903198, -1.770541787147522, -1.8773666620254517];[1.6231969594955444, 1.95998215675354, 1.9602985382080078, 1.3364475965499878, 1.1144399642944336];350.6890287399292
3050;[3.5232760906219482, 2.6496002674102783, 2.332472801208496, 2.1071410179138184, 2.3263421058654785, 2.428922653198242];[0.4335034191608429, 0.3088298439979553, 0.28034666180610657, 0.2517630159854889, 0.304786741733551, 0.32432153820991516];[-2.183851718902588, -1.9138824939727783, -1.8229643106460571, -1.741463303565979, -2.0606672763824463, -2.1972780227661133];[1.7842023372650146, 2.575181245803833, 1.3663827180862427, 0.9111818671226501, 0.7088350653648376];349.6513237953186
3100;[3.5262510776519775, 2.814133644104004, 2.258453845977783, 2.530210494995117, 2.0763163566589355, 2.1694116592407227];[0.4273252487182617, 0.3249512314796448, 0.27181747555732727, 0.3116033971309662, 0.2533946931362152, 0.27095410227775574];[-2.1755728721618652, -1.9823546409606934, -1.7714111804962158, -2.0248773097991943, -1.7619661092758179, -1.8753242492675781];[1.725892186164856, 2.6888372898101807, 1.6288936138153076, 1.22361421585083, 1.3322011232376099];352.63116693496704
3150;[3.481098175048828, 2.6208834648132324, 3.081606149673462, 2.5439748764038086, 2.6830639839172363, 2.5989670753479004];[0.4412480592727661, 0.2879887521266937, 0.5702500939369202, 0.4701903164386749, 0.4961971640586853, 0.3899663984775543];[-2.1739420890808105, -1.8041188716888428, -2.6048965454101562, -2.22977876663208, -2.443427562713623, -2.1382110118865967];[1.7707511186599731, 2.2424964904785156, 1.4418721199035645, 1.0299654006958008, 1.3733606338500977];464.4465928077698
3200;[3.5564115047454834, 2.7398481369018555, 2.4019484519958496, 2.459761381149292, 2.225663900375366, 2.0992929935455322];[0.42679154872894287, 0.32754942774772644, 0.28735071420669556, 0.3254576325416565, 0.31381064653396606, 0.3091305196285248];[-2.2020366191864014, -1.939608097076416, -1.8187594413757324, -2.0052144527435303, -1.9545645713806152, -1.9414972066879272];[1.9723721742630005, 2.059894323348999, 2.013249635696411, 1.6694637537002563, 1.5763640403747559];350.2316346168518
3250;[3.5460596084594727, 2.7367491722106934, 2.5024492740631104, 2.2586591243743896, 2.1476285457611084, 2.1733546257019043];[0.44870391488075256, 0.3196456730365753, 0.30905455350875854, 0.254861056804657, 0.2614772617816925, 0.26357918977737427];[-2.22725510597229, -1.9331837892532349, -1.8970811367034912, -1.754539966583252, -1.7802815437316895, -1.8115696907043457];[2.100376605987549, 2.4458131790161133, 0.9623016715049744, 1.3586567640304565, 1.1905947923660278];349.4001417160034
3300;[3.5628983974456787, 2.68611478805542, 2.4316792488098145, 2.561677932739258, 2.2223610877990723, 2.200670003890991];[0.4286653399467468, 0.32288429141044617, 0.3140544295310974, 0.3255322277545929, 0.2888782322406769, 0.36591002345085144];[-2.204709529876709, -1.9585044384002686, -2.0347378253936768, -2.131179094314575, -1.883857250213623, -2.1061408519744873];[1.976975679397583, 1.174871802330017, 1.5232387781143188, 0.914739191532135, 1.438979983329773];344.4470660686493
3350;[3.4647178649902344, 2.498832941055298, 2.5666286945343018, 2.481466054916382, 2.376746892929077, 2.3523008823394775];[0.42730820178985596, 0.29516416788101196, 0.37013906240463257, 0.34558719396591187, 0.29929909110069275, 0.3112148940563202];[-2.1585211753845215, -1.8299719095230103, -2.1783607006073, -2.1381797790527344, -1.9845436811447144, -2.0489237308502197];[1.91196870803833, 1.447730302810669, 2.906442880630493, 1.6380683183670044, 1.139370322227478];493.48789262771606
3400;[3.4300949573516846, 2.55599045753479, 2.739997625350952, 2.5675532817840576, 2.304553270339966, 2.3507637977600098];[0.4225103259086609, 0.2884173095226288, 0.3973788022994995, 0.33244338631629944, 0.29631900787353516, 0.2952564060688019];[-2.153245210647583, -1.8282700777053833, -2.1812150478363037, -2.072098731994629, -1.8946430683135986, -1.9940812587738037];[2.120889186859131, 2.5633387565612793, 1.7815830707550049, 1.3938827514648438, 1.5935581922531128];369.4938225746155
3450;[3.4317879676818848, 2.6290037631988525, 2.2406249046325684, 2.305480718612671, 2.126343250274658, 1.9549596309661865];[0.42851898074150085, 0.2836943566799164, 0.26172855496406555, 0.289288729429245, 0.27364927530288696, 0.26508933305740356];[-2.1599225997924805, -1.827377200126648, -1.7448430061340332, -1.9005128145217896, -1.8274924755096436, -1.793700098991394];[1.587241530418396, 1.6948455572128296, 1.0273603200912476, 1.2396420240402222, 1.1867599487304688];358.35613465309143
3500;[3.43996524810791, 2.8715879917144775, 2.8675005435943604, 2.6387267112731934, 2.3980190753936768, 2.415391206741333];[0.4161004424095154, 0.35954806208610535, 0.51457679271698, 0.46214836835861206, 0.33733993768692017, 0.3113998472690582];[-2.1366357803344727, -2.010143280029297, -2.315826177597046, -2.2437422275543213, -1.9145015478134155, -1.8901073932647705];[1.9063568115234375, 3.133967876434326, 2.504298448562622, 1.1942170858383179, 2.9328107833862305];344.4140887260437
3550;[3.530898094177246, 2.568528175354004, 2.375317096710205, 2.3875293731689453, 2.218196153640747, 2.367549419403076];[0.4299246668815613, 0.3418470025062561, 0.3225593566894531, 0.37285444140434265, 0.3813013434410095, 0.4224214255809784];[-2.201012134552002, -1.9479397535324097, -1.9862278699874878, -2.162876605987549, -2.1668314933776855, -2.4597623348236084];[1.6955132484436035, 1.1045100688934326, 2.7663397789001465, 1.5084519386291504, 2.4814388751983643];343.68105030059814
3600;[3.4477524757385254, 2.7984158992767334, 2.4104535579681396, 2.176480770111084, 2.2020015716552734, 2.100644588470459];[0.4325738847255707, 0.29424890875816345, 0.2835451066493988, 0.23161455988883972, 0.2407066971063614, 0.23596543073654175];[-2.174731731414795, -1.8786059617996216, -1.827627182006836, -1.6557921171188354, -1.7162374258041382, -1.7115633487701416];[1.8641561269760132, 3.231431007385254, 1.3689932823181152, 2.117184638977051, 1.76540207862854];374.6990611553192
3650;[3.540844678878784, 2.6726222038269043, 2.5777578353881836, 2.509006977081299, 2.376544237136841, 2.5128369331359863];[0.4399881660938263, 0.3034307062625885, 0.40441811084747314, 0.37280356884002686, 0.33841556310653687, 0.31417375802993774];[-2.20306396484375, -1.8449054956436157, -2.002532958984375, -1.9641950130462646, -1.8951095342636108, -1.9232209920883179];[1.6710200309753418, 1.8124430179595947, 2.3260550498962402, 1.3277240991592407, 0.9070722460746765];392.574355840683
3700;[3.4027581214904785, 2.7670376300811768, 2.4891271591186523, 2.4987165927886963, 2.457127094268799, 2.445298433303833];[0.43114277720451355, 0.3357246518135071, 0.3241567313671112, 0.35490474104881287, 0.34802576899528503, 0.3437269330024719];[-2.1527085304260254, -1.9902995824813843, -2.0222935676574707, -2.2621848583221436, -2.1963353157043457, -2.3078033924102783];[1.6059682369232178, 2.0353188514709473, 1.748264193534851, 1.1547491550445557, 1.2774313688278198];357.09567046165466
3750;[3.417722225189209, 2.7393620014190674, 2.6901261806488037, 2.534682035446167, 2.3950228691101074, 2.0696659088134766];[0.4201606214046478, 0.3174268901348114, 0.45665231347084045, 0.4188638925552368, 0.3412308990955353, 0.23151470720767975];[-2.120706558227539, -1.9221850633621216, -2.253260850906372, -2.165452718734741, -2.015087842941284, -1.6625288724899292];[1.884918212890625, 1.9629005193710327, 1.6261848211288452, 1.404569387435913, 1.3920115232467651];347.9537925720215
3800;[3.5380775928497314, 2.7286338806152344, 2.4393961429595947, 2.2899086475372314, 1.9063845872879028, 2.1020991802215576];[0.4449352025985718, 0.3409384787082672, 0.29545271396636963, 0.2672443687915802, 0.20590853691101074, 0.25644931197166443];[-2.1953392028808594, -1.9401596784591675, -1.817149043083191, -1.743373990058899, -1.5206109285354614, -1.7398957014083862];[1.6831614971160889, 1.8344318866729736, 1.046377182006836, 1.0747416019439697, 1.54032564163208];340.0990979671478
3850;[3.3782663345336914, 2.47312068939209, 2.525160551071167, 2.3059885501861572, 2.416839361190796, 2.274604558944702];[0.43335577845573425, 0.3188047707080841, 0.3270327150821686, 0.33690980076789856, 0.3456243574619293, 0.34747540950775146];[-2.1257143020629883, -1.8758080005645752, -2.131845712661743, -2.073441743850708, -2.194246292114258, -2.191915988922119];[1.8047271966934204, 1.3612143993377686, 1.0823029279708862, 1.144562005996704, 1.4701014757156372];345.5620803833008
3900;[3.400075674057007, 2.7106518745422363, 2.3565640449523926, 2.4135289192199707, 2.1219770908355713, 2.19423770904541];[0.42518237233161926, 0.3219972550868988, 0.2538396418094635, 0.26771700382232666, 0.25056490302085876, 0.27540409564971924];[-2.1462230682373047, -1.9081294536590576, -1.7128826379776, -1.7873680591583252, -1.7203539609909058, -1.833958625793457];[2.071441173553467, 2.174809217453003, 1.670992136001587, 1.5192204713821411, 0.8883520364761353];344.74154567718506
3950;[3.5219907760620117, 2.6161065101623535, 2.2941653728485107, 2.5463316440582275, 2.2291815280914307, 2.4462149143218994];[0.43788301944732666, 0.30515357851982117, 0.33532342314720154, 0.34828677773475647, 0.28460949659347534, 0.3094124495983124];[-2.1906542778015137, -1.8700616359710693, -1.9016461372375488, -2.076366424560547, -1.8788851499557495, -2.040229320526123];[1.8489506244659424, 2.023897886276245, 1.1767637729644775, 1.3782557249069214, 0.9837855100631714];347.22093391418457
4000;[3.4889564514160156, 2.810438871383667, 3.011812448501587, 2.9476051330566406, 2.6891257762908936, 2.5120348930358887];[0.419704794883728, 0.3773328959941864, 0.5640292763710022, 0.5228358507156372, 0.4218543767929077, 0.372172087430954];[-2.1676790714263916, -2.037088394165039, -2.5628855228424072, -2.509751319885254, -2.2110936641693115, -2.0907649993896484];[1.9308407306671143, 2.4048867225646973, 1.1077263355255127, 2.0097291469573975, 1.8928191661834717];341.2987449169159
4050;[3.568859577178955, 2.760904550552368, 2.7191879749298096, 2.6282742023468018, 2.435298442840576, 2.4037938117980957];[0.4272952973842621, 0.3181011974811554, 0.3585050404071808, 0.4115460216999054, 0.36098963022232056, 0.3121030926704407];[-2.2002525329589844, -1.9310764074325562, -2.0702457427978516, -2.2403271198272705, -2.061711072921753, -1.9917149543762207];[2.151880979537964, 1.8533141613006592, 3.5712695121765137, 1.403517723083496, 1.1572567224502563];344.61878633499146
4100;[3.4559199810028076, 2.636033058166504, 2.289626359939575, 2.1529533863067627, 2.2690558433532715, 2.1611833572387695];[0.43601733446121216, 0.3938843309879303, 0.3731757402420044, 0.32690104842185974, 0.367220401763916, 0.33334264159202576];[-2.1943347454071045, -2.083606243133545, -2.0638389587402344, -1.981982707977295, -2.2138843536376953, -2.105743169784546];[1.8444435596466064, 1.4663660526275635, 1.6026980876922607, 0.7144725918769836, 1.7712332010269165];355.2852234840393
4150;[3.433300495147705, 2.4914562702178955, 2.3924357891082764, 2.3695228099823, 2.223614454269409, 2.166435480117798];[0.4243253767490387, 0.28476110100746155, 0.2954428791999817, 0.29728150367736816, 0.2895900309085846, 0.3125024437904358];[-2.129598617553711, -1.8062700033187866, -1.8793984651565552, -1.9420093297958374, -1.8919240236282349, -1.957067847251892];[2.070068597793579, 1.5905953645706177, 1.4857996702194214, 1.1387208700180054, 1.3022207021713257];345.93709230422974
4200;[3.552973985671997, 2.3622629642486572, 2.4262945652008057, 2.2604544162750244, 2.178495407104492, 2.206754684448242];[0.4355594515800476, 0.3451465666294098, 0.3366325795650482, 0.31903076171875, 0.3814633786678314, 0.4079088866710663];[-2.2056286334991455, -1.8907548189163208, -2.006131410598755, -1.9513860940933228, -2.1148288249969482, -2.215541362762451];[2.0647192001342773, 2.1419742107391357, 1.111783742904663, 0.9300201535224915, 1.1166552305221558];342.4108190536499
4250;[3.439617872238159, 2.6113836765289307, 2.340717077255249, 2.2453296184539795, 2.081411838531494, 2.187459945678711];[0.4486544132232666, 0.28869470953941345, 0.29143431782722473, 0.2962835133075714, 0.28175869584083557, 0.3171268701553345];[-2.158219337463379, -1.836103081703186, -1.8833436965942383, -2.003694534301758, -1.9225720167160034, -2.071345329284668];[1.915737271308899, 1.8228179216384888, 2.312317371368408, 0.8018216490745544, 1.947404384613037];343.0613956451416
4300;[3.4404165744781494, 2.612617254257202, 2.3555681705474854, 2.480163335800171, 2.460858106613159, 2.2664473056793213];[0.4380873441696167, 0.3097515404224396, 0.28163301944732666, 0.3318234086036682, 0.3256676197052002, 0.31445905566215515];[-2.167135715484619, -1.8951101303100586, -1.8766686916351318, -2.109550952911377, -2.1413064002990723, -2.111029624938965];[1.833775520324707, 2.152620792388916, 1.2528021335601807, 1.278694987297058, 1.737545132637024];360.06418347358704
4350;[3.5066659450531006, 2.5241196155548096, 2.638442277908325, 2.268897294998169, 2.332840919494629, 2.331230401992798];[0.42971107363700867, 0.29633715748786926, 0.3402268588542938, 0.2762506306171417, 0.3166423738002777, 0.29894718527793884];[-2.201038360595703, -1.8357800245285034, -2.015367031097412, -1.7861745357513428, -1.9630013704299927, -2.0002126693725586];[2.235474109649658, 1.4531744718551636, 1.9132235050201416, 1.234305739402771, 1.8869274854660034];346.11720085144043
4400;[3.388012409210205, 2.835273027420044, 2.472627878189087, 2.492548942565918, 2.251429557800293, 2.322641372680664];[0.43449947237968445, 0.3408922255039215, 0.31815439462661743, 0.3679768741130829, 0.3331674337387085, 0.3599410951137543];[-2.1369526386260986, -2.0264627933502197, -1.9533803462982178, -2.1565887928009033, -2.0359461307525635, -2.2410781383514404];[2.0155372619628906, 1.2896047830581665, 1.8081586360931396, 1.9785937070846558, 0.908846378326416];346.37131905555725
4450;[3.46403431892395, 2.6913223266601562, 2.4086782932281494, 2.378788709640503, 2.2675986289978027, 2.2597436904907227];[0.4295528829097748, 0.30339738726615906, 0.28767040371894836, 0.2878492772579193, 0.29373523592948914, 0.29263851046562195];[-2.17692232131958, -1.8573431968688965, -1.7669769525527954, -1.8209450244903564, -1.8706820011138916, -1.9234061241149902];[1.493472933769226, 2.3637208938598633, 1.321535587310791, 2.1900877952575684, 1.3288434743881226];369.9104309082031
4500;[3.435029983520508, 2.4093527793884277, 2.3920042514801025, 2.603846788406372, 2.420107126235962, 2.407984972000122];[0.4312841594219208, 0.2760581374168396, 0.3113693296909332, 0.3676316738128662, 0.3354076147079468, 0.32140040397644043];[-2.1519405841827393, -1.7432160377502441, -1.9029276371002197, -2.1704471111297607, -2.101430654525757, -2.092231035232544];[2.157470226287842, 1.3507641553878784, 3.754551410675049, 1.6103522777557373, 1.4096554517745972];353.892254114151
4550;[3.4912192821502686, 2.4878759384155273, 2.7526023387908936, 2.690636157989502, 2.3310816287994385, 2.156623125076294];[0.41575321555137634, 0.29860720038414, 0.38758614659309387, 0.369533509016037, 0.2719719409942627, 0.245527982711792];[-2.1820414066314697, -1.8395434617996216, -2.1988251209259033, -2.1684138774871826, -1.8624211549758911, -1.7609440088272095];[2.088635206222534, 2.539276361465454, 1.249082088470459, 1.282177448272705, 0.995720386505127];343.92494797706604
4600;[3.322650909423828, 2.713437557220459, 2.3191237449645996, 2.1698243618011475, 2.218440532684326, 2.3078689575195312];[0.43635958433151245, 0.3294469118118286, 0.2868410050868988, 0.2556576430797577, 0.2761772871017456, 0.3062818944454193];[-2.133258819580078, -1.9226034879684448, -1.7928047180175781, -1.7500983476638794, -1.8525875806808472, -2.0588619709014893];[1.7117620706558228, 3.3020224571228027, 1.349348545074463, 1.8392562866210938, 2.2603795528411865];351.73038816452026
4650;[3.4254584312438965, 2.5230283737182617, 2.4438705444335938, 2.3589749336242676, 2.5978057384490967, 2.504723072052002];[0.4274805188179016, 0.2810977101325989, 0.2804214060306549, 0.2930416464805603, 0.3516555726528168, 0.34307411313056946];[-2.1472837924957275, -1.7896754741668701, -1.799794316291809, -1.9192755222320557, -2.1805686950683594, -2.2124111652374268];[1.967524766921997, 1.7503973245620728, 2.565805435180664, 1.383796215057373, 1.2113370895385742];341.4451344013214
4700;[3.4441146850585938, 2.6182894706726074, 2.929398775100708, 2.676924228668213, 2.761446475982666, 2.3843061923980713];[0.4355427324771881, 0.2974693775177002, 0.4603865146636963, 0.4510166049003601, 0.4671715497970581, 0.35294610261917114];[-2.167985439300537, -1.8283510208129883, -2.26179575920105, -2.2504568099975586, -2.3625295162200928, -1.9802954196929932];[1.7773962020874023, 2.2475852966308594, 1.163875699043274, 1.1607422828674316, 0.9325766563415527];360.4348096847534
4750;[3.427764654159546, 2.5577292442321777, 2.621929883956909, 2.7821288108825684, 2.6281051635742188, 2.4182772636413574];[0.43967872858047485, 0.28611093759536743, 0.40527239441871643, 0.4511406421661377, 0.47810614109039307, 0.42718905210494995];[-2.1648216247558594, -1.7857192754745483, -2.0967187881469727, -2.339029550552368, -2.5109429359436035, -2.3464362621307373];[2.0628457069396973, 1.9085325002670288, 2.3957784175872803, 1.7635579109191895, 1.574824571609497];343.802649974823
4800;[3.6132876873016357, 2.6317267417907715, 2.7810328006744385, 2.737001895904541, 2.471849203109741, 2.3249075412750244];[0.43190473318099976, 0.32413867115974426, 0.44761866331100464, 0.40647590160369873, 0.2987348437309265, 0.25506001710891724];[-2.2278809547424316, -1.8951219320297241, -2.2356464862823486, -2.179704189300537, -1.9078034162521362, -1.7910901308059692];[2.140784502029419, 3.4933042526245117, 1.5250873565673828, 1.392714023590088, 1.5871309041976929];351.0769703388214
4850;[3.4939403533935547, 2.7661173343658447, 2.7257163524627686, 2.3641669750213623, 2.30177640914917, 2.35469651222229];[0.42048031091690063, 0.3130250573158264, 0.3132723569869995, 0.26831021904945374, 0.2783209979534149, 0.3136759102344513];[-2.1906533241271973, -1.8673175573349, -1.894382357597351, -1.7510970830917358, -1.815494418144226, -2.009444236755371];[2.193049669265747, 2.7535288333892822, 1.2481701374053955, 2.127101182937622, 2.3875555992126465];344.0554141998291
4900;[3.500035047531128, 2.653470039367676, 2.347541093826294, 2.1947953701019287, 2.2098147869110107, 2.2651305198669434];[0.43954998254776, 0.31170186400413513, 0.2722737491130829, 0.25165992975234985, 0.30491408705711365, 0.3613748550415039];[-2.187502145767212, -1.8978650569915771, -1.7664127349853516, -1.709519863128662, -1.8671627044677734, -2.0535457134246826];[1.80020010471344, 2.0635781288146973, 2.1935067176818848, 1.3419960737228394, 1.5211548805236816];353.4244613647461
4950;[3.6074352264404297, 3.001293420791626, 2.920067071914673, 3.3052632808685303, 3.0589356422424316, 2.7459049224853516];[0.4442906975746155, 0.36554986238479614, 0.506860613822937, 0.7206587195396423, 0.6685500144958496, 0.5604710578918457];[-2.2326273918151855, -2.051010847091675, -2.4594874382019043, -3.449371099472046, -3.2537789344787598, -2.709217071533203];[1.5984916687011719, 1.532384991645813, 4.4425129890441895, 1.9575966596603394, 2.237142324447632];345.9030475616455
5000;[3.4515857696533203, 2.7955360412597656, 2.7321829795837402, 2.398451089859009, 2.3814799785614014, 2.375558853149414];[0.4284898042678833, 0.42637309432029724, 0.39417728781700134, 0.28862425684928894, 0.35422083735466003, 0.37860557436943054];[-2.155395984649658, -2.1548657417297363, -2.1441142559051514, -1.8124580383300781, -1.9933435916900635, -2.1115524768829346];[1.7706810235977173, 1.441803216934204, 2.4741997718811035, 1.9637259244918823, 1.1938203573226929];343.7918367385864
5050;[3.4448494911193848, 2.520503044128418, 2.5451455116271973, 2.466432571411133, 2.1772661209106445, 2.1969337463378906];[0.42627382278442383, 0.29254284501075745, 0.316859632730484, 0.30896708369255066, 0.2934712767601013, 0.3254016935825348];[-2.140512466430664, -1.8531060218811035, -1.9541033506393433, -1.9679980278015137, -1.863280177116394, -2.0009987354278564];[2.0665862560272217, 1.6277594566345215, 1.1413482427597046, 1.6538399457931519, 1.244484543800354];343.25486183166504
5100;[3.3854267597198486, 2.8676509857177734, 2.7484517097473145, 2.424894332885742, 2.1894960403442383, 2.07761812210083];[0.4483056366443634, 0.3591902256011963, 0.42021644115448, 0.3132173717021942, 0.24554869532585144, 0.23186926543712616];[-2.1356468200683594, -2.0689034461975098, -2.1720597743988037, -1.8809304237365723, -1.6792185306549072, -1.6381556987762451];[1.8642226457595825, 1.7254750728607178, 1.6158713102340698, 1.4321585893630981, 1.6519746780395508];340.8074951171875
5150;[3.388988733291626, 2.7058610916137695, 2.391050338745117, 2.6282856464385986, 2.6001954078674316, 2.487011194229126];[0.42629897594451904, 0.32069894671440125, 0.2925092279911041, 0.36269471049308777, 0.37242811918258667, 0.3616994619369507];[-2.144418954849243, -1.9230624437332153, -1.851331353187561, -2.330238103866577, -2.5194168090820312, -2.4692540168762207];[1.9680535793304443, 1.592970848083496, 1.190341591835022, 1.401326298713684, 0.8929222226142883];344.05523109436035
5200;[3.482097625732422, 2.494380474090576, 2.661574125289917, 2.97280216217041, 2.7589609622955322, 2.4671506881713867];[0.44505175948143005, 0.29126209020614624, 0.3866618573665619, 0.4950859844684601, 0.42317435145378113, 0.39130786061286926];[-2.1873252391815186, -1.8128857612609863, -2.1428980827331543, -2.7179617881774902, -2.578144073486328, -2.3999178409576416];[1.866998314857483, 1.5412517786026, 3.178720474243164, 0.8902474045753479, 1.334986686706543];347.62009263038635
5250;[3.4543895721435547, 2.5996415615081787, 2.45603084564209, 2.5177063941955566, 2.4588754177093506, 2.2712061405181885];[0.4224918782711029, 0.29403847455978394, 0.33771181106567383, 0.347238689661026, 0.3504859209060669, 0.3108517527580261];[-2.180452346801758, -1.842874526977539, -1.9547609090805054, -2.094068765640259, -2.2199697494506836, -2.0141546726226807];[1.9204151630401611, 2.0846810340881348, 2.158450126647949, 2.444636344909668, 1.883392095565796];344.0991487503052
5300;[3.384072780609131, 2.4093177318573, 2.54121732711792, 2.514528751373291, 2.301909923553467, 2.275750160217285];[0.43511489033699036, 0.28453290462493896, 0.3014775514602661, 0.31092268228530884, 0.2956135869026184, 0.28769439458847046];[-2.12966251373291, -1.7689220905303955, -1.864195704460144, -1.9772101640701294, -1.9343825578689575, -2.0067551136016846];[1.9770289659500122, 1.8705084323883057, 1.5078222751617432, 1.6298704147338867, 1.3998668193817139];379.69233560562134
5350;[3.5128014087677, 2.696877956390381, 2.827570915222168, 2.672250747680664, 2.264021158218384, 2.216015577316284];[0.43577641248703003, 0.3033852279186249, 0.4753745198249817, 0.47819018363952637, 0.3253609538078308, 0.2862163186073303];[-2.1909666061401367, -1.864396572113037, -2.281517505645752, -2.300666093826294, -1.8636789321899414, -1.8074634075164795];[2.0014045238494873, 2.0314857959747314, 2.289214849472046, 1.0507456064224243, 1.8623816967010498];343.2851400375366
5400;[3.4227616786956787, 2.5121755599975586, 2.617173433303833, 2.5344772338867188, 2.246488571166992, 1.9737781286239624];[0.419302374124527, 0.29250356554985046, 0.3520657420158386, 0.3173409700393677, 0.2730177342891693, 0.2765238285064697];[-2.13055157661438, -1.7985217571258545, -2.104170799255371, -2.041314125061035, -1.8336399793624878, -1.7781848907470703];[1.9881516695022583, 2.312143325805664, 1.2896164655685425, 1.5072901248931885, 0.7280168533325195];349.35186648368835
5450;[3.4153659343719482, 2.711909294128418, 2.588155746459961, 2.3040647506713867, 2.093482494354248, 2.1201696395874023];[0.42600539326667786, 0.31123611330986023, 0.3694263994693756, 0.2681475877761841, 0.23484133183956146, 0.2439102679491043];[-2.1372056007385254, -1.8563628196716309, -2.017514705657959, -1.7639832496643066, -1.6413406133651733, -1.740910291671753];[1.7719849348068237, 2.5866482257843018, 2.483184814453125, 2.25618052482605, 1.2014408111572266];348.88534021377563
5500;[3.3816285133361816, 2.568591594696045, 2.3660693168640137, 2.459660053253174, 2.5367915630340576, 2.3015570640563965];[0.43203434348106384, 0.3008495271205902, 0.3031332194805145, 0.35221588611602783, 0.3623734414577484, 0.31570571660995483];[-2.147369146347046, -1.8633370399475098, -1.9205278158187866, -2.287259578704834, -2.584815502166748, -2.232320785522461];[2.010568618774414, 1.6029739379882812, 1.2457197904586792, 1.854263186454773, 1.0266990661621094];351.28994131088257
5550;[3.5486812591552734, 2.7775497436523438, 2.705751895904541, 2.310389757156372, 2.279114246368408, 2.0915236473083496];[0.4252362549304962, 0.3507801592350006, 0.4022175967693329, 0.29570457339286804, 0.2756897509098053, 0.2584499418735504];[-2.1902449131011963, -2.002124071121216, -2.2223525047302246, -1.9201812744140625, -1.887545108795166, -1.8796730041503906];[2.1026949882507324, 2.8387808799743652, 1.4500350952148438, 1.463121771812439, 0.8701573014259338];348.3248019218445
5600;[3.37861967086792, 2.444911003112793, 2.630298614501953, 2.1636221408843994, 2.196103572845459, 2.155529737472534];[0.4175051152706146, 0.26527759432792664, 0.3559952676296234, 0.28492414951324463, 0.26422107219696045, 0.24384640157222748];[-2.123978853225708, -1.7265007495880127, -2.099522352218628, -1.8280220031738281, -1.8513466119766235, -1.7742273807525635];[1.5842257738113403, 2.744744062423706, 1.93297278881073, 1.1022146940231323, 1.1180952787399292];344.0442991256714
5650;[3.4458436965942383, 2.5348424911499023, 2.4167542457580566, 2.2715914249420166, 2.1676857471466064, 2.2033746242523193];[0.4161941409111023, 0.2800805866718292, 0.27385804057121277, 0.27198082208633423, 0.2577659487724304, 0.27398449182510376];[-2.1508853435516357, -1.787170648574829, -1.8022444248199463, -1.7778154611587524, -1.751654028892517, -1.851812481880188];[1.8391646146774292, 2.6920580863952637, 1.2832444906234741, 1.7566404342651367, 1.1191374063491821];347.78175806999207
5700;[3.518735647201538, 2.6659209728240967, 2.453434944152832, 2.43512225151062, 2.478623628616333, 2.3660242557525635];[0.42927441000938416, 0.30954962968826294, 0.4219265282154083, 0.3661474287509918, 0.32458165287971497, 0.2894734740257263];[-2.1884829998016357, -1.8832082748413086, -2.121551275253296, -2.057771921157837, -1.973273754119873, -1.8822557926177979];[1.7074534893035889, 2.4565610885620117, 1.739981770515442, 1.1310566663742065, 1.0085842609405518];344.1128430366516
5750;[3.495710849761963, 2.588305711746216, 2.384366035461426, 2.221378803253174, 2.2922868728637695, 2.2299842834472656];[0.43353694677352905, 0.3096591532230377, 0.2995043992996216, 0.2896538972854614, 0.32616880536079407, 0.3442458212375641];[-2.173147678375244, -1.8462790250778198, -1.9348808526992798, -1.869918942451477, -2.016338586807251, -2.0756115913391113];[1.617253065109253, 2.381728410720825, 2.8486225605010986, 1.2724494934082031, 1.0170774459838867];347.09839630126953
5800;[3.6056039333343506, 2.562401533126831, 2.356635332107544, 2.20355486869812, 2.2448270320892334, 2.044605016708374];[0.4248155355453491, 0.29512882232666016, 0.2851954400539398, 0.26102355122566223, 0.27503451704978943, 0.25063401460647583];[-2.218609094619751, -1.836883544921875, -1.8478655815124512, -1.7931629419326782, -1.8725553750991821, -1.8173388242721558];[2.213984727859497, 1.5637149810791016, 1.2360414266586304, 1.5870561599731445, 1.2448102235794067];344.0771105289459
5850;[3.4156088829040527, 2.8367507457733154, 2.560656785964966, 2.696424722671509, 2.5500471591949463, 2.3213915824890137];[0.4235422909259796, 0.33354702591896057, 0.34951052069664, 0.4040462076663971, 0.3601085841655731, 0.3017091751098633];[-2.141894578933716, -1.985854983329773, -1.9778791666030884, -2.2420005798339844, -2.118922472000122, -1.960607647895813];[2.0941689014434814, 1.8818213939666748, 0.9860013723373413, 1.683524489402771, 1.3815816640853882];344.3855571746826
5900;[3.505112886428833, 2.663329601287842, 2.4133059978485107, 2.3769216537475586, 2.2372124195098877, 2.3432071208953857];[0.42549750208854675, 0.35051479935646057, 0.31132936477661133, 0.3206733167171478, 0.32020023465156555, 0.34561994671821594];[-2.1845786571502686, -2.0214157104492188, -1.96300208568573, -2.0998096466064453, -2.0740160942077637, -2.3626060485839844];[1.976645588874817, 1.7279789447784424, 2.6722631454467773, 1.3707159757614136, 1.7128691673278809];352.8948242664337
5950;[3.426513195037842, 2.6133904457092285, 2.28562331199646, 2.566282272338867, 2.4541592597961426, 2.362394094467163];[0.42651665210723877, 0.30389338731765747, 0.252986878156662, 0.34158855676651, 0.43196266889572144, 0.44136717915534973];[-2.1390936374664307, -1.8613017797470093, -1.6773425340652466, -1.9881232976913452, -2.1923959255218506, -2.283651113510132];[2.27040958404541, 2.484956741333008, 1.6629199981689453, 1.944892168045044, 2.103067398071289];371.6518487930298
6000;[3.5324230194091797, 2.5670692920684814, 2.269003391265869, 2.278332471847534, 2.2478959560394287, 2.1877665519714355];[0.4432600140571594, 0.3225514590740204, 0.29150503873825073, 0.3085889220237732, 0.31289783120155334, 0.3195078670978546];[-2.2023110389709473, -1.8966807126998901, -1.8393012285232544, -1.9401648044586182, -2.0647032260894775, -2.004155158996582];[1.9589498043060303, 2.3369686603546143, 1.269458293914795, 0.8676224946975708, 1.1864299774169922];342.08693194389343
6050;[3.525528907775879, 2.726787567138672, 2.3981854915618896, 2.3181238174438477, 2.2721567153930664, 2.155991554260254];[0.42639636993408203, 0.335823118686676, 0.2670189440250397, 0.2765820026397705, 0.2960406243801117, 0.2873230576515198];[-2.1861791610717773, -1.9420589208602905, -1.7673604488372803, -1.810901165008545, -1.929456353187561, -1.8873552083969116];[2.1585183143615723, 2.2202086448669434, 1.000605583190918, 2.0571069717407227, 0.8516250252723694];344.78593134880066
6100;[3.5386545658111572, 2.5998613834381104, 2.8930392265319824, 2.377666711807251, 2.1972923278808594, 2.150722026824951];[0.42927420139312744, 0.2974914014339447, 0.4019601345062256, 0.3223020136356354, 0.25109413266181946, 0.25996583700180054];[-2.185875177383423, -1.8407622575759888, -2.2329204082489014, -1.934594988822937, -1.7356541156768799, -1.7721809148788452];[2.267106771469116, 1.7934048175811768, 0.974667489528656, 1.4078599214553833, 1.341265082359314];446.1496706008911
6150;[3.391819715499878, 2.6462948322296143, 2.656933546066284, 2.5719046592712402, 2.201162099838257, 2.279935359954834];[0.4235442280769348, 0.29403677582740784, 0.35083654522895813, 0.3921390473842621, 0.29450657963752747, 0.2775016129016876];[-2.118706703186035, -1.8302838802337646, -2.0219831466674805, -2.091191291809082, -1.8395256996154785, -1.868789792060852];[1.7719006538391113, 1.9322059154510498, 1.3727526664733887, 1.6408714056015015, 1.2175400257110596];380.344863653183
6200;[3.3767919540405273, 2.633333921432495, 2.4881155490875244, 2.7700626850128174, 2.5555663108825684, 2.3297195434570312];[0.4224041700363159, 0.309128999710083, 0.31524643301963806, 0.4032277762889862, 0.383419394493103, 0.33495211601257324];[-2.12829852104187, -1.8761391639709473, -1.9620863199234009, -2.376168727874756, -2.3808069229125977, -2.110823392868042];[1.6882925033569336, 3.09081768989563, 2.01542329788208, 1.5709978342056274, 1.7273885011672974];346.8740727901459
6250;[3.4127135276794434, 2.4883759021759033, 2.592378616333008, 2.3476290702819824, 2.170267105102539, 2.298694610595703];[0.4282115697860718, 0.29958468675613403, 0.3372606337070465, 0.3009129762649536, 0.28483378887176514, 0.31532415747642517];[-2.147883415222168, -1.8501689434051514, -2.1460678577423096, -1.9558511972427368, -1.9087111949920654, -2.1256234645843506];[2.280745029449463, 1.4495525360107422, 1.324156403541565, 1.6159765720367432, 3.1372432708740234];348.17393350601196
6300;[3.496427297592163, 2.694532871246338, 2.2624785900115967, 2.315187692642212, 2.2319910526275635, 2.3548078536987305];[0.44612348079681396, 0.2926448881626129, 0.24887698888778687, 0.2718440592288971, 0.2787846326828003, 0.3251616358757019];[-2.1842172145843506, -1.8529200553894043, -1.6752959489822388, -1.7864670753479004, -1.794523000717163, -2.0055482387542725];[1.9623241424560547, 1.7178423404693604, 1.2907171249389648, 1.683271884918213, 1.0892404317855835];362.2575469017029
6350;[3.510988473892212, 2.818779230117798, 2.5807089805603027, 2.4781765937805176, 2.214874029159546, 2.0807383060455322];[0.4416903555393219, 0.3224846124649048, 0.32568565011024475, 0.327264666557312, 0.25848668813705444, 0.2441912293434143];[-2.1968064308166504, -1.9519438743591309, -1.949278473854065, -1.9913651943206787, -1.802758812904358, -1.733775019645691];[1.7141708135604858, 1.6903212070465088, 1.100675106048584, 1.4682979583740234, 1.2403113842010498];344.77722454071045
6400;[3.5146305561065674, 2.6795358657836914, 2.9192113876342773, 2.482823371887207, 2.31199049949646, 2.539198875427246];[0.43778032064437866, 0.2975500226020813, 0.4538727402687073, 0.3387276828289032, 0.32544729113578796, 0.3844757378101349];[-2.175811529159546, -1.85813570022583, -2.387648344039917, -2.032437562942505, -1.952616572380066, -2.243340253829956];[1.6899334192276, 1.751810073852539, 1.904556393623352, 1.5492454767227173, 1.7099370956420898];366.37240862846375
6450;[3.491072177886963, 2.6713109016418457, 2.310704231262207, 2.3336009979248047, 2.164233922958374, 2.3393971920013428];[0.41797226667404175, 0.30175864696502686, 0.2699948847293854, 0.3026653528213501, 0.2908048927783966, 0.31959080696105957];[-2.1565778255462646, -1.8912521600723267, -1.800082802772522, -1.9628713130950928, -1.9455736875534058, -2.155825138092041];[2.207578659057617, 1.6678295135498047, 1.7734495401382446, 1.552435278892517, 1.0763270854949951];352.3349816799164
6500;[3.45418643951416, 2.8898892402648926, 2.9198801517486572, 2.782592296600342, 2.6839678287506104, 2.6219215393066406];[0.42215070128440857, 0.36891791224479675, 0.4868816137313843, 0.45283302664756775, 0.4127693772315979, 0.36415421962738037];[-2.1604888439178467, -2.064082384109497, -2.3674838542938232, -2.267514705657959, -2.231715440750122, -2.184011459350586];[2.1992685794830322, 2.9630966186523438, 2.273021697998047, 1.3818670511245728, 1.436505675315857];451.78576159477234
6550;[3.4759461879730225, 2.8851211071014404, 2.8630387783050537, 3.076993227005005, 2.817768096923828, 2.4257779121398926];[0.43682122230529785, 0.3415764570236206, 0.5523029565811157, 0.5776814222335815, 0.4860934317111969, 0.3678606152534485];[-2.1770341396331787, -2.013373613357544, -2.457552194595337, -2.6484947204589844, -2.370018482208252, -2.0218474864959717];[1.7931745052337646, 2.139014482498169, 1.2188446521759033, 1.3860152959823608, 0.8510210514068604];348.0366222858429
6600;[3.4148435592651367, 2.691190481185913, 2.4059274196624756, 2.500293493270874, 2.1863834857940674, 2.1605441570281982];[0.4393862783908844, 0.2983520030975342, 0.331785649061203, 0.3091728687286377, 0.23259565234184265, 0.21834327280521393];[-2.1478524208068848, -1.853268027305603, -1.8691188097000122, -1.9037809371948242, -1.6799266338348389, -1.6561532020568848];[1.5956693887710571, 1.9875380992889404, 2.786731481552124, 1.0380146503448486, 1.0034748315811157];352.25777292251587
6650;[3.355729818344116, 2.6781954765319824, 2.800612211227417, 2.6504950523376465, 2.5015783309936523, 2.410193681716919];[0.4229552149772644, 0.3052663803100586, 0.4808724522590637, 0.44958677887916565, 0.3754524886608124, 0.3113247752189636];[-2.1251649856567383, -1.8651896715164185, -2.2891488075256348, -2.2529985904693604, -2.0781688690185547, -1.9221711158752441];[1.708919644355774, 4.115100383758545, 1.6335482597351074, 1.0273971557617188, 0.9217497706413269];355.91811180114746
6700;[3.38685941696167, 2.6509790420532227, 2.9977452754974365, 2.9094271659851074, 2.857544422149658, 2.823251962661743];[0.41247639060020447, 0.29946839809417725, 0.5492280125617981, 0.7059013843536377, 0.6651073098182678, 0.6132884621620178];[-2.1057310104370117, -1.825218915939331, -2.478397846221924, -3.0077157020568848, -2.8525214195251465, -2.7056775093078613];[1.6603162288665771, 2.223360538482666, 1.1796095371246338, 1.2868831157684326, 1.4215689897537231];360.02402782440186
6750;[3.471536874771118, 2.7123515605926514, 2.431309700012207, 2.2291057109832764, 2.396894931793213, 2.4376754760742188];[0.44458886981010437, 0.3037203252315521, 0.3043020963668823, 0.3191702663898468, 0.3321114480495453, 0.33946844935417175];[-2.16890025138855, -1.8735028505325317, -1.9213321208953857, -1.9577293395996094, -2.1653192043304443, -2.224367141723633];[1.695203185081482, 2.853320837020874, 1.507147192955017, 1.4473671913146973, 1.1018908023834229];351.75895714759827
6800;[3.47160005569458, 2.9009647369384766, 2.6524860858917236, 2.7112436294555664, 2.3571035861968994, 2.399892568588257];[0.42987900972366333, 0.35920393466949463, 0.3798288404941559, 0.42960360646247864, 0.3548753261566162, 0.2909904420375824];[-2.1651411056518555, -2.0191519260406494, -2.0109078884124756, -2.2221994400024414, -1.9240710735321045, -1.8622900247573853];[2.0878193378448486, 2.4295473098754883, 1.9256470203399658, 0.9705601930618286, 0.8650485873222351];364.7085416316986
6850;[3.4110498428344727, 2.550473928451538, 2.4238698482513428, 2.523509979248047, 2.2986037731170654, 2.5099494457244873];[0.4251982867717743, 0.35666945576667786, 0.3492259681224823, 0.3915172517299652, 0.4180302023887634, 0.4733502268791199];[-2.153019666671753, -1.9649609327316284, -2.055230140686035, -2.396801233291626, -2.3996222019195557, -2.6312618255615234];[2.2408173084259033, 1.9070229530334473, 1.291355848312378, 0.9366253614425659, 1.2220011949539185];342.03263807296753
6900;[3.5187079906463623, 2.596449136734009, 2.8298346996307373, 2.4420130252838135, 2.401308536529541, 1.9637144804000854];[0.4233356714248657, 0.30812016129493713, 0.4649776518344879, 0.3479451835155487, 0.2711237072944641, 0.2028149664402008];[-2.2008421421051025, -1.9046447277069092, -2.3218119144439697, -1.9526007175445557, -1.8245290517807007, -1.5387941598892212];[1.6741970777511597, 2.026374101638794, 1.0638726949691772, 1.7153611183166504, 1.8971397876739502];374.554931640625
6950;[3.5780582427978516, 2.5550296306610107, 2.536360263824463, 2.2630527019500732, 2.334597587585449, 2.189169406890869];[0.42360320687294006, 0.2990390956401825, 0.33099743723869324, 0.27138352394104004, 0.2899242341518402, 0.27793869376182556];[-2.2075297832489014, -1.8503305912017822, -1.9999351501464844, -1.8070815801620483, -1.9249781370162964, -1.858365774154663];[1.719984531402588, 3.2180349826812744, 1.6513652801513672, 2.1319870948791504, 0.9901055097579956];408.93450474739075
7000;[3.4158263206481934, 2.582322359085083, 2.598187208175659, 2.6003987789154053, 2.2405688762664795, 2.468015193939209];[0.4285704493522644, 0.29125067591667175, 0.2924003601074219, 0.30782803893089294, 0.31328216195106506, 0.3872043490409851];[-2.149294376373291, -1.8047807216644287, -1.8740772008895874, -1.9340190887451172, -1.878690242767334, -2.1753628253936768];[2.0444624423980713, 1.9387669563293457, 1.4228367805480957, 1.624755620956421, 1.1273086071014404];349.90342688560486
7050;[3.4300379753112793, 2.474802017211914, 2.2959771156311035, 2.4002368450164795, 2.3917970657348633, 2.439290761947632];[0.4253702163696289, 0.3325510025024414, 0.3201446831226349, 0.33369138836860657, 0.34376445412635803, 0.3568568825721741];[-2.1517746448516846, -1.8994944095611572, -1.9368702173233032, -2.114428758621216, -2.3055167198181152, -2.2587084770202637];[2.3110105991363525, 2.020728826522827, 2.590566873550415, 1.2039932012557983, 0.9497042894363403];347.1600730419159
7100;[3.410305976867676, 2.500380754470825, 2.528459072113037, 2.202773332595825, 2.2759885787963867, 2.2079827785491943];[0.4376327693462372, 0.29816168546676636, 0.32276633381843567, 0.2716282606124878, 0.3050554394721985, 0.294266939163208];[-2.152648448944092, -1.8146039247512817, -1.9973483085632324, -1.8010820150375366, -1.9796391725540161, -1.981504201889038];[1.9077149629592896, 1.553991675376892, 1.4386018514633179, 1.1236196756362915, 0.7953248620033264];359.09493470191956
7150;[3.5161335468292236, 2.7149641513824463, 2.701530933380127, 2.2824673652648926, 2.355438470840454, 2.2121729850769043];[0.43235188722610474, 0.3039463758468628, 0.3372052311897278, 0.2838006317615509, 0.2990841269493103, 0.2732020318508148];[-2.1999800205230713, -1.8641164302825928, -1.9775378704071045, -1.8068339824676514, -1.918407917022705, -1.866998553276062];[2.29255747795105, 3.8309574127197266, 1.6418474912643433, 1.0170766115188599, 1.1639939546585083];347.97880959510803
7200;[3.5014235973358154, 2.6653876304626465, 2.667872905731201, 2.3971168994903564, 2.245323896408081, 2.0731332302093506];[0.4243478775024414, 0.3253690302371979, 0.4516112506389618, 0.3645118474960327, 0.2716519236564636, 0.23299269378185272];[-2.1711623668670654, -1.908519983291626, -2.272176504135132, -2.0325112342834473, -1.7838612794876099, -1.6841340065002441];[2.646977663040161, 2.9099857807159424, 1.6028863191604614, 1.6555392742156982, 1.260873556137085];346.73024225234985
7250;[3.41520094871521, 2.3885884284973145, 2.3888206481933594, 2.3240253925323486, 2.3261632919311523, 2.227861166000366];[0.43882137537002563, 0.2902052700519562, 0.2855742275714874, 0.2852206528186798, 0.28019896149635315, 0.2879296839237213];[-2.163580894470215, -1.7625187635421753, -1.876069188117981, -1.8655048608779907, -1.869350552558899, -1.8758853673934937];[1.9391026496887207, 2.531614303588867, 1.9040343761444092, 1.8198519945144653, 0.9261171221733093];348.2201542854309
7300;[3.3458776473999023, 2.6021416187286377, 2.470914125442505, 2.595740556716919, 2.274021625518799, 2.02545166015625];[0.4245806336402893, 0.30193030834198, 0.38975024223327637, 0.3732132315635681, 0.27184033393859863, 0.22934670746326447];[-2.1103062629699707, -1.8750971555709839, -1.9865572452545166, -2.0576767921447754, -1.7820056676864624, -1.6164807081222534];[1.8471810817718506, 3.1607120037078857, 2.0525052547454834, 1.032161831855774, 2.124094009399414];348.33189940452576
7350;[3.397529125213623, 3.5674233436584473, 3.201232433319092, 3.0906052589416504, 2.93510103225708, 2.8999297618865967];[0.42025071382522583, 0.4089084267616272, 0.3838973343372345, 0.3956390619277954, 0.4006136655807495, 0.3907739222049713];[-2.1386537551879883, -2.1475887298583984, -2.045438051223755, -2.0663974285125732, -2.0462403297424316, -2.052650213241577];[2.379213333129883, 1.612387776374817, 1.9591035842895508, 1.4677976369857788, 1.7724744081497192];354.34851813316345
7400;[3.4258272647857666, 2.6394286155700684, 2.3157334327697754, 2.4096148014068604, 2.5050771236419678, 2.451887607574463];[0.42250290513038635, 0.2820129692554474, 0.26584509015083313, 0.3103369176387787, 0.3419373631477356, 0.3413205146789551];[-2.1374926567077637, -1.8216501474380493, -1.7966214418411255, -1.9786078929901123, -2.2092978954315186, -2.2613916397094727];[1.864503264427185, 1.6683090925216675, 2.8194026947021484, 2.03059983253479, 0.6268758773803711];401.94305872917175
7450;[3.468332529067993, 2.811135768890381, 2.514775037765503, 2.7053117752075195, 2.4204342365264893, 1.9938347339630127];[0.4213467240333557, 0.34435200691223145, 0.3432013690471649, 0.3610958456993103, 0.2904035747051239, 0.26038607954978943];[-2.1579253673553467, -2.0157742500305176, -1.9796198606491089, -2.157552480697632, -1.8760573863983154, -1.6933648586273193];[2.098555088043213, 3.065763235092163, 2.2493512630462646, 1.250883936882019, 2.1231906414031982];358.05455780029297
7500;[3.5145277976989746, 2.6273279190063477, 2.478440999984741, 2.370232343673706, 2.387413740158081, 2.319260835647583];[0.4435330033302307, 0.30056172609329224, 0.3131982982158661, 0.3010338842868805, 0.32082563638687134, 0.31772756576538086];[-2.1853690147399902, -1.8726980686187744, -1.9567073583602905, -1.9287055730819702, -2.156184196472168, -2.1175358295440674];[2.371971845626831, 1.6453098058700562, 1.3804396390914917, 1.7593343257904053, 1.1757291555404663];378.1284501552582
7550;[3.49364972114563, 2.5364277362823486, 2.339076042175293, 2.3350255489349365, 2.4381163120269775, 2.389268159866333];[0.4522863030433655, 0.35722994804382324, 0.2877892553806305, 0.29334595799446106, 0.3402961194515228, 0.33607009053230286];[-2.174058675765991, -1.918076992034912, -1.8465595245361328, -1.9103764295578003, -2.173074722290039, -2.231055498123169];[1.7569924592971802, 2.653956413269043, 1.3006858825683594, 1.3230022192001343, 1.4192261695861816];381.4349687099457
7600;[3.4201762676239014, 2.656029224395752, 2.583811044692993, 2.5642032623291016, 2.5615899562835693, 2.642702102661133];[0.42099300026893616, 0.29689693450927734, 0.3469105064868927, 0.3396492302417755, 0.35857412219047546, 0.37330856919288635];[-2.1503331661224365, -1.8504525423049927, -2.111837387084961, -2.1547632217407227, -2.4071803092956543, -2.6143131256103516];[2.1353046894073486, 2.251091957092285, 1.462760329246521, 1.2118159532546997, 1.3135238885879517];379.66392183303833
7650;[3.324361801147461, 2.541414976119995, 2.344493865966797, 2.3502919673919678, 2.232382297515869, 2.2950387001037598];[0.4284830391407013, 0.31368499994277954, 0.30667322874069214, 0.3483782708644867, 0.3390660881996155, 0.3593377470970154];[-2.116255283355713, -1.881962776184082, -1.9157179594039917, -2.158050537109375, -2.1542041301727295, -2.3920094966888428];[1.886756420135498, 1.752233862876892, 2.2540526390075684, 1.3596049547195435, 1.6858965158462524];362.3871154785156
7700;[3.4914183616638184, 2.7936928272247314, 2.4740893840789795, 2.3617165088653564, 2.317706346511841, 2.293062448501587];[0.4202416241168976, 0.326989084482193, 0.3067335784435272, 0.2867865562438965, 0.2853378355503082, 0.28602325916290283];[-2.1748931407928467, -1.9613854885101318, -1.8608757257461548, -1.901201605796814, -1.8631821870803833, -1.9088783264160156];[2.198935031890869, 1.2879081964492798, 1.0376888513565063, 1.1413840055465698, 0.9733469486236572];365.01092290878296
7750;[3.4902026653289795, 2.749281644821167, 2.483774185180664, 2.5770137310028076, 2.0705976486206055, 2.306640148162842];[0.43585360050201416, 0.35504958033561707, 0.2940559387207031, 0.3026268780231476, 0.253603994846344, 0.30614256858825684];[-2.162146806716919, -1.9930965900421143, -1.840602159500122, -1.9513548612594604, -1.6955856084823608, -1.916175365447998];[2.1373026371002197, 1.6510571241378784, 2.26788592338562, 1.557661771774292, 1.273800015449524];366.4146137237549
7800;[3.500040292739868, 2.695330858230591, 2.766263246536255, 2.361929416656494, 2.275695323944092, 2.1542372703552246];[0.4382328689098358, 0.31778886914253235, 0.3844502568244934, 0.33994951844215393, 0.2647457718849182, 0.2569558918476105];[-2.187696695327759, -1.8984462022781372, -2.1455113887786865, -2.023533582687378, -1.852492332458496, -1.7949358224868774];[1.774427890777588, 1.3494713306427002, 1.2161576747894287, 1.0239508152008057, 1.273349404335022];367.2228333950043
7850;[3.4770216941833496, 2.6270806789398193, 2.4970765113830566, 2.425274133682251, 2.301227331161499, 2.2529091835021973];[0.4325808882713318, 0.30602243542671204, 0.2872430980205536, 0.30251145362854004, 0.2801060378551483, 0.2752908766269684];[-2.1807198524475098, -1.8994163274765015, -1.8744028806686401, -2.0137083530426025, -1.94475519657135, -1.9572325944900513];[2.1111650466918945, 2.0491976737976074, 1.6818537712097168, 1.4084023237228394, 0.8601723909378052];366.5727639198303
7900;[3.4245622158050537, 2.633249044418335, 2.420675039291382, 2.3142290115356445, 2.0753891468048096, 2.2361481189727783];[0.4227728843688965, 0.30609947443008423, 0.29248473048210144, 0.28020021319389343, 0.25112560391426086, 0.2965962886810303];[-2.167055368423462, -1.8990617990493774, -1.885148048400879, -1.8574398756027222, -1.731181263923645, -2.038614511489868];[1.8720043897628784, 1.7092485427856445, 1.8183690309524536, 2.162889003753662, 1.968907117843628];343.50740098953247
7950;[3.5208237171173096, 2.62320613861084, 2.6748368740081787, 2.576282501220703, 2.1816089153289795, 2.113091230392456];[0.4353019595146179, 0.3226666748523712, 0.4479133188724518, 0.39559465646743774, 0.2891405522823334, 0.24335633218288422];[-2.2185897827148438, -1.8732750415802002, -2.260082960128784, -2.1786410808563232, -1.8329263925552368, -1.7211326360702515];[2.0277397632598877, 1.9316630363464355, 1.1661614179611206, 1.3036123514175415, 1.155236840248108];353.96651005744934
8000;[3.4087133407592773, 2.6170825958251953, 2.603264093399048, 2.6133322715759277, 2.1896612644195557, 2.4350180625915527];[0.4271165132522583, 0.29805582761764526, 0.4068472385406494, 0.39152196049690247, 0.2862336337566376, 0.3094900846481323];[-2.1349101066589355, -1.8545199632644653, -2.227658748626709, -2.1443676948547363, -1.8025803565979004, -2.00136399269104];[1.828622579574585, 3.3958988189697266, 0.976723313331604, 1.0865167379379272, 1.1651010513305664];364.76693630218506
8050;[3.4201412200927734, 2.606009006500244, 2.6804444789886475, 2.775797128677368, 2.351161241531372, 2.1558361053466797];[0.4235568046569824, 0.30757567286491394, 0.41983720660209656, 0.4159846305847168, 0.29592302441596985, 0.24032330513000488];[-2.152250289916992, -1.8431756496429443, -2.1514947414398193, -2.231396198272705, -1.841506838798523, -1.7152541875839233];[1.6309068202972412, 1.785417079925537, 2.42838716506958, 1.253602385520935, 1.7853800058364868];384.10722303390503
8100;[3.4205591678619385, 2.5769317150115967, 2.2961244583129883, 2.3312928676605225, 2.277801752090454, 2.2768211364746094];[0.42028412222862244, 0.29898661375045776, 0.345805287361145, 0.34601902961730957, 0.4001074731349945, 0.4028313457965851];[-2.1421473026275635, -1.855433702468872, -1.9249414205551147, -2.036080837249756, -2.205756425857544, -2.2502317428588867];[1.723083257675171, 2.0415661334991455, 2.558962106704712, 0.9163985848426819, 2.0219287872314453];356.95328974723816
8150;[3.483809471130371, 2.4209165573120117, 2.3218846321105957, 2.1671674251556396, 2.137267589569092, 2.0276806354522705];[0.4155814051628113, 0.2934412360191345, 0.26608970761299133, 0.26272639632225037, 0.2875731289386749, 0.2585933208465576];[-2.1490190029144287, -1.8002451658248901, -1.8330670595169067, -1.7748842239379883, -1.847604751586914, -1.8239353895187378];[1.9373115301132202, 3.014101505279541, 0.9874868988990784, 1.0049837827682495, 1.3176203966140747];359.93395495414734
8200;[3.4265542030334473, 2.830462694168091, 3.254412889480591, 2.962078332901001, 2.4982945919036865, 2.342362642288208];[0.44222769141197205, 0.3451685607433319, 0.5794870853424072, 0.4858580529689789, 0.33627814054489136, 0.28614675998687744];[-2.1642885208129883, -1.9948110580444336, -2.723496437072754, -2.494335889816284, -1.949044942855835, -1.8935500383377075];[1.9930070638656616, 1.3423147201538086, 1.667027235031128, 1.2535752058029175, 1.330702781677246];394.83791303634644
8250;[3.5096325874328613, 2.6986265182495117, 2.4488871097564697, 2.7405805587768555, 2.562831401824951, 2.469557762145996];[0.4265439808368683, 0.32743605971336365, 0.36272066831588745, 0.4773743748664856, 0.38752177357673645, 0.33512863516807556];[-2.200293779373169, -1.9183233976364136, -1.9672727584838867, -2.6001875400543213, -2.2641332149505615, -2.119637966156006];[1.9468204975128174, 3.1748650074005127, 1.1701557636260986, 1.652651309967041, 0.908240556716919];347.9947741031647
8300;[3.419157028198242, 2.443948745727539, 2.5808358192443848, 2.458514451980591, 2.4471936225891113, 2.1954197883605957];[0.44192126393318176, 0.280440092086792, 0.3790189325809479, 0.3280344009399414, 0.3165361285209656, 0.2650817334651947];[-2.1562514305114746, -1.7776196002960205, -2.1303160190582275, -1.974833369255066, -2.0585341453552246, -1.85170316696167];[1.998963475227356, 1.6195625066757202, 1.3191241025924683, 1.8490530252456665, 0.7636016607284546];353.19391083717346
8350;[3.440568208694458, 2.809150218963623, 2.507033109664917, 2.5593128204345703, 2.486330270767212, 2.5507917404174805];[0.4387984573841095, 0.3429400324821472, 0.3436121642589569, 0.38158154487609863, 0.37668898701667786, 0.35170403122901917];[-2.1828620433807373, -1.9929397106170654, -1.9742116928100586, -2.198204278945923, -2.228957176208496, -2.2449991703033447];[2.342655897140503, 1.7615201473236084, 1.284013271331787, 1.0593661069869995, 1.3335704803466797];352.5199546813965
8400;[3.4663591384887695, 2.5774879455566406, 2.4262404441833496, 2.4605982303619385, 2.289188861846924, 2.443694829940796];[0.42127275466918945, 0.31865787506103516, 0.287262499332428, 0.30672845244407654, 0.2931306064128876, 0.33573275804519653];[-2.1589677333831787, -1.865944504737854, -1.8426222801208496, -2.0296714305877686, -2.0359432697296143, -2.3109052181243896];[1.7844563722610474, 1.8229538202285767, 2.8393163681030273, 1.4535887241363525, 1.4578665494918823];347.16209721565247
8450;[3.5360963344573975, 2.8630385398864746, 3.2885169982910156, 3.368398666381836, 2.9228386878967285, 2.7269630432128906];[0.43971049785614014, 0.36604827642440796, 0.6535613536834717, 0.6464691162109375, 0.5374677777290344, 0.40074676275253296];[-2.192559242248535, -2.050588846206665, -2.9780943393707275, -3.118583917617798, -2.736128807067871, -2.2979702949523926];[1.9776906967163086, 1.86028254032135, 0.7875090837478638, 1.8765921592712402, 1.240857481956482];348.7847754955292
8500;[3.4333226680755615, 2.7348079681396484, 2.5716710090637207, 2.371391773223877, 2.370502233505249, 2.375840663909912];[0.43046343326568604, 0.31887829303741455, 0.2810867428779602, 0.2637088894844055, 0.269924521446228, 0.2871153652667999];[-2.172778844833374, -1.938513159751892, -1.8372793197631836, -1.7993775606155396, -1.8533127307891846, -1.960939884185791];[1.8989291191101074, 1.961429238319397, 2.9374072551727295, 1.8972370624542236, 1.1718075275421143];364.3297264575958
8550;[3.4510583877563477, 2.4837939739227295, 2.5443222522735596, 2.3050405979156494, 2.1607184410095215, 2.2762832641601562];[0.429423451423645, 0.27506303787231445, 0.3392871916294098, 0.2714223265647888, 0.27926480770111084, 0.29654544591903687];[-2.1546132564544678, -1.7595833539962769, -1.9922916889190674, -1.8329850435256958, -1.8520315885543823, -1.955514907836914];[1.7809549570083618, 1.6703453063964844, 0.8550290465354919, 1.9012672901153564, 0.9948270916938782];377.564670085907
8600;[3.537524700164795, 2.7148399353027344, 3.3437230587005615, 3.044318437576294, 2.9214138984680176, 2.7184712886810303];[0.4289161264896393, 0.32813727855682373, 0.6374873518943787, 0.5853981971740723, 0.5078913569450378, 0.42146793007850647];[-2.2009687423706055, -1.8985638618469238, -2.895103931427002, -2.723874568939209, -2.4958877563476562, -2.2834224700927734];[1.8812978267669678, 2.3024942874908447, 1.7616111040115356, 1.9416728019714355, 1.2916325330734253];357.55488300323486
8650;[3.4902520179748535, 2.9567558765411377, 2.5289175510406494, 2.381558418273926, 2.3141305446624756, 2.156787395477295];[0.4298435151576996, 0.3663994073867798, 0.3604362905025482, 0.29635459184646606, 0.2686149477958679, 0.2470526248216629];[-2.1816182136535645, -2.0580685138702393, -1.9604096412658691, -1.849194049835205, -1.8226420879364014, -1.7459070682525635];[2.278226613998413, 2.2023420333862305, 2.6737895011901855, 1.3224873542785645, 1.273640751838684];355.6199507713318
8700;[3.4459896087646484, 2.5331976413726807, 2.58121395111084, 2.1986310482025146, 2.2109107971191406, 2.114748001098633];[0.4349559545516968, 0.2828824818134308, 0.3746430277824402, 0.2565884590148926, 0.2362486571073532, 0.227582186460495];[-2.1800506114959717, -1.7637213468551636, -1.9981014728546143, -1.7108685970306396, -1.7208222150802612, -1.7162505388259888];[1.5815658569335938, 2.2636020183563232, 1.1133441925048828, 1.7954745292663574, 0.7701514959335327];352.4331600666046
8750;[3.5104923248291016, 2.544527292251587, 2.556091547012329, 2.5163605213165283, 2.3596103191375732, 2.221461534500122];[0.43076255917549133, 0.2962518632411957, 0.37264904379844666, 0.3151177167892456, 0.2834514081478119, 0.2780097424983978];[-2.1839663982391357, -1.8381052017211914, -2.1440958976745605, -2.046894073486328, -1.9645031690597534, -1.935189127922058];[1.843153715133667, 1.8949458599090576, 1.3639177083969116, 0.957014262676239, 1.3181017637252808];382.4605038166046
8800;[3.4627010822296143, 2.6682333946228027, 2.856337785720825, 2.5780839920043945, 2.1620278358459473, 2.1818647384643555];[0.42997217178344727, 0.31116533279418945, 0.4685632586479187, 0.381215363740921, 0.27244576811790466, 0.25489985942840576];[-2.172520637512207, -1.8906078338623047, -2.3741648197174072, -2.2161996364593506, -1.7867510318756104, -1.827109932899475];[1.6833469867706299, 1.6526511907577515, 1.3778696060180664, 0.8185968399047852, 2.3290505409240723];353.18953561782837
8850;[3.55043625831604, 2.4948480129241943, 2.4080650806427, 2.28589129447937, 2.5124716758728027, 2.261559247970581];[0.4316394031047821, 0.31262078881263733, 0.2945088744163513, 0.29530131816864014, 0.3445994257926941, 0.3068414032459259];[-2.1970880031585693, -1.8652706146240234, -1.9175952672958374, -1.9394735097885132, -2.284865140914917, -2.099599599838257];[1.814635157585144, 1.9244028329849243, 1.3461887836456299, 1.530592441558838, 0.7998476028442383];385.72438406944275
8900;[3.452826499938965, 2.586803436279297, 2.4734456539154053, 2.471494436264038, 2.306133985519409, 2.4594125747680664];[0.42510244250297546, 0.3392602503299713, 0.31723925471305847, 0.347528874874115, 0.3427717983722687, 0.3651062548160553];[-2.1639912128448486, -1.9083560705184937, -1.9811903238296509, -2.20650053024292, -2.1765384674072266, -2.4666457176208496];[1.737289309501648, 1.9130098819732666, 1.4232722520828247, 1.5450396537780762, 1.2058570384979248];347.48146080970764
8950;[3.367286443710327, 2.667900323867798, 2.465769052505493, 2.3518598079681396, 2.502328634262085, 2.4639976024627686];[0.43160152435302734, 0.31554684042930603, 0.2849949896335602, 0.29658398032188416, 0.3352994918823242, 0.32704997062683105];[-2.137305974960327, -1.8620957136154175, -1.8164589405059814, -1.8601188659667969, -2.053048849105835, -2.048856258392334];[1.9110299348831177, 2.7641704082489014, 1.4896495342254639, 0.849628746509552, 0.8836620450019836];350.7706928253174
9000;[3.509927272796631, 2.6937918663024902, 2.894068956375122, 2.7507286071777344, 2.4707136154174805, 2.313364267349243];[0.43090856075286865, 0.3256845772266388, 0.4894964098930359, 0.448270320892334, 0.35856202244758606, 0.29503998160362244];[-2.1901438236236572, -1.9290375709533691, -2.4778754711151123, -2.4279417991638184, -2.1239097118377686, -1.9468083381652832];[2.069885492324829, 2.412599563598633, 1.3886888027191162, 2.0567169189453125, 1.3845587968826294];346.38660740852356
9050;[3.5327253341674805, 2.6791908740997314, 2.3966562747955322, 2.6890907287597656, 2.5914711952209473, 2.3816890716552734];[0.42746472358703613, 0.30401313304901123, 0.2891556918621063, 0.3751298487186432, 0.4150848984718323, 0.3935340642929077];[-2.1952664852142334, -1.9142405986785889, -1.844533920288086, -2.2795183658599854, -2.470949649810791, -2.323953866958618];[2.1387314796447754, 1.850488305091858, 0.9892315864562988, 1.966123104095459, 1.350847601890564];344.98477005958557
9100;[3.367696523666382, 2.404728889465332, 2.7460124492645264, 2.8075528144836426, 2.632852554321289, 2.3973615169525146];[0.4286576509475708, 0.2774184048175812, 0.48279425501823425, 0.4434407651424408, 0.36852994561195374, 0.2982054352760315];[-2.1440486907958984, -1.777306079864502, -2.468553066253662, -2.4120676517486572, -2.2031867504119873, -2.0312294960021973];[1.9805831909179688, 2.1716179847717285, 1.9676660299301147, 1.333522081375122, 1.6836960315704346];351.23069882392883
9150;[3.388803243637085, 2.756864547729492, 2.508079767227173, 2.347174882888794, 2.3364005088806152, 2.2533957958221436];[0.4229702651500702, 0.30007457733154297, 0.35533952713012695, 0.32579007744789124, 0.331134557723999, 0.31978875398635864];[-2.1374030113220215, -1.887430191040039, -1.9439326524734497, -1.9034981727600098, -1.9294469356536865, -1.9223707914352417];[1.650024652481079, 1.9139264822006226, 1.9823343753814697, 1.8966929912567139, 1.574075698852539];347.1443979740143
9200;[3.5300161838531494, 2.6355502605438232, 2.3464999198913574, 2.313616991043091, 2.3155417442321777, 2.0412118434906006];[0.4437246024608612, 0.30041027069091797, 0.2870122194290161, 0.2994062304496765, 0.328484445810318, 0.31509190797805786];[-2.2258903980255127, -1.8786311149597168, -1.8142205476760864, -1.920772910118103, -2.0312259197235107, -1.9371665716171265];[2.1634914875030518, 2.797699213027954, 2.310800552368164, 1.162779688835144, 1.3403661251068115];369.6457393169403
9250;[3.492786407470703, 2.4636669158935547, 2.5297794342041016, 2.370163679122925, 2.22865629196167, 2.346534013748169];[0.4328988194465637, 0.28015825152397156, 0.31551674008369446, 0.3367784023284912, 0.2819384038448334, 0.28870269656181335];[-2.1787405014038086, -1.773493766784668, -1.9510656595230103, -2.0237185955047607, -1.8401731252670288, -1.8943092823028564];[2.1888856887817383, 1.9279439449310303, 1.489759087562561, 0.9605056047439575, 0.9911025762557983];351.60345482826233
9300;[3.4580459594726562, 2.43290638923645, 2.3461523056030273, 2.3949453830718994, 2.1890923976898193, 2.23530650138855];[0.427882581949234, 0.2735847532749176, 0.2843644917011261, 0.2900267243385315, 0.26156240701675415, 0.27586567401885986];[-2.165567636489868, -1.7555171251296997, -1.8251054286956787, -1.929097056388855, -1.8256244659423828, -1.9014703035354614];[1.66900634765625, 2.259490489959717, 1.3499187231063843, 1.8675168752670288, 1.4401109218597412];357.07513976097107
9350;[3.5503883361816406, 2.6602070331573486, 2.2167632579803467, 2.4738430976867676, 2.3317787647247314, 2.3071463108062744];[0.4310784637928009, 0.3110896646976471, 0.2818288803100586, 0.32044264674186707, 0.3160107731819153, 0.3593903183937073];[-2.1908836364746094, -1.9149291515350342, -1.8390129804611206, -2.069976806640625, -2.095524787902832, -2.247450828552246];[1.8940362930297852, 1.4586454629898071, 1.0654858350753784, 2.991180181503296, 0.9856513142585754];354.26027488708496
9400;[3.467446804046631, 2.529222011566162, 2.499394416809082, 2.242969274520874, 2.197425127029419, 2.278092622756958];[0.43217605352401733, 0.294147789478302, 0.3195810914039612, 0.2796943485736847, 0.30443811416625977, 0.3508390486240387];[-2.187335252761841, -1.8538662195205688, -2.0208539962768555, -1.893034815788269, -1.9557310342788696, -2.0989181995391846];[1.876037836074829, 2.2109603881835938, 0.9510537385940552, 1.005295991897583, 0.779436469078064];615.793178319931
9450;[3.485985040664673, 2.4319846630096436, 2.784397840499878, 2.2648820877075195, 2.2953829765319824, 1.928375482559204];[0.4293910562992096, 0.2635704278945923, 0.38320204615592957, 0.28643107414245605, 0.27031248807907104, 0.2330823689699173];[-2.175292730331421, -1.7045563459396362, -2.1211555004119873, -1.8005852699279785, -1.8182369470596313, -1.6151689291000366];[1.5979951620101929, 1.9077138900756836, 1.379057765007019, 1.5200532674789429, 1.5431255102157593];352.9731993675232
9500;[3.4328224658966064, 2.6151931285858154, 2.514125347137451, 2.562699556350708, 2.4377198219299316, 2.404322624206543];[0.4145612120628357, 0.2977465093135834, 0.30757221579551697, 0.3539702892303467, 0.33804816007614136, 0.32202640175819397];[-2.138206720352173, -1.8567134141921997, -1.8606199026107788, -2.0777711868286133, -1.9980627298355103, -1.999187707901001];[1.8060345649719238, 2.6371395587921143, 1.6040760278701782, 2.8738174438476562, 2.0423319339752197];350.2656555175781
9550;[3.4682490825653076, 2.597425699234009, 2.6205756664276123, 2.293119192123413, 2.180206537246704, 2.345076322555542];[0.4244554936885834, 0.32010605931282043, 0.33487966656684875, 0.2903555929660797, 0.2785646915435791, 0.3183787763118744];[-2.1627941131591797, -1.8642131090164185, -1.9854679107666016, -1.8661011457443237, -1.8166745901107788, -1.9719736576080322];[1.9501113891601562, 1.8353911638259888, 1.3173117637634277, 0.8493239879608154, 1.1985470056533813];355.36071276664734
9600;[3.472961902618408, 2.625410556793213, 2.5741329193115234, 2.3985698223114014, 2.4835641384124756, 2.3521602153778076];[0.4330383241176605, 0.29289981722831726, 0.32225269079208374, 0.3029951751232147, 0.3096959888935089, 0.30314475297927856];[-2.180123805999756, -1.817585825920105, -1.9976794719696045, -1.9825714826583862, -2.0650734901428223, -2.0570733547210693];[1.7762447595596313, 2.989917039871216, 1.5173381567001343, 1.3297312259674072, 1.588529109954834];354.28250455856323
9650;[3.451794147491455, 2.7185511589050293, 2.4500372409820557, 2.4089128971099854, 2.225187063217163, 2.2487633228302];[0.42521777749061584, 0.3401016891002655, 0.3960232734680176, 0.2889227569103241, 0.26391953229904175, 0.27218079566955566];[-2.1597330570220947, -1.952871322631836, -2.0494956970214844, -1.8920949697494507, -1.7915152311325073, -1.880886435508728];[2.2652852535247803, 1.9447553157806396, 1.3053069114685059, 1.4623205661773682, 0.9846324920654297];350.5583465099335
9700;[3.6129822731018066, 2.5060861110687256, 2.72204327583313, 2.4290225505828857, 1.9704443216323853, 2.1663978099823];[0.4114971458911896, 0.2998315691947937, 0.4284726083278656, 0.32608845829963684, 0.22845911979675293, 0.24215321242809296];[-2.2278079986572266, -1.813745141029358, -2.1854376792907715, -1.9727956056594849, -1.617687702178955, -1.7566947937011719];[1.8332242965698242, 1.9448593854904175, 1.5806527137756348, 1.6904393434524536, 0.9088008403778076];345.21197605133057
9750;[3.4657483100891113, 2.4898171424865723, 2.6396520137786865, 2.574321746826172, 2.18204927444458, 2.4010560512542725];[0.4229542315006256, 0.29193511605262756, 0.3647136092185974, 0.33132219314575195, 0.2895786464214325, 0.33311277627944946];[-2.1522700786590576, -1.827208161354065, -2.076941728591919, -2.0839390754699707, -1.899826169013977, -2.1862895488739014];[1.9686230421066284, 3.4121665954589844, 2.0526349544525146, 1.404331922531128, 0.8764030933380127];343.3687946796417
9800;[3.4745001792907715, 2.673037052154541, 2.7680575847625732, 2.6169486045837402, 2.2381460666656494, 2.1824090480804443];[0.43103888630867004, 0.28966283798217773, 0.44384118914604187, 0.39622950553894043, 0.30481788516044617, 0.2619527578353882];[-2.180635452270508, -1.8281100988388062, -2.205552339553833, -2.1051266193389893, -1.8398652076721191, -1.7726305723190308];[1.95488440990448, 2.7762911319732666, 1.8863048553466797, 0.9070152640342712, 0.9755528569221497];344.30881452560425
9850;[3.5591089725494385, 2.587712287902832, 3.1342854499816895, 3.1775927543640137, 2.7839457988739014, 2.7155041694641113];[0.4267617464065552, 0.2959098815917969, 0.5565218329429626, 0.6758884787559509, 0.5962947010993958, 0.5378785133361816];[-2.2096614837646484, -1.8004697561264038, -2.491050958633423, -2.883117914199829, -2.5844359397888184, -2.4763522148132324];[1.760312557220459, 2.120812177658081, 2.723097085952759, 1.4115790128707886, 0.8771588802337646];345.9877691268921
9900;[3.3933238983154297, 2.5280776023864746, 2.6989073753356934, 2.3335251808166504, 2.3097095489501953, 2.3511335849761963];[0.43316057324409485, 0.2931668758392334, 0.40617987513542175, 0.3463275134563446, 0.2927512228488922, 0.2618441879749298];[-2.1431241035461426, -1.8361893892288208, -2.200032949447632, -2.0412464141845703, -1.865848183631897, -1.8590679168701172];[2.3881418704986572, 2.1132724285125732, 1.1032098531723022, 1.488041877746582, 1.3486764430999756];343.46320056915283
9950;[3.403292179107666, 2.769205093383789, 2.4596669673919678, 2.7489187717437744, 2.4156696796417236, 2.501843214035034];[0.430907279253006, 0.34989190101623535, 0.3899671733379364, 0.4098508656024933, 0.3277849853038788, 0.32618993520736694];[-2.139824628829956, -2.0116593837738037, -2.022251844406128, -2.227816581726074, -1.9529128074645996, -2.054749011993408];[2.470569372177124, 2.5053040981292725, 1.9856528043746948, 1.5861670970916748, 1.4451249837875366];346.5074381828308
10000;[3.3262155055999756, 2.613643169403076, 2.342595100402832, 2.351330518722534, 2.1747143268585205, 2.221435546875];[0.43026137351989746, 0.3002699911594391, 0.27915093302726746, 0.2849084138870239, 0.2855844795703888, 0.3280935287475586];[-2.11252760887146, -1.8828195333480835, -1.8055919408798218, -1.8985381126403809, -1.8824878931045532, -2.001052141189575];[1.6507484912872314, 1.743668794631958, 1.558318853378296, 1.2999132871627808, 1.613512396812439];344.40906620025635
