Seed;RMSE History;MMD History;Log-Likelihood History;Max EIG History;Deployment Time
50;[3.5963945388793945, 3.691208839416504, 3.626340389251709, 3.536586284637451, 3.3646509647369385, 3.318277597427368];[0.2673826813697815, 0.275070458650589, 0.28475621342658997, 0.26423728466033936, 0.22794194519519806, 0.26128044724464417];[-2.60251522064209, -2.659122943878174, -2.7095699310302734, -2.6786293983459473, -2.541623592376709, -2.682469367980957];[0.06187061592936516, 0.05097408592700958, 0.04636319354176521, 0.04503237456083298, 0.04106251150369644];436.89145851135254
50;[4.426402568817139, 4.602836608886719, 4.53768253326416, 4.434952259063721, 4.272305965423584, 4.108949661254883];[0.21169903874397278, 0.22394511103630066, 0.21881680190563202, 0.19313162565231323, 0.14160394668579102, 0.1449345350265503];[-3.230581521987915, -3.259643077850342, -3.3353662490844727, -3.1371312141418457, -2.971095323562622, -3.034113883972168];[0.06187061592936516, 0.05142822861671448, 0.0489167757332325, 0.04991058632731438, 0.04446034133434296];437.32720017433167
100;[3.735288619995117, 3.706672191619873, 3.6796209812164307, 3.7468783855438232, 3.7565512657165527, 3.540653705596924];[0.257673442363739, 0.29194146394729614, 0.29145288467407227, 0.3010243773460388, 0.31098300218582153, 0.26680245995521545];[-2.5990281105041504, -2.76119327545166, -2.705554962158203, -2.73488712310791, -2.7881956100463867, -2.6075832843780518];[0.0655156597495079, 0.05580667033791542, 0.0543779619038105, 0.051473528146743774, 0.048040661960840225];434.0221858024597
100;[4.835776329040527, 4.674403667449951, 4.616718769073486, 4.658041477203369, 4.667413711547852, 4.479283332824707];[0.19413888454437256, 0.23781640827655792, 0.22478027641773224, 0.23653599619865417, 0.2462945431470871, 0.19706176221370697];[-3.375126838684082, -3.4293339252471924, -3.4414913654327393, -3.396247625350952, -3.4627785682678223, -3.348449230194092];[0.0655156597495079, 0.05351928621530533, 0.050273649394512177, 0.05127166956663132, 0.04807456210255623];436.10826683044434
150;[3.5757877826690674, 3.6144628524780273, 3.6266560554504395, 3.453589916229248, 3.445929765701294, 3.467183828353882];[0.25986701250076294, 0.2355126589536667, 0.24074101448059082, 0.22250904142856598, 0.21685707569122314, 0.2247135043144226];[-2.5824029445648193, -2.484090566635132, -2.481415271759033, -2.426981210708618, -2.4170806407928467, -2.4455604553222656];[0.06006681174039841, 0.062490418553352356, 0.05520746111869812, 0.053169701248407364, 0.04887327179312706];432.18451285362244
150;[4.472259998321533, 4.537430286407471, 4.5241827964782715, 4.372746467590332, 4.454542636871338, 4.417837619781494];[0.20966465771198273, 0.17435918748378754, 0.18412542343139648, 0.15405996143817902, 0.13257230818271637, 0.12887108325958252];[-3.1632049083709717, -3.1019678115844727, -3.0511884689331055, -3.1191930770874023, -3.1116106510162354, -3.1426708698272705];[0.06006681174039841, 0.061762142926454544, 0.05912774056196213, 0.04805855080485344, 0.048788681626319885];430.75827074050903
200;[3.6300575733184814, 3.8198554515838623, 3.8194775581359863, 3.8751165866851807, 3.788238525390625, 3.9219343662261963];[0.26128193736076355, 0.2993960678577423, 0.3026604652404785, 0.326397180557251, 0.3100334405899048, 0.35525649785995483];[-2.5926427841186523, -2.6973912715911865, -2.8086135387420654, -2.9019856452941895, -2.783902883529663, -3.0175981521606445];[0.062077850103378296, 0.060063526034355164, 0.05000709742307663, 0.05056476220488548, 0.04942118003964424];429.4346776008606
200;[4.565479278564453, 4.732694149017334, 4.7123847007751465, 4.7545928955078125, 4.599451541900635, 4.79518985748291];[0.20539163053035736, 0.24450762569904327, 0.25119128823280334, 0.2772841155529022, 0.2614223062992096, 0.2804606556892395];[-3.2673463821411133, -3.3881938457489014, -3.486416816711426, -3.550638198852539, -3.3710036277770996, -3.5651066303253174];[0.062077850103378296, 0.06003594771027565, 0.048921119421720505, 0.05025000870227814, 0.0585322342813015];432.5996367931366
250;[3.6311590671539307, 3.8462913036346436, 3.7155025005340576, 3.839672803878784, 3.8831448554992676, 3.7291159629821777];[0.2639690935611725, 0.32443392276763916, 0.3176024854183197, 0.3162980377674103, 0.3480406403541565, 0.33853188157081604];[-2.6001079082489014, -2.8015296459198, -2.8566057682037354, -2.7870571613311768, -2.9671120643615723, -2.934793472290039];[0.06077289953827858, 0.06267481297254562, 0.05443045496940613, 0.053595829755067825, 0.044951193034648895];436.2628540992737
250;[4.5491437911987305, 4.657661437988281, 4.561318397521973, 4.708641529083252, 4.749876976013184, 4.554319381713867];[0.2102264165878296, 0.26679757237434387, 0.2666078507900238, 0.25036728382110596, 0.2707297205924988, 0.2621687650680542];[-3.227867841720581, -3.4163906574249268, -3.368072032928467, -3.3618667125701904, -3.5433008670806885, -3.382296085357666];[0.06077289953827858, 0.0644557997584343, 0.05729701370000839, 0.05596406012773514, 0.04938362166285515];435.26362919807434
300;[3.608785390853882, 3.4669675827026367, 3.5127851963043213, 3.50281023979187, 3.4793500900268555, 3.3818130493164062];[0.2620380222797394, 0.23944513499736786, 0.22652660310268402, 0.24409566819667816, 0.24567165970802307, 0.24398285150527954];[-2.5871784687042236, -2.508984088897705, -2.4677960872650146, -2.5556399822235107, -2.606597423553467, -2.6143128871917725];[0.05939791351556778, 0.06332597136497498, 0.06046897917985916, 0.046173837035894394, 0.04597165808081627];431.97426438331604
300;[4.553678512573242, 4.3422441482543945, 4.408394813537598, 4.322373867034912, 4.419395446777344, 4.223508834838867];[0.20786184072494507, 0.18491119146347046, 0.15606500208377838, 0.17683498561382294, 0.16863222420215607, 0.1616346538066864];[-3.237621545791626, -3.105769634246826, -3.0541017055511475, -3.074458599090576, -3.242241144180298, -3.1291799545288086];[0.05939791351556778, 0.06329479068517685, 0.060797069221735, 0.04768407717347145, 0.04826285317540169];429.7346947193146
350;[3.5682172775268555, 3.6790549755096436, 3.5289456844329834, 3.536039113998413, 3.6410415172576904, 3.375854730606079];[0.24421259760856628, 0.25377705693244934, 0.2555506229400635, 0.24401140213012695, 0.24074147641658783, 0.20925940573215485];[-2.5504534244537354, -2.5199291706085205, -2.5786564350128174, -2.498262643814087, -2.491583824157715, -2.405982494354248];[0.05479623004794121, 0.06375809013843536, 0.053220584988594055, 0.05097871273756027, 0.05510229244828224];429.052118062973
350;[4.506901741027832, 4.714118003845215, 4.456679821014404, 4.442327976226807, 4.616252899169922, 4.195615291595459];[0.19590841233730316, 0.18184146285057068, 0.2101830393075943, 0.18613363802433014, 0.1630723476409912, 0.1397966593503952];[-3.2085630893707275, -3.306114673614502, -3.271972179412842, -3.1839888095855713, -3.140319585800171, -2.967679262161255];[0.05479623004794121, 0.054088618606328964, 0.049187853932380676, 0.05109155923128128, 0.05539659038186073];438.59056305885315
400;[3.6232104301452637, 3.6188552379608154, 3.4322562217712402, 3.42000150680542, 3.4594290256500244, 3.037519931793213];[0.2675291895866394, 0.253603458404541, 0.23760738968849182, 0.2259708046913147, 0.24616481363773346, 0.18987353146076202];[-2.628702402114868, -2.5568687915802, -2.529425859451294, -2.5326907634735107, -2.6206867694854736, -2.441645860671997];[0.06116157025098801, 0.05629990994930267, 0.04860283434391022, 0.0501769557595253, 0.04033898562192917];433.67980003356934
400;[4.562415599822998, 4.552762508392334, 4.380082130432129, 4.3656907081604, 4.377398490905762, 3.8804173469543457];[0.21526625752449036, 0.19829286634922028, 0.17634537816047668, 0.14714036881923676, 0.14042755961418152, 0.09840382635593414];[-3.2425050735473633, -3.1713457107543945, -3.151165008544922, -3.0549004077911377, -3.0531625747680664, -2.807189464569092];[0.06116157025098801, 0.05754303187131882, 0.05178258568048477, 0.05334896966814995, 0.04887020215392113];435.80641436576843
450;[3.7663233280181885, 3.4400057792663574, 3.658214807510376, 3.91788649559021, 3.6925926208496094, 3.683760643005371];[0.2668311297893524, 0.25527483224868774, 0.3005463480949402, 0.38553065061569214, 0.33312317728996277, 0.33162206411361694];[-2.5983407497406006, -2.6198980808258057, -2.8072714805603027, -3.14815092086792, -2.9823267459869385, -2.9266276359558105];[0.055468592792749405, 0.059416159987449646, 0.049392104148864746, 0.03993050754070282, 0.039993830025196075];438.3698937892914
450;[4.84308385848999, 4.312537670135498, 4.464332103729248, 4.601461887359619, 4.317468643188477, 4.190127849578857];[0.19913171231746674, 0.18968121707439423, 0.21504321694374084, 0.25517353415489197, 0.20254169404506683, 0.1850052773952484];[-3.3539881706237793, -3.224299907684326, -3.323240280151367, -3.59013032913208, -3.291334629058838, -3.0452897548675537];[0.055468592792749405, 0.0626160204410553, 0.055341221392154694, 0.043388716876506805, 0.043751250952482224];436.657986164093
500;[3.508882761001587, 3.432495355606079, 3.382206916809082, 3.3542771339416504, 3.4904696941375732, 3.2656898498535156];[0.25678908824920654, 0.2292453646659851, 0.23502033948898315, 0.23153996467590332, 0.270651638507843, 0.2590045630931854];[-2.552490711212158, -2.5187594890594482, -2.519846200942993, -2.505847454071045, -2.713440179824829, -2.69809627532959];[0.06317595392465591, 0.06184164434671402, 0.05564361438155174, 0.05131365358829498, 0.04152479022741318];441.63756251335144
500;[4.289403438568115, 4.305455207824707, 4.265942573547363, 4.108251571655273, 4.245223045349121, 3.9013290405273438];[0.21325765550136566, 0.16389895975589752, 0.15155868232250214, 0.12741011381149292, 0.1468944102525711, 0.12124526500701904];[-3.0696234703063965, -3.0512192249298096, -3.1428096294403076, -2.9971795082092285, -3.1315770149230957, -3.0783798694610596];[0.06317595392465591, 0.0687611848115921, 0.058299481868743896, 0.053903598338365555, 0.04297857731580734];439.06894993782043
550;[3.5074756145477295, 3.683821678161621, 3.739532709121704, 3.69366455078125, 3.605408191680908, 3.5442471504211426];[0.2489609271287918, 0.28979700803756714, 0.2961772382259369, 0.270956426858902, 0.23777644336223602, 0.22007448971271515];[-2.563462018966675, -2.675283670425415, -2.7313787937164307, -2.6360790729522705, -2.523869276046753, -2.444397449493408];[0.05894852429628372, 0.05320150777697563, 0.05321497842669487, 0.05627911537885666, 0.04833931848406792];437.5525119304657
550;[4.351565837860107, 4.570651531219482, 4.656615257263184, 4.5982232093811035, 4.520223140716553, 4.328366756439209];[0.20682527124881744, 0.2375536561012268, 0.23492863774299622, 0.2185375988483429, 0.17884936928749084, 0.1590142697095871];[-3.1306111812591553, -3.302933692932129, -3.3982226848602295, -3.226745128631592, -3.1563589572906494, -2.9558300971984863];[0.05894852429628372, 0.05744573473930359, 0.05989549681544304, 0.05529901757836342, 0.048286810517311096];438.12436985969543
600;[3.617435932159424, 3.76362681388855, 3.7216358184814453, 3.825059652328491, 3.6623127460479736, 3.459015369415283];[0.2547748386859894, 0.26914095878601074, 0.2770453691482544, 0.2890778183937073, 0.27705952525138855, 0.24897754192352295];[-2.543565273284912, -2.6083736419677734, -2.6410281658172607, -2.646200180053711, -2.6144604682922363, -2.5303211212158203];[0.05727002024650574, 0.059011150151491165, 0.05435334891080856, 0.05415571853518486, 0.047533005475997925];434.76009464263916
600;[4.563321113586426, 4.808277606964111, 4.626914978027344, 4.816081523895264, 4.597171783447266, 4.289203643798828];[0.19733910262584686, 0.1998298317193985, 0.22347240149974823, 0.223194420337677, 0.20907898247241974, 0.18665742874145508];[-3.2397382259368896, -3.3259451389312744, -3.2471132278442383, -3.350618362426758, -3.317037582397461, -3.1145710945129395];[0.05727002024650574, 0.059362538158893585, 0.056535523384809494, 0.05478239431977272, 0.05033118650317192];433.7485513687134
650;[3.680776834487915, 3.520805835723877, 3.496034622192383, 3.521735906600952, 3.3533413410186768, 3.345933437347412];[0.2660680115222931, 0.2537385821342468, 0.22431771457195282, 0.2306850403547287, 0.22352109849452972, 0.22516104578971863];[-2.624011516571045, -2.576597213745117, -2.4612085819244385, -2.4878880977630615, -2.4955894947052, -2.477536678314209];[0.05783836171030998, 0.05592994764447212, 0.04830273985862732, 0.051792606711387634, 0.04459552466869354];434.9478039741516
650;[4.647861480712891, 4.413144111633301, 4.448215007781982, 4.441417694091797, 4.227297782897949, 4.276294708251953];[0.20702391862869263, 0.20234471559524536, 0.15623971819877625, 0.1531747728586197, 0.15693320333957672, 0.1395161747932434];[-3.303933620452881, -3.2058424949645996, -3.0894253253936768, -3.162189483642578, -3.115069627761841, -3.2465922832489014];[0.05783836171030998, 0.05547823756933212, 0.05553382635116577, 0.049477558583021164, 0.04519166052341461];437.17007422447205
700;[3.6097609996795654, 3.686422109603882, 3.616020917892456, 3.6237707138061523, 3.464949131011963, 3.4239673614501953];[0.26129427552223206, 0.2681557238101959, 0.2412385791540146, 0.2653014361858368, 0.23460181057453156, 0.1994660496711731];[-2.6213600635528564, -2.6205427646636963, -2.517374277114868, -2.602674961090088, -2.486964225769043, -2.3811161518096924];[0.05740179494023323, 0.06832171976566315, 0.05330824479460716, 0.05449257045984268, 0.05746258795261383];435.04824781417847
700;[4.549201965332031, 4.619844913482666, 4.580054759979248, 4.482861518859863, 4.2378764152526855, 4.286920070648193];[0.20686805248260498, 0.22006653249263763, 0.17381376028060913, 0.2105281949043274, 0.1859932243824005, 0.13124097883701324];[-3.2490110397338867, -3.2336838245391846, -3.1627798080444336, -3.169130563735962, -2.945345878601074, -2.8937437534332275];[0.05740179494023323, 0.06162656098604202, 0.05323170870542526, 0.05369531363248825, 0.06610815972089767];439.1740481853485
750;[3.6174590587615967, 3.749196767807007, 3.718740463256836, 3.5020933151245117, 3.7235679626464844, 3.8126165866851807];[0.27185893058776855, 0.27742376923561096, 0.27439084649086, 0.2604314386844635, 0.290060430765152, 0.2961497902870178];[-2.628617763519287, -2.6343204975128174, -2.625080108642578, -2.632322311401367, -2.672797918319702, -2.6804394721984863];[0.06314445286989212, 0.05669460818171501, 0.053499795496463776, 0.05655808374285698, 0.050306286662817];435.2868061065674
750;[4.464746475219727, 4.7244791984558105, 4.664992332458496, 4.415026664733887, 4.559823513031006, 4.684897422790527];[0.2118217796087265, 0.21504881978034973, 0.20692192018032074, 0.19874845445156097, 0.22550243139266968, 0.225130096077919];[-3.257805109024048, -3.3072707653045654, -3.315849781036377, -3.2977051734924316, -3.232790946960449, -3.2626867294311523];[0.06314445286989212, 0.05863061174750328, 0.05309513956308365, 0.05312032252550125, 0.051030948758125305];443.67306184768677
800;[3.689725637435913, 3.4830527305603027, 3.5507893562316895, 3.6652936935424805, 3.637369155883789, 3.510441780090332];[0.26083558797836304, 0.24913333356380463, 0.2801973223686218, 0.30152571201324463, 0.31947651505470276, 0.28629231452941895];[-2.595075845718384, -2.498526096343994, -2.686363697052002, -2.802445888519287, -2.8634297847747803, -2.7758092880249023];[0.07271194458007812, 0.058006953448057175, 0.04965006932616234, 0.0479932464659214, 0.042436279356479645];439.5372107028961
800;[4.729539394378662, 4.3337178230285645, 4.4123215675354, 4.579851150512695, 4.33794641494751, 4.189589977264404];[0.19635504484176636, 0.19544725120067596, 0.20860983431339264, 0.21180303394794464, 0.21620526909828186, 0.16874884068965912];[-3.3301219940185547, -3.1233441829681396, -3.31636118888855, -3.487201452255249, -3.3304319381713867, -3.188727855682373];[0.07271194458007812, 0.05408148840069771, 0.05132061615586281, 0.05019032582640648, 0.044636256992816925];437.80533361434937
850;[3.485654354095459, 3.63390851020813, 3.7365882396698, 3.6351099014282227, 3.516218900680542, 3.188579797744751];[0.2553580105304718, 0.2697376608848572, 0.29371756315231323, 0.29245758056640625, 0.24823111295700073, 0.21125702559947968];[-2.545236825942993, -2.6169955730438232, -2.793907642364502, -2.781827688217163, -2.614938735961914, -2.4971425533294678];[0.058978475630283356, 0.054778486490249634, 0.054302800446748734, 0.04406909644603729, 0.04386196658015251];437.8918967247009
850;[4.289032459259033, 4.419476509094238, 4.532166957855225, 4.345797538757324, 4.246903419494629, 3.797438859939575];[0.20825296640396118, 0.20076803863048553, 0.2128140926361084, 0.1881147176027298, 0.13858120143413544, 0.10917242616415024];[-3.125176429748535, -3.189549207687378, -3.2801294326782227, -3.21982741355896, -3.0555009841918945, -2.8615424633026123];[0.058978475630283356, 0.05661764740943909, 0.05484454706311226, 0.04417891055345535, 0.04178910329937935];441.9819679260254
900;[3.6521084308624268, 3.5287625789642334, 3.669323205947876, 3.5831027030944824, 3.505316972732544, 3.342099189758301];[0.26608631014823914, 0.2715359628200531, 0.26354649662971497, 0.2696172595024109, 0.2576555609703064, 0.2504628300666809];[-2.5824172496795654, -2.7025973796844482, -2.611959457397461, -2.6883254051208496, -2.6075100898742676, -2.630232572555542];[0.056892964988946915, 0.04812745749950409, 0.050314318388700485, 0.04946635663509369, 0.04865830019116402];433.6378126144409
900;[4.568271636962891, 4.30930233001709, 4.667454719543457, 4.522129058837891, 4.456460475921631, 4.193271636962891];[0.2045658826828003, 0.2393159568309784, 0.19453668594360352, 0.2109675258398056, 0.18622595071792603, 0.18742454051971436];[-3.25089693069458, -3.1919920444488525, -3.3120782375335693, -3.3161494731903076, -3.3174386024475098, -3.259809732437134];[0.056892964988946915, 0.052746374160051346, 0.051187664270401, 0.04890921711921692, 0.04445096105337143];432.496808052063
950;[3.6300199031829834, 3.684586763381958, 3.6137077808380127, 3.8762013912200928, 3.8025243282318115, 3.769541025161743];[0.2616720199584961, 0.2730156183242798, 0.27613842487335205, 0.28834590315818787, 0.2601814568042755, 0.2724454998970032];[-2.5981719493865967, -2.642688035964966, -2.6379659175872803, -2.653613805770874, -2.5819761753082275, -2.66013240814209];[0.057378534227609634, 0.05979994684457779, 0.0571686290204525, 0.05835521221160889, 0.05651474744081497];441.82154273986816
950;[4.594725608825684, 4.558818340301514, 4.436670780181885, 4.765110969543457, 4.702241897583008, 4.690642833709717];[0.20112431049346924, 0.2234816998243332, 0.21728189289569855, 0.20522260665893555, 0.16869157552719116, 0.17814116179943085];[-3.283466339111328, -3.207751512527466, -3.247948169708252, -3.3266780376434326, -3.1946232318878174, -3.3087007999420166];[0.057378534227609634, 0.056285738945007324, 0.05769273638725281, 0.053197428584098816, 0.050503119826316833];436.3767080307007
1000;[3.622077465057373, 3.917762517929077, 3.731236219406128, 3.447303056716919, 3.2414658069610596, 3.2732791900634766];[0.2682129442691803, 0.28689613938331604, 0.2660267949104309, 0.21273745596408844, 0.18269237875938416, 0.20944255590438843];[-2.6014387607574463, -2.6923437118530273, -2.5732367038726807, -2.402082681655884, -2.308067560195923, -2.4205288887023926];[0.06709465384483337, 0.05912064015865326, 0.055148184299468994, 0.05701810121536255, 0.058898866176605225];450.67680072784424
1000;[4.494184494018555, 4.9347333908081055, 4.618919849395752, 4.291419506072998, 4.091525077819824, 4.198362350463867];[0.2082267701625824, 0.2203214317560196, 0.2042926549911499, 0.1553773283958435, 0.13371209800243378, 0.1369156688451767];[-3.245577573776245, -3.427910089492798, -3.1756954193115234, -2.9472432136535645, -2.861818552017212, -3.073793411254883];[0.06709465384483337, 0.0566614530980587, 0.05517856404185295, 0.05620959401130676, 0.05752130597829819];439.7007882595062
1050;[3.576441764831543, 3.642441749572754, 3.84019136428833, 3.8102762699127197, 3.811267852783203, 3.637502908706665];[0.25606638193130493, 0.2864278554916382, 0.3324439227581024, 0.33041343092918396, 0.3099527060985565, 0.28331512212753296];[-2.5687875747680664, -2.704395294189453, -2.870255708694458, -2.8544695377349854, -2.7502601146698, -2.669020175933838];[0.059587262570858, 0.050042808055877686, 0.05842906981706619, 0.04824995994567871, 0.05163213610649109];444.8853163719177
1050;[4.451945781707764, 4.511544227600098, 4.651798248291016, 4.715885162353516, 4.730842113494873, 4.501354694366455];[0.2002708464860916, 0.23662567138671875, 0.28399166464805603, 0.2724914252758026, 0.2340625673532486, 0.21974024176597595];[-3.2074716091156006, -3.3337974548339844, -3.445828676223755, -3.5088837146759033, -3.4305713176727295, -3.247530460357666];[0.059587262570858, 0.05298790708184242, 0.058697737753391266, 0.04780101031064987, 0.04789534956216812];440.2673428058624
1100;[3.7101995944976807, 3.4687767028808594, 3.3914101123809814, 3.6430411338806152, 3.5004148483276367, 3.7415714263916016];[0.26536527276039124, 0.24229323863983154, 0.22104354202747345, 0.2573312819004059, 0.24702925980091095, 0.28143519163131714];[-2.661566972732544, -2.5315661430358887, -2.4566056728363037, -2.564598798751831, -2.5261197090148926, -2.6439433097839355];[0.06273035705089569, 0.05545220524072647, 0.05253143981099129, 0.06416428834199905, 0.047939520329236984];441.66127014160156
1100;[4.738216400146484, 4.320191383361816, 4.283323764801025, 4.689986228942871, 4.372138977050781, 4.806710243225098];[0.20669153332710266, 0.20148159563541412, 0.17362210154533386, 0.19182132184505463, 0.1903689205646515, 0.21710823476314545];[-3.3664164543151855, -3.072016716003418, -3.0323545932769775, -3.292357921600342, -3.1555423736572266, -3.3842434883117676];[0.06273035705089569, 0.05539471283555031, 0.055554863065481186, 0.06359606981277466, 0.051303472369909286];434.0504424571991
1150;[3.6267149448394775, 3.54612398147583, 3.550743579864502, 3.686575412750244, 3.72072696685791, 3.6423511505126953];[0.2643422782421112, 0.26453933119773865, 0.23998284339904785, 0.24830760061740875, 0.2673581838607788, 0.2519053518772125];[-2.577927827835083, -2.5835325717926025, -2.4872946739196777, -2.54263973236084, -2.6059961318969727, -2.556988477706909];[0.06813023239374161, 0.05685177072882652, 0.06433326005935669, 0.058414027094841, 0.06729073822498322];435.61160612106323
1150;[4.508154392242432, 4.386207580566406, 4.475404262542725, 4.636960029602051, 4.574364185333252, 4.539491653442383];[0.2066076397895813, 0.20874573290348053, 0.1798173189163208, 0.197475865483284, 0.21928362548351288, 0.20728985965251923];[-3.20666766166687, -3.2033169269561768, -3.124738931655884, -3.132920980453491, -3.189159393310547, -3.1476681232452393];[0.06813023239374161, 0.058768972754478455, 0.060680996626615524, 0.05527644604444504, 0.05657023563981056];432.1574251651764
1200;[3.5793163776397705, 3.5841803550720215, 3.5874507427215576, 3.930875301361084, 3.8730087280273438, 3.787651538848877];[0.25035664439201355, 0.26982706785202026, 0.2729434669017792, 0.31425613164901733, 0.3100404739379883, 0.30433836579322815];[-2.554374933242798, -2.664961814880371, -2.7355988025665283, -2.886223554611206, -2.7940754890441895, -2.830254554748535];[0.060871221125125885, 0.05963500589132309, 0.05224291980266571, 0.043937720358371735, 0.04525243490934372];437.4782660007477
1200;[4.489647388458252, 4.4511799812316895, 4.328054904937744, 4.667087078094482, 4.552794933319092, 4.4446587562561035];[0.1981641948223114, 0.19830287992954254, 0.19830778241157532, 0.21070148050785065, 0.18476293981075287, 0.16745558381080627];[-3.213181257247925, -3.2179088592529297, -3.086880683898926, -3.218043804168701, -3.1371428966522217, -3.0742380619049072];[0.060871221125125885, 0.061131592839956284, 0.05154147371649742, 0.04704105854034424, 0.055286262184381485];436.0426480770111
1250;[3.566922903060913, 3.710530996322632, 3.6613945960998535, 3.4240171909332275, 3.333004951477051, 3.3584134578704834];[0.2553302049636841, 0.268028199672699, 0.24786846339702606, 0.23109886050224304, 0.20964965224266052, 0.21308617293834686];[-2.591588020324707, -2.605689287185669, -2.5700948238372803, -2.4633002281188965, -2.405613422393799, -2.4100379943847656];[0.06602376699447632, 0.05174803361296654, 0.05899704620242119, 0.07192026823759079, 0.058406900614500046];432.5731129646301
1250;[4.458588600158691, 4.706091403961182, 4.7354536056518555, 4.296021461486816, 4.201432228088379, 4.197030067443848];[0.2068166434764862, 0.2133898288011551, 0.185201495885849, 0.16775597631931305, 0.14990440011024475, 0.1292000114917755];[-3.1899917125701904, -3.2945053577423096, -3.3165454864501953, -3.0461084842681885, -2.9622950553894043, -2.9545910358428955];[0.06602376699447632, 0.0548965185880661, 0.05906274542212486, 0.0659768357872963, 0.05547149479389191];434.238929271698
1300;[3.6118323802948, 3.6619577407836914, 3.4431235790252686, 3.526571273803711, 3.3999783992767334, 3.3709757328033447];[0.24983172118663788, 0.2658388316631317, 0.25608983635902405, 0.2534550130367279, 0.22314924001693726, 0.23805776238441467];[-2.5422728061676025, -2.6004462242126465, -2.591263771057129, -2.566697359085083, -2.4810543060302734, -2.5543534755706787];[0.06459388136863708, 0.05281743407249451, 0.05443314090371132, 0.05225357040762901, 0.06842859089374542];433.9978139400482
1300;[4.544381618499756, 4.551651954650879, 4.254378795623779, 4.347676753997803, 4.195689678192139, 4.17321252822876];[0.1943472921848297, 0.21376878023147583, 0.20451202988624573, 0.17700614035129547, 0.14121118187904358, 0.13421539962291718];[-3.2010395526885986, -3.258526563644409, -3.1682848930358887, -3.2014551162719727, -3.0035061836242676, -3.1665565967559814];[0.06459388136863708, 0.051803287118673325, 0.051338691264390945, 0.053457099944353104, 0.07190965116024017];433.0115647315979
1350;[3.6039624214172363, 3.3711986541748047, 3.3400344848632812, 3.4240708351135254, 3.2605762481689453, 3.2935330867767334];[0.26403504610061646, 0.2373356819152832, 0.23274309933185577, 0.2388785481452942, 0.21913069486618042, 0.21735239028930664];[-2.616603374481201, -2.5273289680480957, -2.513841390609741, -2.5120203495025635, -2.4701249599456787, -2.421851396560669];[0.06125327944755554, 0.05722959339618683, 0.052197910845279694, 0.055102795362472534, 0.044859834015369415];445.9454114437103
1350;[4.511346340179443, 4.242342472076416, 4.239529609680176, 4.283172130584717, 4.1941447257995605, 4.2344183921813965];[0.2119612991809845, 0.19930905103683472, 0.1776551902294159, 0.17630116641521454, 0.15083511173725128, 0.12882275879383087];[-3.2257184982299805, -3.082657814025879, -3.180408477783203, -3.14884877204895, -3.0957388877868652, -3.1565136909484863];[0.06125327944755554, 0.05787552148103714, 0.05160212889313698, 0.04930704087018967, 0.05028855428099632];433.8628580570221
1400;[3.650102138519287, 3.522918224334717, 3.4410948753356934, 3.457192897796631, 3.510308265686035, 3.499417543411255];[0.27073660492897034, 0.23838339745998383, 0.22912830114364624, 0.24056313931941986, 0.22136734426021576, 0.2462608516216278];[-2.6019928455352783, -2.4849259853363037, -2.473245859146118, -2.5096704959869385, -2.4121556282043457, -2.5186917781829834];[0.0646381601691246, 0.06096937879920006, 0.056836556643247604, 0.048327185213565826, 0.05401037633419037];431.67167139053345
1400;[4.560184955596924, 4.456920623779297, 4.323565483093262, 4.274825572967529, 4.436402797698975, 4.322547435760498];[0.21379640698432922, 0.17450189590454102, 0.16601145267486572, 0.1846623569726944, 0.15295372903347015, 0.18092915415763855];[-3.2434680461883545, -3.155487298965454, -3.0845394134521484, -3.135603666305542, -3.101987838745117, -3.131420612335205];[0.0646381601691246, 0.06103066727519035, 0.056362543255090714, 0.04767848178744316, 0.050214678049087524];438.41680812835693
1450;[3.5402982234954834, 3.4930803775787354, 3.5884592533111572, 3.3823740482330322, 3.4122583866119385, 3.2664847373962402];[0.25257691740989685, 0.2583996057510376, 0.2608838677406311, 0.2484574317932129, 0.23232333362102509, 0.21826137602329254];[-2.541140556335449, -2.5786123275756836, -2.585249423980713, -2.5406432151794434, -2.469508647918701, -2.431781053543091];[0.05915587767958641, 0.053308021277189255, 0.06242530792951584, 0.05290934443473816, 0.05060083046555519];433.49459767341614
1450;[4.4011030197143555, 4.343857765197754, 4.580573081970215, 4.217272758483887, 4.427064418792725, 4.282715320587158];[0.19939535856246948, 0.2122398018836975, 0.19808685779571533, 0.18858423829078674, 0.15638422966003418, 0.13116219639778137];[-3.1752822399139404, -3.1808416843414307, -3.2998573780059814, -3.2246251106262207, -3.2606232166290283, -3.2822673320770264];[0.05915587767958641, 0.05331071838736534, 0.06669285893440247, 0.05464482679963112, 0.05350058898329735];431.41795086860657
1500;[3.5438339710235596, 3.4738354682922363, 3.5260214805603027, 3.538076162338257, 3.4559922218322754, 3.370638608932495];[0.25220444798469543, 0.24650384485721588, 0.24168820679187775, 0.24309130012989044, 0.22263921797275543, 0.23048201203346252];[-2.569445848464966, -2.5352518558502197, -2.501809597015381, -2.514261484146118, -2.469553232192993, -2.508833408355713];[0.05965080484747887, 0.05956835299730301, 0.05255379155278206, 0.052605368196964264, 0.04735630005598068];433.05991196632385
1500;[4.41405725479126, 4.329020023345947, 4.465224742889404, 4.4344377517700195, 4.436254978179932, 4.250045299530029];[0.2037876546382904, 0.20031610131263733, 0.1855308711528778, 0.18525750935077667, 0.1551833599805832, 0.1618889570236206];[-3.1789028644561768, -3.127176523208618, -3.173342227935791, -3.129291296005249, -3.1095566749572754, -3.100980758666992];[0.05965080484747887, 0.05966256186366081, 0.052698999643325806, 0.05911414325237274, 0.04588627815246582];436.40465450286865
1550;[3.578303575515747, 3.626383066177368, 3.5717384815216064, 3.5094170570373535, 3.5572690963745117, 3.558584451675415];[0.25237199664115906, 0.25572362542152405, 0.24775609374046326, 0.23610441386699677, 0.24965299665927887, 0.27731144428253174];[-2.563507318496704, -2.5591516494750977, -2.5434346199035645, -2.4776768684387207, -2.5518836975097656, -2.691709518432617];[0.05985133722424507, 0.05857172980904579, 0.058480195701122284, 0.05196478217840195, 0.04617387428879738];437.4128258228302
1550;[4.497660160064697, 4.547123432159424, 4.463497161865234, 4.413854598999023, 4.510751724243164, 4.3977556228637695];[0.20278304815292358, 0.19449107348918915, 0.195430189371109, 0.17641912400722504, 0.18104295432567596, 0.19678129255771637];[-3.2107324600219727, -3.155974864959717, -3.1031551361083984, -3.107057571411133, -3.166857957839966, -3.2676961421966553];[0.05985133722424507, 0.0585966520011425, 0.05858292058110237, 0.056940820068120956, 0.04907461255788803];229822.02774119377
1600;[3.6749260425567627, 3.628368616104126, 3.519883155822754, 3.3514838218688965, 3.3051133155822754, 3.242905855178833];[0.2660389244556427, 0.2663727104663849, 0.2516627013683319, 0.22262679040431976, 0.2116066813468933, 0.18771713972091675];[-2.6191234588623047, -2.6116716861724854, -2.568121910095215, -2.4877803325653076, -2.460568428039551, -2.3747124671936035];[0.06511618942022324, 0.06405411660671234, 0.05395910143852234, 0.049444932490587234, 0.042445894330739975];435.1676959991455
1600;[4.629818916320801, 4.4958672523498535, 4.387294769287109, 4.202988624572754, 4.16155481338501, 4.1860480308532715];[0.209043487906456, 0.21130511164665222, 0.18831416964530945, 0.17380215227603912, 0.15699593722820282, 0.11921221017837524];[-3.254244089126587, -3.1467413902282715, -3.1263880729675293, -2.9877519607543945, -2.9750988483428955, -2.946777105331421];[0.06511618942022324, 0.06447452306747437, 0.048376210033893585, 0.05949382483959198, 0.045818764716386795];433.1467843055725
1650;[3.514031171798706, 3.811889410018921, 3.813286781311035, 3.8225340843200684, 3.5940775871276855, 3.3977880477905273];[0.24914565682411194, 0.2775975465774536, 0.2682616114616394, 0.27198314666748047, 0.24786972999572754, 0.23501887917518616];[-2.547884702682495, -2.653524398803711, -2.601508855819702, -2.634228229522705, -2.6100337505340576, -2.5733418464660645];[0.05547994747757912, 0.05537748709321022, 0.057884782552719116, 0.056295402348041534, 0.04462876170873642];430.28097438812256
1650;[4.363096237182617, 4.7795257568359375, 4.790143966674805, 4.748840808868408, 4.482780933380127, 4.301646709442139];[0.2015141248703003, 0.2162850946187973, 0.19681614637374878, 0.19336073100566864, 0.17429745197296143, 0.15443971753120422];[-3.160426139831543, -3.330181121826172, -3.2427926063537598, -3.2035436630249023, -3.069039821624756, -3.0399434566497803];[0.05547994747757912, 0.05314783379435539, 0.05870949476957321, 0.05052288994193077, 0.04561194032430649];429.5874433517456
1700;[3.5350751876831055, 3.495673418045044, 3.6671552658081055, 3.5186893939971924, 3.601905345916748, 3.3758130073547363];[0.24358528852462769, 0.25456324219703674, 0.26630154252052307, 0.2558988034725189, 0.2699900269508362, 0.25891926884651184];[-2.5522022247314453, -2.5676443576812744, -2.59549617767334, -2.601534128189087, -2.654149055480957, -2.652602195739746];[0.052991077303886414, 0.05682814121246338, 0.05409467965364456, 0.05267825722694397, 0.06084849685430527];429.61072278022766
1700;[4.444063663482666, 4.3260087966918945, 4.529341697692871, 4.431186199188232, 4.586590766906738, 4.257709980010986];[0.20169690251350403, 0.19990378618240356, 0.19766077399253845, 0.19128242135047913, 0.18170413374900818, 0.1613168865442276];[-3.136622428894043, -3.1155667304992676, -3.1692686080932617, -3.1825380325317383, -3.2227368354797363, -3.166595220565796];[0.052991077303886414, 0.05718313530087471, 0.06187152490019798, 0.049317143857479095, 0.06466162949800491];428.57908058166504
1750;[3.6268913745880127, 3.587002754211426, 3.5572707653045654, 3.4916133880615234, 3.787684917449951, 3.615687370300293];[0.2613126337528229, 0.2831798195838928, 0.2903600335121155, 0.31554749608039856, 0.39049792289733887, 0.3676735460758209];[-2.6004369258880615, -2.7447235584259033, -2.7680554389953613, -2.965989828109741, -3.375749349594116, -3.3055098056793213];[0.057913605123758316, 0.0468946173787117, 0.04473703354597092, 0.037067919969558716, 0.03742428496479988];429.8602180480957
1750;[4.570635795593262, 4.49201774597168, 4.449787616729736, 4.363545894622803, 4.600097179412842, 4.457869052886963];[0.2091721147298813, 0.2324705570936203, 0.23314224183559418, 0.24422882497310638, 0.2987842857837677, 0.27950620651245117];[-3.2433409690856934, -3.3189070224761963, -3.343925714492798, -3.500333786010742, -3.7579307556152344, -3.6307504177093506];[0.057913605123758316, 0.04741007089614868, 0.04736713320016861, 0.04116841405630112, 0.04206537827849388];432.9512531757355
1800;[3.681302070617676, 3.621762752532959, 3.5581552982330322, 3.4490389823913574, 3.5437111854553223, 3.5472588539123535];[0.2662461996078491, 0.2644122838973999, 0.243013396859169, 0.2497766613960266, 0.26253342628479004, 0.28343021869659424];[-2.5967931747436523, -2.5783286094665527, -2.5061028003692627, -2.5566599369049072, -2.6184725761413574, -2.721860408782959];[0.06479021906852722, 0.05872625857591629, 0.05515307933092117, 0.05107927694916725, 0.04351772740483284];431.8271098136902
1800;[4.664119720458984, 4.516172409057617, 4.483170032501221, 4.273505687713623, 4.356412410736084, 4.254247188568115];[0.20342330634593964, 0.19831311702728271, 0.15182049572467804, 0.1544564813375473, 0.1519778072834015, 0.15675219893455505];[-3.3032634258270264, -3.19773006439209, -3.0764036178588867, -3.1072256565093994, -3.103426694869995, -3.0688388347625732];[0.06479021906852722, 0.06096215546131134, 0.05647006630897522, 0.052919577807188034, 0.05396125465631485];433.8995804786682
1850;[3.662456750869751, 3.5420825481414795, 3.4694817066192627, 3.408337116241455, 3.2172579765319824, 3.282586097717285];[0.2643778324127197, 0.26574113965034485, 0.23516406118869781, 0.2248910814523697, 0.22620734572410583, 0.22640050947666168];[-2.6045451164245605, -2.6029398441314697, -2.481600284576416, -2.455674409866333, -2.4824626445770264, -2.4856903553009033];[0.06715106219053268, 0.05739317834377289, 0.07119432091712952, 0.049839574843645096, 0.04412774741649628];432.2459592819214
1850;[4.6438703536987305, 4.377846717834473, 4.291232109069824, 4.306381702423096, 4.106851100921631, 4.078392028808594];[0.2037002295255661, 0.21688395738601685, 0.1850234717130661, 0.16353707015514374, 0.14708153903484344, 0.13764676451683044];[-3.3178138732910156, -3.1533496379852295, -3.0249359607696533, -3.1027822494506836, -3.1975460052490234, -3.108525037765503];[0.06715106219053268, 0.06104406341910362, 0.07048345357179642, 0.0504155158996582, 0.04948323965072632];434.69337797164917
1900;[3.6580874919891357, 3.7977118492126465, 3.5714921951293945, 3.5149500370025635, 3.365734100341797, 3.358841896057129];[0.27029120922088623, 0.28342920541763306, 0.2721674144268036, 0.25966647267341614, 0.2645265460014343, 0.2640102505683899];[-2.6112778186798096, -2.6760189533233643, -2.6280007362365723, -2.5935049057006836, -2.6656720638275146, -2.671769380569458];[0.05590052157640457, 0.06072629243135452, 0.05644295737147331, 0.05303303897380829, 0.04612904414534569];436.3388729095459
1900;[4.598054885864258, 4.802396297454834, 4.509399890899658, 4.562842845916748, 4.2741265296936035, 4.246956825256348];[0.21076777577400208, 0.2283027470111847, 0.21905489265918732, 0.20175424218177795, 0.21532611548900604, 0.21322259306907654];[-3.281412363052368, -3.422534704208374, -3.3312814235687256, -3.4722485542297363, -3.3300952911376953, -3.3115572929382324];[0.05590052157640457, 0.06070919707417488, 0.056508198380470276, 0.05167275294661522, 0.046369824558496475];430.5248019695282
1950;[3.5931787490844727, 3.233936071395874, 3.304241418838501, 3.334808588027954, 3.349989652633667, 3.3304765224456787];[0.26527151465415955, 0.2080475389957428, 0.20287270843982697, 0.19524329900741577, 0.20003090798854828, 0.21105192601680756];[-2.6334261894226074, -2.4311110973358154, -2.3812286853790283, -2.362086534500122, -2.407219648361206, -2.480278968811035];[0.06867172569036484, 0.053195517510175705, 0.05953256040811539, 0.05434282124042511, 0.0461273193359375];437.77725410461426
1950;[4.485859394073486, 4.107186794281006, 4.203968048095703, 4.196048736572266, 4.198278903961182, 4.110912322998047];[0.21618449687957764, 0.1638175994157791, 0.1392616480588913, 0.12698538601398468, 0.12754498422145844, 0.13407626748085022];[-3.201754093170166, -3.0400044918060303, -3.019648790359497, -2.9448304176330566, -3.033149242401123, -3.002626419067383];[0.06867172569036484, 0.05317806079983711, 0.05171234533190727, 0.054489798843860626, 0.04405704885721207];431.33564281463623
2000;[3.6531195640563965, 3.4633476734161377, 3.3523306846618652, 3.220410108566284, 3.291649341583252, 3.3167262077331543];[0.2606130540370941, 0.23451772332191467, 0.23184692859649658, 0.20900742709636688, 0.2071434110403061, 0.24083641171455383];[-2.5878100395202637, -2.530622959136963, -2.511059522628784, -2.491929292678833, -2.488696336746216, -2.6408443450927734];[0.06393750011920929, 0.0564647912979126, 0.048448458313941956, 0.0427701435983181, 0.045003484934568405];436.8474998474121
2000;[4.6075921058654785, 4.370870590209961, 4.201286315917969, 4.025964260101318, 4.0928192138671875, 3.8682680130004883];[0.20711781084537506, 0.1705220490694046, 0.1532796025276184, 0.12812086939811707, 0.10459763556718826, 0.11314192414283752];[-3.2195446491241455, -3.1242690086364746, -3.0639846324920654, -2.9305055141448975, -2.918123960494995, -2.786226272583008];[0.06393750011920929, 0.05570339411497116, 0.04948627948760986, 0.04264436289668083, 0.04741153120994568];435.4335458278656
2050;[3.612387180328369, 3.686173439025879, 3.7209115028381348, 3.299872875213623, 3.6687772274017334, 3.4376659393310547];[0.26149284839630127, 0.2693716287612915, 0.289217472076416, 0.23990945518016815, 0.29213961958885193, 0.2609272599220276];[-2.5646402835845947, -2.6426210403442383, -2.7019598484039307, -2.5925920009613037, -2.731135845184326, -2.665090799331665];[0.05448251962661743, 0.05834058299660683, 0.05395890027284622, 0.0453142374753952, 0.048896145075559616];432.2942876815796
2050;[4.5103302001953125, 4.636049747467041, 4.656811714172363, 4.068898677825928, 4.569689750671387, 4.314151287078857];[0.20371133089065552, 0.21296612918376923, 0.21600842475891113, 0.18862076103687286, 0.20378588140010834, 0.17370229959487915];[-3.2491159439086914, -3.294886827468872, -3.3545820713043213, -2.9979920387268066, -3.259094715118408, -3.129483938217163];[0.05448251962661743, 0.05669630691409111, 0.055320244282484055, 0.047280795872211456, 0.047510165721178055];476.7452552318573
2100;[3.599548101425171, 3.5898125171661377, 3.8190996646881104, 4.112376689910889, 4.076380729675293, 4.27792501449585];[0.25677576661109924, 0.2683892846107483, 0.325202614068985, 0.41242682933807373, 0.40849199891090393, 0.46192628145217896];[-2.5908877849578857, -2.665100336074829, -2.8689653873443604, -3.335706949234009, -3.3622548580169678, -3.6385326385498047];[0.0574621707201004, 0.05147470161318779, 0.04764573648571968, 0.044759783893823624, 0.03691666200757027];452.94726729393005
2100;[4.491759777069092, 4.400278091430664, 4.655937671661377, 4.751856803894043, 4.7762298583984375, 4.8958892822265625];[0.20470908284187317, 0.22696809470653534, 0.24934762716293335, 0.33022770285606384, 0.29901137948036194, 0.31687402725219727];[-3.2196011543273926, -3.164966106414795, -3.537076473236084, -3.7380738258361816, -3.7493820190429688, -3.966625213623047];[0.0574621707201004, 0.0510079488158226, 0.04723656177520752, 0.047862522304058075, 0.03802432864904404];580.4331455230713
2150;[3.6637442111968994, 3.5981006622314453, 3.7746517658233643, 3.8333070278167725, 3.9437291622161865, 4.001401901245117];[0.26037028431892395, 0.25902581214904785, 0.28023234009742737, 0.32668545842170715, 0.3856039047241211, 0.4046783447265625];[-2.593810558319092, -2.620133638381958, -2.6786110401153564, -2.9154810905456543, -3.2002363204956055, -3.234705924987793];[0.05960904061794281, 0.060303185135126114, 0.05400928854942322, 0.046125609427690506, 0.05052677541971207];479.46093344688416
2150;[4.654428482055664, 4.475891590118408, 4.631523609161377, 4.659519195556641, 4.655648231506348, 4.622704029083252];[0.2018919289112091, 0.2174650877714157, 0.22325880825519562, 0.23362785577774048, 0.2625940144062042, 0.2514488995075226];[-3.294337511062622, -3.188218832015991, -3.2555131912231445, -3.411684274673462, -3.4996509552001953, -3.45967960357666];[0.05960904061794281, 0.060032524168491364, 0.05549151822924614, 0.0485520176589489, 0.054342422634363174];456.49257946014404
2200;[3.6172220706939697, 3.6556172370910645, 3.6846442222595215, 3.692586660385132, 3.5678305625915527, 3.6782124042510986];[0.25883081555366516, 0.2675284445285797, 0.25736406445503235, 0.2809896767139435, 0.2677096128463745, 0.30956074595451355];[-2.5696094036102295, -2.6284375190734863, -2.589568614959717, -2.7142574787139893, -2.66215181350708, -2.8764243125915527];[0.057459648698568344, 0.05416237935423851, 0.05105879157781601, 0.049032062292099, 0.04282807186245918];458.22634840011597
2200;[4.5291242599487305, 4.5067596435546875, 4.550360679626465, 4.426490306854248, 4.241583824157715, 4.3390398025512695];[0.20606039464473724, 0.21800345182418823, 0.18040601909160614, 0.1936003565788269, 0.16911838948726654, 0.18657541275024414];[-3.183070659637451, -3.1566555500030518, -3.1183922290802, -3.0416147708892822, -2.918968915939331, -3.1169612407684326];[0.057459648698568344, 0.051764946430921555, 0.05282130464911461, 0.05165841057896614, 0.04659409075975418];457.7434573173523
2250;[3.588677167892456, 3.3623032569885254, 3.4220850467681885, 3.299241065979004, 3.165285110473633, 3.2106473445892334];[0.25480684638023376, 0.22524873912334442, 0.22233735024929047, 0.2094278633594513, 0.1865249127149582, 0.21130943298339844];[-2.562932014465332, -2.448960304260254, -2.4637746810913086, -2.413296937942505, -2.352505922317505, -2.4359726905822754];[0.05640491470694542, 0.06586231291294098, 0.06310828775167465, 0.05027501657605171, 0.06177150830626488];455.4344220161438
2250;[4.480414867401123, 4.2169270515441895, 4.307122230529785, 4.157911777496338, 3.9221060276031494, 4.045843124389648];[0.2013235241174698, 0.1740245223045349, 0.15561923384666443, 0.1439301073551178, 0.12454858422279358, 0.14429019391536713];[-3.2379093170166016, -3.0484023094177246, -3.047985553741455, -2.989213705062866, -2.8080790042877197, -3.0843183994293213];[0.05640491470694542, 0.0657573714852333, 0.06289958953857422, 0.05295109376311302, 0.06024301052093506];468.3929669857025
2300;[3.5687663555145264, 3.5423529148101807, 3.6752712726593018, 3.567932605743408, 3.7239105701446533, 3.76902174949646];[0.2603127062320709, 0.24484208226203918, 0.26684099435806274, 0.2396276891231537, 0.2643758952617645, 0.29897668957710266];[-2.585052251815796, -2.552596092224121, -2.644195318222046, -2.5431430339813232, -2.6135175228118896, -2.7658650875091553];[0.06273743510246277, 0.05653022229671478, 0.06701207160949707, 0.052884846925735474, 0.04781177639961243];460.79646849632263
2300;[4.4274187088012695, 4.46305513381958, 4.669956207275391, 4.383255958557129, 4.4880051612854, 4.491718292236328];[0.21348518133163452, 0.20100504159927368, 0.19697140157222748, 0.16570569574832916, 0.15618331730365753, 0.16366195678710938];[-3.163858652114868, -3.1866180896759033, -3.2517495155334473, -2.9634010791778564, -2.9582600593566895, -3.0580058097839355];[0.06273743510246277, 0.05507812276482582, 0.05467503145337105, 0.05388372018933296, 0.05020484700798988];461.03260564804077
2350;[3.6215760707855225, 3.5074846744537354, 3.71100115776062, 3.7522215843200684, 3.626685619354248, 3.7547290325164795];[0.2589963376522064, 0.2518523633480072, 0.2784394323825836, 0.29015427827835083, 0.29057711362838745, 0.2859135568141937];[-2.5926408767700195, -2.570848226547241, -2.663590908050537, -2.751783847808838, -2.7300665378570557, -2.6661717891693115];[0.058389704674482346, 0.05674375221133232, 0.05740264058113098, 0.04778654873371124, 0.04832472652196884];457.81743264198303
2350;[4.5949883460998535, 4.388640403747559, 4.663218975067139, 4.73234748840332, 4.456482887268066, 4.675863265991211];[0.20288735628128052, 0.21129564940929413, 0.22177067399024963, 0.23227721452713013, 0.22205474972724915, 0.19743621349334717];[-3.253073215484619, -3.189666986465454, -3.2881219387054443, -3.3893136978149414, -3.318695068359375, -3.29652738571167];[0.058389704674482346, 0.05223657563328743, 0.05602025240659714, 0.049656741321086884, 0.04977229982614517];499.13323998451233
2400;[3.5978002548217773, 3.455875873565674, 3.2795820236206055, 3.3703346252441406, 3.3396496772766113, 3.4535229206085205];[0.25451192259788513, 0.2514415681362152, 0.23633207380771637, 0.25484296679496765, 0.2393549382686615, 0.2584053874015808];[-2.579883337020874, -2.58339524269104, -2.5262017250061035, -2.5996479988098145, -2.58571195602417, -2.638693332672119];[0.05896923691034317, 0.05973588302731514, 0.04995523393154144, 0.04582018777728081, 0.04545938968658447];468.60965156555176
2400;[4.541221618652344, 4.327930927276611, 4.072018146514893, 4.184292316436768, 4.154241561889648, 4.38297700881958];[0.20090338587760925, 0.20392143726348877, 0.18419335782527924, 0.183897465467453, 0.16655917465686798, 0.15950265526771545];[-3.220750570297241, -3.161729574203491, -3.0846590995788574, -3.1769840717315674, -3.140162944793701, -3.3350095748901367];[0.05896923691034317, 0.05052369832992554, 0.048270970582962036, 0.049184560775756836, 0.04690183699131012];481.34669041633606
2450;[3.5860595703125, 3.662393569946289, 3.6296043395996094, 3.702197551727295, 3.5595099925994873, 3.587552309036255];[0.2523287236690521, 0.26841434836387634, 0.27918511629104614, 0.32514557242393494, 0.2918260991573334, 0.2895115911960602];[-2.588787078857422, -2.670192003250122, -2.6836752891540527, -2.8834941387176514, -2.79476261138916, -2.823601007461548];[0.06016755849123001, 0.05576525628566742, 0.06243295595049858, 0.04456057399511337, 0.04441014677286148];462.921457529068
2450;[4.512325286865234, 4.592712879180908, 4.45730447769165, 4.466404438018799, 4.355920791625977, 4.384871482849121];[0.2040064036846161, 0.22157011926174164, 0.21454547345638275, 0.24638982117176056, 0.1976597160100937, 0.19039663672447205];[-3.2193567752838135, -3.23928165435791, -3.24692964553833, -3.3305630683898926, -3.2687625885009766, -3.1162164211273193];[0.06016755849123001, 0.05484432354569435, 0.05290302261710167, 0.04775727167725563, 0.046636518090963364];455.681841135025
2500;[3.6408989429473877, 3.68040132522583, 3.6820828914642334, 3.700411558151245, 3.6242775917053223, 3.525691509246826];[0.2526012361049652, 0.2664451003074646, 0.2547766864299774, 0.28820911049842834, 0.282498300075531, 0.28001630306243896];[-2.5476982593536377, -2.6186013221740723, -2.5775837898254395, -2.718170642852783, -2.708792209625244, -2.722524642944336];[0.05552944540977478, 0.05898559093475342, 0.04876377433538437, 0.046154774725437164, 0.048619940876960754];453.04208993911743
2500;[4.603919506072998, 4.563258171081543, 4.630348205566406, 4.571260452270508, 4.400908946990967, 4.183129787445068];[0.19755636155605316, 0.22459983825683594, 0.19700747728347778, 0.21430321037769318, 0.1940922737121582, 0.17278726398944855];[-3.1826441287994385, -3.1832168102264404, -3.178577423095703, -3.2674171924591064, -3.1054940223693848, -2.986050844192505];[0.05552944540977478, 0.0593743696808815, 0.06005464494228363, 0.04884088411927223, 0.05180986225605011];454.05906915664673
