Seed;RMSE History;MMD History;Log-Likelihood History;Max EIG History;Deployment Time
50;[3.4535317420959473, 2.5565240383148193, 2.3821747303009033, 2.118358850479126, 2.2563183307647705, 2.1805260181427];[0.44550904631614685, 0.2936089038848877, 0.2922792136669159, 0.2637544274330139, 0.3007182776927948, 0.3031734526157379];[-2.1841557025909424, -1.8054660558700562, -1.8249661922454834, -1.7152247428894043, -1.8600013256072998, -1.892432451248169];[2.239530324935913, 1.3012582063674927, 0.98069167137146, 0.6597860455513, 0.5935069918632507];423.11165142059326
100;[3.597290515899658, 2.937863826751709, 2.6061558723449707, 2.519923448562622, 2.3505897521972656, 2.449495792388916];[0.4178268313407898, 0.34798428416252136, 0.31302276253700256, 0.34371283650398254, 0.355887234210968, 0.37185412645339966];[-2.225539207458496, -2.0197815895080566, -1.9552173614501953, -2.043370246887207, -2.007094621658325, -2.1378109455108643];[1.882926344871521, 2.1903624534606934, 0.8527528047561646, 0.6913079619407654, 0.6321717500686646];396.7537968158722
150;[3.4319088459014893, 2.6426596641540527, 2.8712058067321777, 2.5582275390625, 2.7275288105010986, 2.6680777072906494];[0.43440350890159607, 0.29921919107437134, 0.4606706202030182, 0.439814954996109, 0.43839335441589355, 0.4181887209415436];[-2.1458182334899902, -1.8641189336776733, -2.273746967315674, -2.142507314682007, -2.2162084579467773, -2.1529359817504883];[2.1786041259765625, 1.4277704954147339, 1.0798377990722656, 1.101363182067871, 1.184773564338684];398.01665139198303
200;[3.4882147312164307, 2.6049842834472656, 2.7101223468780518, 2.902757167816162, 2.772002935409546, 2.8130319118499756];[0.43370386958122253, 0.29170235991477966, 0.42929065227508545, 0.5241472125053406, 0.47989577054977417, 0.47317251563072205];[-2.181112289428711, -1.844854474067688, -2.1708061695098877, -2.5476419925689697, -2.37387752532959, -2.3588390350341797];[2.1115198135375977, 1.5217440128326416, 0.8307716846466064, 0.6852744221687317, 0.7575826048851013];395.17256689071655
250;[3.4891486167907715, 2.46105694770813, 2.1909472942352295, 2.255779266357422, 2.2249977588653564, 2.1331069469451904];[0.43905624747276306, 0.3077451288700104, 0.3030703663825989, 0.34147921204566956, 0.3612551987171173, 0.3389107286930084];[-2.1856272220611572, -1.8251800537109375, -1.8230676651000977, -2.0111989974975586, -2.0909101963043213, -2.0511772632598877];[2.0582685470581055, 1.2784382104873657, 0.7758623957633972, 0.5577584505081177, 0.7801790833473206];395.3636841773987
300;[3.4684314727783203, 2.6003787517547607, 2.498581647872925, 2.5169410705566406, 2.6325767040252686, 2.409766674041748];[0.433230459690094, 0.31657543778419495, 0.3505851924419403, 0.343455046415329, 0.35178443789482117, 0.2926609218120575];[-2.175381660461426, -1.8815997838974, -2.0195271968841553, -2.0470404624938965, -2.2707438468933105, -1.9550939798355103];[1.7283567190170288, 1.2316457033157349, 0.9009339809417725, 0.7750875949859619, 0.6516200304031372];399.6990578174591
350;[3.426074743270874, 2.7885684967041016, 2.47737193107605, 2.479037284851074, 2.925278425216675, 2.555225133895874];[0.4136400818824768, 0.3251578211784363, 0.3829564154148102, 0.4272240698337555, 0.5663632750511169, 0.4899832010269165];[-2.1508469581604004, -1.9885432720184326, -1.997058629989624, -2.1171562671661377, -2.637691020965576, -2.3452939987182617];[1.8754745721817017, 1.179168701171875, 0.8223102688789368, 0.6402902007102966, 0.6590628623962402];401.5394959449768
400;[3.480447769165039, 2.550461769104004, 2.311767101287842, 2.2448763847351074, 2.3023390769958496, 2.2029471397399902];[0.4406643807888031, 0.28814855217933655, 0.2908814549446106, 0.2874375581741333, 0.303340882062912, 0.29256653785705566];[-2.1900761127471924, -1.8060294389724731, -1.7827523946762085, -1.807652473449707, -1.9274976253509521, -1.9041029214859009];[1.8667047023773193, 1.2354413270950317, 0.7365351319313049, 0.6770946979522705, 0.8019738793373108];395.298761844635
450;[3.629896402359009, 2.4970333576202393, 2.406440019607544, 2.4585092067718506, 2.288923740386963, 2.2414610385894775];[0.42785149812698364, 0.3153238296508789, 0.3570551872253418, 0.3596670627593994, 0.32665637135505676, 0.3240583539009094];[-2.2236576080322266, -1.916867733001709, -2.036669969558716, -2.1266283988952637, -2.025996208190918, -2.041877031326294];[1.6526668071746826, 1.1626019477844238, 0.7195548415184021, 0.7070772647857666, 0.6070460677146912];395.54354882240295
500;[3.3648812770843506, 2.4699082374572754, 2.31270432472229, 2.273723602294922, 2.13942551612854, 2.13854718208313];[0.44050097465515137, 0.29316166043281555, 0.32920804619789124, 0.3131105899810791, 0.3306044340133667, 0.33662548661231995];[-2.117938995361328, -1.8168851137161255, -1.9514132738113403, -1.929986596107483, -2.010641098022461, -2.038004159927368];[2.1344246864318848, 1.2763419151306152, 0.5854802131652832, 0.5742233395576477, 0.5204128623008728];394.8915276527405
550;[3.362457513809204, 2.6421761512756348, 2.4718892574310303, 2.3602001667022705, 2.3438055515289307, 2.2620623111724854];[0.4273624122142792, 0.3156900107860565, 0.2796982228755951, 0.28723084926605225, 0.32421210408210754, 0.35957008600234985];[-2.1138741970062256, -1.8787140846252441, -1.804047703742981, -1.8104093074798584, -1.9559768438339233, -2.0091896057128906];[1.7911864519119263, 1.3305693864822388, 1.276656985282898, 0.8381623029708862, 0.6712081432342529];394.9817519187927
600;[3.4779739379882812, 2.9213669300079346, 2.455181121826172, 2.3158552646636963, 2.264601707458496, 2.313100576400757];[0.42433440685272217, 0.3455607295036316, 0.2869262099266052, 0.2784578800201416, 0.27157536149024963, 0.2941155433654785];[-2.1737163066864014, -2.038964033126831, -1.826478123664856, -1.8253194093704224, -1.8186944723129272, -1.9131311178207397];[2.3994698524475098, 1.531643271446228, 0.891761064529419, 0.8051713109016418, 0.8026068210601807];396.5097930431366
650;[3.5407519340515137, 2.656087875366211, 2.494508981704712, 2.5426440238952637, 2.600515604019165, 2.56142258644104];[0.43656808137893677, 0.3316800892353058, 0.350215882062912, 0.4045160412788391, 0.3732837736606598, 0.36268067359924316];[-2.2121787071228027, -1.9431766271591187, -1.957279920578003, -2.179535388946533, -2.103019952774048, -2.079759359359741];[1.905109167098999, 1.5205669403076172, 0.9240508079528809, 1.0149461030960083, 0.8431128859519958];395.11631536483765
700;[3.4655158519744873, 2.681800365447998, 2.648294448852539, 2.6935274600982666, 2.8054916858673096, 2.7218916416168213];[0.4309043884277344, 0.30289891362190247, 0.37187084555625916, 0.47200289368629456, 0.5286456346511841, 0.5344101190567017];[-2.1853156089782715, -1.8518744707107544, -2.100234270095825, -2.5915346145629883, -2.8463921546936035, -2.9876482486724854];[1.8218398094177246, 1.3233909606933594, 0.729997992515564, 0.7288185358047485, 0.44971632957458496];396.6907982826233
750;[3.474484443664551, 2.784497022628784, 2.6793999671936035, 2.700277328491211, 2.670876979827881, 2.5503828525543213];[0.4471079111099243, 0.3264962136745453, 0.4177258610725403, 0.42856156826019287, 0.43279150128364563, 0.41995179653167725];[-2.1904795169830322, -1.9607493877410889, -2.200671434402466, -2.2808854579925537, -2.328927993774414, -2.271134614944458];[2.4176478385925293, 1.3773138523101807, 0.999698281288147, 0.8958917260169983, 0.9189367890357971];393.84061646461487
800;[3.5488901138305664, 2.517711877822876, 2.3914196491241455, 2.4763524532318115, 2.237966537475586, 2.23561429977417];[0.4226207137107849, 0.31171169877052307, 0.27783045172691345, 0.28695493936538696, 0.26594865322113037, 0.283585786819458];[-2.211388349533081, -1.8691738843917847, -1.7757463455200195, -1.8649870157241821, -1.7450286149978638, -1.7583298683166504];[1.7652254104614258, 1.3305613994598389, 0.9539265632629395, 0.8476747870445251, 0.8910711407661438];389.52651143074036
850;[3.3409130573272705, 2.5098910331726074, 2.4188601970672607, 2.3005247116088867, 2.3170506954193115, 2.5624241828918457];[0.43717724084854126, 0.36932265758514404, 0.34779393672943115, 0.3266005218029022, 0.32354652881622314, 0.3626987636089325];[-2.1206741333007812, -1.98576021194458, -2.0043699741363525, -1.948361873626709, -1.9877458810806274, -2.2491395473480225];[1.6513055562973022, 0.9183256030082703, 0.6630464196205139, 0.6422350406646729, 0.8590277433395386];391.9502284526825
900;[3.5120975971221924, 2.3899142742156982, 2.3715224266052246, 2.50518798828125, 2.2572481632232666, 2.3504092693328857];[0.43827444314956665, 0.2721286118030548, 0.255228728055954, 0.2762834429740906, 0.2617592513561249, 0.33839911222457886];[-2.1942410469055176, -1.7273701429367065, -1.6960335969924927, -1.8215978145599365, -1.7047293186187744, -1.9364334344863892];[1.9815516471862793, 1.4382799863815308, 1.1828291416168213, 1.0179144144058228, 1.0121885538101196];395.8075578212738
950;[3.4888288974761963, 2.6250698566436768, 2.7146871089935303, 2.700866937637329, 2.7612671852111816, 2.389603614807129];[0.4305139482021332, 0.30820217728614807, 0.3897198438644409, 0.4085488021373749, 0.4131116271018982, 0.3563700020313263];[-2.1909918785095215, -1.8433221578598022, -2.1353394985198975, -2.226492166519165, -2.352612257003784, -2.0653793811798096];[2.067765951156616, 1.539413332939148, 0.8491882085800171, 0.7326460480690002, 0.8255591988563538];394.66008496284485
1000;[3.4790709018707275, 2.769692897796631, 2.477912425994873, 2.2310433387756348, 2.204237222671509, 2.3847036361694336];[0.4421994388103485, 0.30706679821014404, 0.2888859510421753, 0.29545852541923523, 0.31558704376220703, 0.33182746171951294];[-2.195986032485962, -1.9390190839767456, -1.8127989768981934, -1.7895294427871704, -1.8734091520309448, -2.0490903854370117];[2.1019175052642822, 1.7632793188095093, 1.032702088356018, 0.9820989370346069, 0.5470499992370605];393.5477566719055
1050;[3.4341771602630615, 2.690324544906616, 2.885246992111206, 2.570291519165039, 2.3847029209136963, 2.441129446029663];[0.4304201006889343, 0.33528825640678406, 0.3839739263057709, 0.3325825035572052, 0.29718828201293945, 0.2943677604198456];[-2.155642032623291, -1.9403342008590698, -2.168314218521118, -2.0001003742218018, -1.87189519405365, -1.8984414339065552];[1.9603177309036255, 1.2060809135437012, 1.199654459953308, 1.03787362575531, 1.0632137060165405];393.0942687988281
1100;[3.5694146156311035, 2.6015877723693848, 2.6296463012695312, 2.7689881324768066, 2.877516031265259, 2.958550214767456];[0.4306790828704834, 0.31959301233291626, 0.32790201902389526, 0.43617957830429077, 0.5362138748168945, 0.572837233543396];[-2.2354342937469482, -1.845765471458435, -1.8881721496582031, -2.176565170288086, -2.5009636878967285, -2.7425174713134766];[2.0109710693359375, 1.5724716186523438, 1.075516939163208, 1.019822597503662, 0.929903507232666];404.1634933948517
1150;[3.4858319759368896, 2.6770706176757812, 3.0445237159729004, 3.2742278575897217, 3.2216508388519287, 3.566240072250366];[0.43737438321113586, 0.3541643023490906, 0.6504949927330017, 0.7506726980209351, 0.7886325120925903, 0.8757210373878479];[-2.1709494590759277, -1.9722539186477661, -2.8145296573638916, -3.304994583129883, -3.5797855854034424, -4.170128345489502];[2.138690233230591, 1.4605069160461426, 1.0137665271759033, 0.6240021586418152, 0.6175910830497742];397.13224029541016
1200;[3.437978982925415, 2.6049442291259766, 2.628298044204712, 2.4092466831207275, 2.2271065711975098, 2.342369556427002];[0.4222293496131897, 0.32419872283935547, 0.34090662002563477, 0.317202091217041, 0.30684030055999756, 0.3238115906715393];[-2.1453921794891357, -1.9291325807571411, -2.117598056793213, -2.0284907817840576, -2.084204912185669, -2.206249237060547];[1.9029061794281006, 1.1078795194625854, 0.7238559126853943, 0.6083688735961914, 0.5219427347183228];393.3916804790497
1250;[3.4220948219299316, 2.7188491821289062, 2.493661403656006, 2.4386959075927734, 2.5207393169403076, 2.2065961360931396];[0.4305312931537628, 0.30879995226860046, 0.2760826349258423, 0.2905171513557434, 0.3025287389755249, 0.2597222328186035];[-2.1536736488342285, -1.9002670049667358, -1.8339296579360962, -1.9277057647705078, -1.9970331192016602, -1.8005268573760986];[2.0503711700439453, 1.2816253900527954, 0.8331090807914734, 0.9791647791862488, 0.45225396752357483];395.18240785598755
1300;[3.4729998111724854, 2.6116256713867188, 2.5094821453094482, 2.6231160163879395, 2.1657042503356934, 2.1630184650421143];[0.4191039800643921, 0.29352062940597534, 0.30573415756225586, 0.3352642357349396, 0.32463082671165466, 0.34323766827583313];[-2.148639678955078, -1.8569382429122925, -1.973081111907959, -2.0925261974334717, -1.9451853036880493, -1.9906092882156372];[2.3675012588500977, 1.7573827505111694, 1.0023784637451172, 0.7741378545761108, 0.49780797958374023];391.44994592666626
1350;[3.4616544246673584, 2.4621598720550537, 2.6495614051818848, 2.508845329284668, 2.2354421615600586, 2.339240789413452];[0.43835362792015076, 0.2948177456855774, 0.33157211542129517, 0.3214052617549896, 0.28441745042800903, 0.3208417296409607];[-2.1895406246185303, -1.803945541381836, -2.027998924255371, -2.0069494247436523, -1.885185956954956, -2.085907459259033];[2.0124943256378174, 1.7418477535247803, 0.997123658657074, 0.6334223747253418, 0.5362647771835327];416.4870505332947
1400;[3.5098540782928467, 2.791591167449951, 3.101860284805298, 3.2132420539855957, 3.4356324672698975, 3.3659610748291016];[0.44667667150497437, 0.35377687215805054, 0.6397337317466736, 0.7519975304603577, 0.8540129065513611, 0.8329107761383057];[-2.196889638900757, -1.9942761659622192, -2.7543106079101562, -3.1734187602996826, -3.7172746658325195, -3.697157382965088];[1.8583929538726807, 1.5571203231811523, 0.7394536733627319, 0.7924762964248657, 1.1204954385757446];393.5707757472992
1450;[3.398092031478882, 2.5340700149536133, 2.8125014305114746, 2.331042528152466, 2.3724613189697266, 2.2269530296325684];[0.4274410307407379, 0.3032512366771698, 0.3692718744277954, 0.30305278301239014, 0.31799012422561646, 0.3435397148132324];[-2.136824607849121, -1.8320364952087402, -2.1841633319854736, -1.9274946451187134, -1.9722942113876343, -2.001249313354492];[2.1872189044952393, 1.4605956077575684, 1.079925537109375, 0.8116084337234497, 0.6918407082557678];401.0411651134491
1500;[3.3999791145324707, 2.4603564739227295, 2.631615161895752, 2.287510395050049, 2.339010238647461, 2.314817428588867];[0.42848700284957886, 0.28432217240333557, 0.3513561189174652, 0.2722887396812439, 0.2570858895778656, 0.2649500370025635];[-2.1453912258148193, -1.782658338546753, -2.1146037578582764, -1.8075186014175415, -1.801882028579712, -1.8883191347122192];[1.7884621620178223, 1.1573249101638794, 0.9929616451263428, 0.6294034719467163, 0.6577979326248169];400.0903739929199
1550;[3.435685157775879, 2.7981772422790527, 2.470991849899292, 2.5026144981384277, 2.274050235748291, 2.261653423309326];[0.42411941289901733, 0.35044926404953003, 0.3077552020549774, 0.2997678816318512, 0.25586190819740295, 0.2749501168727875];[-2.1512887477874756, -1.9837921857833862, -1.8841315507888794, -1.9185590744018555, -1.762425422668457, -1.8051857948303223];[2.0693423748016357, 1.3407799005508423, 0.949305534362793, 0.8821386694908142, 0.6599211096763611];397.76778268814087
1600;[3.5344862937927246, 2.576894998550415, 2.2785940170288086, 2.3546738624572754, 2.420975685119629, 2.275413751602173];[0.437140554189682, 0.3001595139503479, 0.25760236382484436, 0.312001496553421, 0.38314494490623474, 0.4485538601875305];[-2.198368787765503, -1.825735092163086, -1.6996642351150513, -1.8564900159835815, -2.055434465408325, -2.2217698097229004];[1.7383140325546265, 1.0964055061340332, 0.8617179989814758, 0.7813879251480103, 0.7294338345527649];396.9590287208557
1650;[3.3729896545410156, 2.650787830352783, 2.4652278423309326, 2.245374917984009, 2.2534146308898926, 2.230278253555298];[0.4261898100376129, 0.28700244426727295, 0.2772383391857147, 0.2708551287651062, 0.26215556263923645, 0.26974934339523315];[-2.128889560699463, -1.8376994132995605, -1.7951128482818604, -1.7294247150421143, -1.7613203525543213, -1.773527979850769];[1.549014687538147, 1.097266674041748, 1.0454317331314087, 0.9894272089004517, 0.7882403135299683];417.1927614212036
1700;[3.3907694816589355, 2.455986261367798, 2.458320379257202, 2.2432758808135986, 2.3623898029327393, 2.3946967124938965];[0.41682669520378113, 0.2948101758956909, 0.31852856278419495, 0.30020633339881897, 0.3353061079978943, 0.35537177324295044];[-2.115798234939575, -1.8210402727127075, -2.0859932899475098, -1.9808255434036255, -2.2447190284729004, -2.390019178390503];[1.6701213121414185, 0.9563159942626953, 0.9580288529396057, 0.5939443111419678, 0.528327226638794];392.6102192401886
1750;[3.4865918159484863, 2.5552988052368164, 2.3991148471832275, 2.4681451320648193, 2.2271430492401123, 2.390042781829834];[0.43417859077453613, 0.31727367639541626, 0.3439660668373108, 0.33861762285232544, 0.30829256772994995, 0.3456934094429016];[-2.1764469146728516, -1.8755390644073486, -1.9208630323410034, -2.0732719898223877, -1.9312403202056885, -2.200698137283325];[2.0539963245391846, 0.9817211627960205, 0.8802239298820496, 0.5492174029350281, 0.6799474954605103];394.59343814849854
1800;[3.542616844177246, 2.75192928314209, 2.3588900566101074, 2.505615234375, 2.279440402984619, 2.4032089710235596];[0.43504461646080017, 0.34173932671546936, 0.299155056476593, 0.3154117166996002, 0.30680930614471436, 0.34708067774772644];[-2.2129921913146973, -1.9853713512420654, -1.8554774522781372, -1.9747791290283203, -1.8537160158157349, -2.0277037620544434];[2.0956878662109375, 1.3248097896575928, 0.7563679814338684, 0.6479801535606384, 0.5680534839630127];390.294406414032
1850;[3.523024320602417, 2.5599656105041504, 2.579270124435425, 2.5213074684143066, 2.5226306915283203, 2.3151543140411377];[0.43340134620666504, 0.31209060549736023, 0.3105609118938446, 0.32215189933776855, 0.33193662762641907, 0.3027494549751282];[-2.2051966190338135, -1.8458893299102783, -1.9092942476272583, -1.927641749382019, -1.9878745079040527, -1.9232375621795654];[1.713031530380249, 1.5298770666122437, 0.924647867679596, 0.9098594188690186, 0.9417373538017273];393.0813398361206
1900;[3.5153372287750244, 2.7271738052368164, 2.4040732383728027, 2.2352821826934814, 2.2459988594055176, 2.3069517612457275];[0.4438469111919403, 0.3007282614707947, 0.3203801214694977, 0.2718460261821747, 0.26855435967445374, 0.28416889905929565];[-2.202637195587158, -1.8951925039291382, -1.904049277305603, -1.8003044128417969, -1.800632119178772, -1.8633978366851807];[2.506030797958374, 1.4725463390350342, 0.7997148633003235, 0.6797171831130981, 0.6582459211349487];398.670428276062
1950;[3.449302911758423, 2.468156337738037, 2.4880645275115967, 2.4546265602111816, 2.254556894302368, 2.1428444385528564];[0.4420658349990845, 0.3111259639263153, 0.3013073205947876, 0.2918485403060913, 0.26323962211608887, 0.25275251269340515];[-2.188352108001709, -1.853636384010315, -1.8727810382843018, -1.8464422225952148, -1.7262401580810547, -1.654191255569458];[2.066718578338623, 1.0001589059829712, 0.9873607754707336, 0.9916552305221558, 1.0071425437927246];396.4443006515503
2000;[3.5128579139709473, 2.5004689693450928, 2.150217056274414, 2.210172414779663, 2.193021059036255, 2.2325074672698975];[0.43277543783187866, 0.285212904214859, 0.26529639959335327, 0.2702730596065521, 0.29582929611206055, 0.2970438599586487];[-2.1851656436920166, -1.8151981830596924, -1.7357920408248901, -1.8102415800094604, -1.937064528465271, -1.9762613773345947];[1.842687964439392, 0.9436700940132141, 0.6625905632972717, 0.6147863268852234, 0.6554340124130249];390.9913911819458
2050;[3.4718825817108154, 2.5677833557128906, 2.394379138946533, 2.2444229125976562, 2.1784284114837646, 2.293931722640991];[0.435119092464447, 0.29383641481399536, 0.3169381618499756, 0.35297891497612, 0.3337920010089874, 0.34795284271240234];[-2.168713331222534, -1.8457145690917969, -1.8989087343215942, -2.017866849899292, -2.0154244899749756, -2.205739736557007];[1.9777864217758179, 1.2320218086242676, 0.9345007538795471, 0.8394823670387268, 0.6115570664405823];392.29075384140015
2100;[3.4577395915985107, 2.4929938316345215, 2.587977886199951, 2.5254764556884766, 2.405818223953247, 2.350776195526123];[0.4313388168811798, 0.4350447654724121, 0.5186779499053955, 0.5635702610015869, 0.5344060659408569, 0.5217373371124268];[-2.1701595783233643, -2.154735803604126, -2.5930957794189453, -2.7568984031677246, -2.7064437866210938, -2.664482593536377];[2.477932929992676, 0.9230165481567383, 0.6032939553260803, 0.6341255903244019, 0.3946097493171692];394.1036341190338
2150;[3.5250561237335205, 2.573061227798462, 2.6768910884857178, 2.4156088829040527, 2.4724724292755127, 2.1606035232543945];[0.42883846163749695, 0.2925090491771698, 0.3179199695587158, 0.2752573490142822, 0.27987873554229736, 0.24879556894302368];[-2.201998710632324, -1.8058322668075562, -1.9194979667663574, -1.817740559577942, -1.9097365140914917, -1.805746078491211];[1.5561680793762207, 1.4791591167449951, 1.0518406629562378, 0.8305314779281616, 0.784296452999115];396.99220514297485
2200;[3.4772369861602783, 2.569281578063965, 2.4168241024017334, 2.201056718826294, 2.3581244945526123, 2.467603921890259];[0.43342170119285583, 0.29348447918891907, 0.2901912033557892, 0.26378628611564636, 0.28797808289527893, 0.3186211884021759];[-2.167332649230957, -1.7980339527130127, -1.8235323429107666, -1.7328338623046875, -1.8576375246047974, -2.013353109359741];[1.790523886680603, 1.4457228183746338, 0.9682554602622986, 0.9272929430007935, 0.7065130472183228];393.4028158187866
2250;[3.447732448577881, 2.58921217918396, 2.542308807373047, 2.624131202697754, 2.2302286624908447, 2.222226142883301];[0.42744630575180054, 0.34259098768234253, 0.3173033893108368, 0.3357349634170532, 0.25666773319244385, 0.2668224573135376];[-2.1626577377319336, -1.9276505708694458, -1.9193629026412964, -2.0618088245391846, -1.7232990264892578, -1.773962378501892];[2.4549827575683594, 1.4548048973083496, 0.7691826820373535, 0.8293251991271973, 1.0033185482025146];399.46889209747314
2300;[3.4258675575256348, 2.536898374557495, 2.392390727996826, 2.4734623432159424, 2.570085048675537, 2.423959493637085];[0.43996262550354004, 0.28695404529571533, 0.26821649074554443, 0.3144497573375702, 0.3651292026042938, 0.34084653854370117];[-2.155377149581909, -1.8084709644317627, -1.777132511138916, -1.9651119709014893, -2.171679973602295, -2.117464065551758];[1.8999755382537842, 1.118207335472107, 0.9184936881065369, 0.8863124251365662, 0.7622642517089844];395.13209319114685
2350;[3.479848861694336, 2.396533727645874, 2.587601661682129, 2.1848514080047607, 2.403977394104004, 2.3192169666290283];[0.4281454086303711, 0.26634109020233154, 0.34935814142227173, 0.27261847257614136, 0.32560038566589355, 0.30769720673561096];[-2.1800904273986816, -1.7255061864852905, -2.023347854614258, -1.7595919370651245, -2.038801908493042, -1.9309242963790894];[1.6779530048370361, 1.1778000593185425, 0.8631994724273682, 0.7556235194206238, 0.5747583508491516];393.2325904369354
2400;[3.453928232192993, 2.585845947265625, 2.585927724838257, 2.7488346099853516, 2.584329605102539, 2.4239072799682617];[0.42348501086235046, 0.3148890435695648, 0.411192923784256, 0.4536166787147522, 0.36861807107925415, 0.3147459626197815];[-2.1593546867370605, -1.8603132963180542, -2.147618293762207, -2.297053813934326, -2.082446813583374, -1.9139834642410278];[1.8895107507705688, 1.2781692743301392, 1.2455105781555176, 0.9509676098823547, 0.8759737610816956];392.37029099464417
2450;[3.443373441696167, 2.6525237560272217, 2.719538927078247, 2.5466065406799316, 2.501725196838379, 2.282557725906372];[0.4253566563129425, 0.3102826774120331, 0.34292909502983093, 0.2896910011768341, 0.3069598972797394, 0.29610675573349];[-2.157527446746826, -1.8746345043182373, -2.0533180236816406, -1.9140604734420776, -1.9106065034866333, -1.8604403734207153];[1.8362294435501099, 1.5047690868377686, 0.8192489147186279, 0.8053086400032043, 0.7987001538276672];395.3961925506592
2500;[3.500199317932129, 2.4850914478302, 2.6439220905303955, 2.5733046531677246, 2.2732386589050293, 2.2833046913146973];[0.4217135012149811, 0.2829185426235199, 0.3358921408653259, 0.33922111988067627, 0.29869332909584045, 0.2860228419303894];[-2.151613235473633, -1.7636624574661255, -2.038628578186035, -2.0570802688598633, -1.880889892578125, -1.8977766036987305];[2.0892155170440674, 1.5571116209030151, 1.2768174409866333, 0.634999692440033, 0.7186194658279419];396.27388739585876
2550;[3.422832489013672, 2.5466039180755615, 2.5616180896759033, 2.7255094051361084, 2.388671636581421, 2.637298107147217];[0.439088374376297, 0.2862184941768646, 0.38076919317245483, 0.40710026025772095, 0.3778128921985626, 0.399702787399292];[-2.157212495803833, -1.8001705408096313, -2.056281566619873, -2.2490017414093018, -2.068124771118164, -2.279284715652466];[1.8486231565475464, 1.3468143939971924, 0.8134999871253967, 0.6320369839668274, 0.6661016941070557];420.3453335762024
2600;[3.394423484802246, 2.768159866333008, 2.7906813621520996, 2.8164749145507812, 2.757547378540039, 2.628933906555176];[0.44063636660575867, 0.32553577423095703, 0.49189817905426025, 0.5132490396499634, 0.5226730108261108, 0.46358153223991394];[-2.1647140979766846, -1.9370185136795044, -2.2412264347076416, -2.352545976638794, -2.3642592430114746, -2.248495101928711];[1.9192379713058472, 2.1445770263671875, 1.0764729976654053, 0.9917884469032288, 1.1517351865768433];396.3998944759369
2650;[3.442821979522705, 2.502971887588501, 2.267362356185913, 2.347120761871338, 2.28542160987854, 2.2451961040496826];[0.4292795956134796, 0.29070743918418884, 0.28048473596572876, 0.3290918171405792, 0.3393378257751465, 0.3310924470424652];[-2.150250196456909, -1.8338518142700195, -1.7897125482559204, -1.952423334121704, -1.9892559051513672, -2.0033109188079834];[2.1625680923461914, 1.164720058441162, 1.0111788511276245, 0.6891745328903198, 0.5854465961456299];398.7677550315857
2700;[3.5615553855895996, 2.883327007293701, 2.4287679195404053, 2.4097301959991455, 2.363877534866333, 2.198239803314209];[0.4321097135543823, 0.3503721356391907, 0.32476478815078735, 0.3492368757724762, 0.3599533140659332, 0.3698837459087372];[-2.211458683013916, -2.0683696269989014, -2.0252320766448975, -2.123634099960327, -2.189936637878418, -2.172189235687256];[1.7802072763442993, 1.1830530166625977, 0.7469028234481812, 0.7703330516815186, 0.5306887626647949];395.115519285202
2750;[3.5089309215545654, 2.450955390930176, 2.3097405433654785, 2.3203699588775635, 2.386507987976074, 2.2006635665893555];[0.43499210476875305, 0.2805870771408081, 0.2690710127353668, 0.2927558422088623, 0.3120999038219452, 0.28504839539527893];[-2.196744441986084, -1.7588675022125244, -1.8118586540222168, -1.9128276109695435, -2.0495595932006836, -1.9412367343902588];[2.2117996215820312, 1.0663560628890991, 0.8303505182266235, 0.5374510288238525, 0.5947116017341614];391.8634181022644
2800;[3.548353433609009, 2.5423107147216797, 2.4016520977020264, 2.429556131362915, 2.349200487136841, 2.1923153400421143];[0.42625173926353455, 0.30252909660339355, 0.3108670115470886, 0.29984205961227417, 0.29421693086624146, 0.2913675010204315];[-2.2053003311157227, -1.8509372472763062, -1.8976610898971558, -1.9071909189224243, -1.908607840538025, -1.8937135934829712];[1.9838351011276245, 1.028242588043213, 0.8877918720245361, 0.7773229479789734, 0.5160873532295227];391.3369092941284
2850;[3.4069786071777344, 2.4131293296813965, 2.4948785305023193, 2.3813695907592773, 2.245192766189575, 2.267322301864624];[0.42313840985298157, 0.2858181297779083, 0.30576905608177185, 0.3055936396121979, 0.29752951860427856, 0.31667453050613403];[-2.1496262550354004, -1.747246265411377, -1.953088402748108, -1.9046860933303833, -1.9100639820098877, -2.0745813846588135];[1.740272045135498, 1.477611780166626, 0.72221839427948, 0.6134507060050964, 0.46019288897514343];393.98041701316833
2900;[3.4786903858184814, 2.555453062057495, 2.449643611907959, 2.4457952976226807, 2.1516988277435303, 2.0624470710754395];[0.4198276996612549, 0.2862313985824585, 0.3190530836582184, 0.3345571458339691, 0.2948112189769745, 0.28499913215637207];[-2.169485092163086, -1.8269246816635132, -1.944578766822815, -2.1005892753601074, -1.921669602394104, -1.8528114557266235];[1.763567328453064, 1.1031608581542969, 0.6414629220962524, 0.5758547782897949, 0.5094372034072876];386.6866075992584
2950;[3.457639694213867, 2.43916654586792, 2.1823010444641113, 2.2396318912506104, 2.1939125061035156, 2.2409238815307617];[0.41961294412612915, 0.2828030288219452, 0.2651995122432709, 0.2960808575153351, 0.3257562518119812, 0.34001046419143677];[-2.1645867824554443, -1.7665945291519165, -1.7089449167251587, -1.875080943107605, -1.9502886533737183, -2.0977532863616943];[2.3233983516693115, 1.2649645805358887, 0.8177410364151001, 0.7213354706764221, 0.4772528409957886];390.1017074584961
3000;[3.4256255626678467, 2.572650909423828, 2.4243576526641846, 2.20615816116333, 2.095714807510376, 2.080376386642456];[0.4304555654525757, 0.2949221730232239, 0.32760241627693176, 0.29671478271484375, 0.3021482825279236, 0.29084882140159607];[-2.1510977745056152, -1.8452115058898926, -1.943973183631897, -1.8431711196899414, -1.8332561254501343, -1.8851358890533447];[1.679045557975769, 1.4388071298599243, 0.9816218018531799, 0.6999449133872986, 0.5937771797180176];390.0574412345886
3050;[3.5232760906219482, 2.6404147148132324, 2.3446877002716064, 2.1179990768432617, 2.2421746253967285, 2.3816146850585938];[0.4335034191608429, 0.3090779185295105, 0.28881165385246277, 0.26470986008644104, 0.2745688855648041, 0.3082422614097595];[-2.183851718902588, -1.9149930477142334, -1.8273766040802002, -1.7242714166641235, -1.8628054857254028, -2.0282206535339355];[2.282014846801758, 1.3193347454071045, 1.0537877082824707, 0.6277756094932556, 0.5271087884902954];389.604291677475
3100;[3.5262510776519775, 2.8186521530151367, 2.3633804321289062, 2.7009451389312744, 2.2626757621765137, 2.3427505493164062];[0.4273252487182617, 0.33160704374313354, 0.28619569540023804, 0.3235214352607727, 0.26510387659072876, 0.27944880723953247];[-2.1755728721618652, -2.0023674964904785, -1.801059365272522, -2.0257222652435303, -1.7483829259872437, -1.814349889755249];[1.7408766746520996, 1.7656488418579102, 1.3824917078018188, 0.9218630194664001, 1.0959932804107666];390.2235903739929
3150;[3.481098175048828, 2.628527879714966, 2.6339759826660156, 2.1967880725860596, 2.3501055240631104, 2.409576892852783];[0.4412480592727661, 0.29010728001594543, 0.34374943375587463, 0.2733151316642761, 0.316429078578949, 0.2999347448348999];[-2.1739420890808105, -1.8103203773498535, -2.0300891399383545, -1.7532027959823608, -1.998184323310852, -1.9574172496795654];[1.8313015699386597, 1.5719298124313354, 0.7910758852958679, 0.8259077668190002, 0.6378774046897888];398.0047128200531
3200;[3.5564115047454834, 2.7424187660217285, 2.466428518295288, 2.6048355102539062, 2.3796191215515137, 2.2543346881866455];[0.42679154872894287, 0.32740068435668945, 0.2908264696598053, 0.3316647410392761, 0.303859144449234, 0.29464566707611084];[-2.2020366191864014, -1.939351201057434, -1.8329753875732422, -2.051269769668579, -1.9363534450531006, -1.9064929485321045];[2.0231399536132812, 1.4517606496810913, 1.077625036239624, 0.7830294966697693, 0.6003690958023071];396.59914112091064
3250;[3.5460596084594727, 2.7156894207000732, 2.5024633407592773, 2.327026128768921, 2.2647557258605957, 2.3087637424468994];[0.44870391488075256, 0.3203957676887512, 0.2949550151824951, 0.2537790536880493, 0.2707671523094177, 0.30705526471138];[-2.22725510597229, -1.935391902923584, -1.8454639911651611, -1.7318881750106812, -1.7554210424423218, -1.8430534601211548];[2.1106269359588623, 1.2814079523086548, 0.9879857301712036, 1.0315210819244385, 0.8372684717178345];388.9927577972412
3300;[3.5628983974456787, 2.6636834144592285, 2.345075845718384, 2.4745333194732666, 2.243680715560913, 2.215383768081665];[0.4286653399467468, 0.3245643675327301, 0.3147072196006775, 0.33984676003456116, 0.3471357822418213, 0.36897504329681396];[-2.204709529876709, -1.9697433710098267, -1.967787504196167, -2.108734607696533, -2.0505216121673584, -2.1935629844665527];[2.0374865531921387, 1.1447919607162476, 0.8142594695091248, 0.5069611072540283, 0.5965346693992615];390.4149467945099
3350;[3.4647178649902344, 2.4879627227783203, 2.3823511600494385, 2.3233985900878906, 2.3414134979248047, 2.3888914585113525];[0.42730820178985596, 0.2942662835121155, 0.30972620844841003, 0.322154700756073, 0.3449710011482239, 0.38867461681365967];[-2.1585211753845215, -1.8284672498703003, -1.923189640045166, -1.9610140323638916, -2.023766279220581, -2.2182676792144775];[2.017179012298584, 1.005244493484497, 1.1003555059432983, 0.8603559136390686, 0.6285615563392639];391.50246953964233
3400;[3.4300949573516846, 2.5340352058410645, 2.743004083633423, 2.6872916221618652, 2.4957103729248047, 2.653090476989746];[0.4225103259086609, 0.2867186665534973, 0.3956594169139862, 0.38241448998451233, 0.37584537267684937, 0.41583237051963806];[-2.153245210647583, -1.8242799043655396, -2.1729989051818848, -2.208235502243042, -2.108499765396118, -2.3569462299346924];[2.21246075630188, 1.3041794300079346, 0.8993417620658875, 0.8573735356330872, 0.6585909128189087];389.3436322212219
3450;[3.4317879676818848, 2.6187751293182373, 2.2551488876342773, 2.36232328414917, 2.158403158187866, 1.981080174446106];[0.42851898074150085, 0.28286615014076233, 0.26438164710998535, 0.28774765133857727, 0.2605321705341339, 0.25278255343437195];[-2.1599225997924805, -1.824838399887085, -1.7551701068878174, -1.91609525680542, -1.7852402925491333, -1.740524172782898];[1.7532896995544434, 1.1460899114608765, 0.6943480372428894, 0.6367793083190918, 0.5700719952583313];403.91258811950684
3500;[3.43996524810791, 2.870790481567383, 2.739457130432129, 2.507747173309326, 2.3495004177093506, 2.3853061199188232];[0.4161004424095154, 0.3707983195781708, 0.3578561842441559, 0.2970598340034485, 0.2670409679412842, 0.27565163373947144];[-2.1366357803344727, -2.0314903259277344, -1.965449333190918, -1.8238292932510376, -1.7631714344024658, -1.7917989492416382];[2.0406203269958496, 1.812099575996399, 1.5385386943817139, 1.4591773748397827, 1.3185402154922485];388.45387506484985
3550;[3.530898094177246, 2.562683343887329, 2.3848702907562256, 2.420095443725586, 2.255789279937744, 2.446974992752075];[0.4299246668815613, 0.34272849559783936, 0.3178637623786926, 0.35002443194389343, 0.34058526158332825, 0.38937312364578247];[-2.201012134552002, -1.950607180595398, -1.9784579277038574, -2.136593818664551, -2.1142420768737793, -2.489670753479004];[1.7003552913665771, 0.777062177658081, 0.8876523375511169, 0.6877713203430176, 0.5072972178459167];389.7030460834503
3600;[3.4477524757385254, 2.7828426361083984, 2.381770133972168, 2.245800495147705, 2.26401424407959, 2.1893324851989746];[0.4325738847255707, 0.29304221272468567, 0.24992281198501587, 0.24481552839279175, 0.25383079051971436, 0.2597905099391937];[-2.174731731414795, -1.8749171495437622, -1.7289334535598755, -1.6695671081542969, -1.724006175994873, -1.7404773235321045];[1.8773751258850098, 1.9706604480743408, 1.0261685848236084, 1.0064401626586914, 1.0260382890701294];391.11839747428894
3650;[3.540844678878784, 2.6454811096191406, 2.400557279586792, 2.3112332820892334, 2.1805238723754883, 2.389755964279175];[0.4399881660938263, 0.303039014339447, 0.2595274746417999, 0.2518734037876129, 0.2570009231567383, 0.325759619474411];[-2.20306396484375, -1.8415285348892212, -1.6845964193344116, -1.6881762742996216, -1.6905382871627808, -1.9250752925872803];[1.748099446296692, 1.2672432661056519, 1.2905462980270386, 0.9383367896080017, 1.0243895053863525];392.36864042282104
3700;[3.4027581214904785, 2.7578203678131104, 2.5134706497192383, 2.4480738639831543, 2.415923833847046, 2.3899881839752197];[0.43114277720451355, 0.33509212732315063, 0.32093116641044617, 0.3444479703903198, 0.3482033312320709, 0.3425476551055908];[-2.1527085304260254, -1.9906728267669678, -2.045459270477295, -2.190743923187256, -2.1518776416778564, -2.229616641998291];[1.8812373876571655, 1.4642784595489502, 0.7754365801811218, 0.5663215517997742, 0.5147787928581238];388.02479362487793
3750;[3.417722225189209, 2.7240161895751953, 2.367920160293579, 2.236865282058716, 2.188953399658203, 2.013258218765259];[0.4201606214046478, 0.3170981705188751, 0.2838571071624756, 0.26926976442337036, 0.277957022190094, 0.25585776567459106];[-2.120706558227539, -1.9227485656738281, -1.8122293949127197, -1.7553820610046387, -1.8441036939620972, -1.7415339946746826];[1.9908770322799683, 1.7408980131149292, 0.9285760521888733, 0.5717700719833374, 0.6600677967071533];388.0445203781128
3800;[3.5380775928497314, 2.724649429321289, 2.4783523082733154, 2.3581817150115967, 2.0643935203552246, 2.3358676433563232];[0.4449352025985718, 0.3421861529350281, 0.28164035081863403, 0.259399950504303, 0.2417370080947876, 0.3424346148967743];[-2.1953392028808594, -1.9423667192459106, -1.7737375497817993, -1.6904813051223755, -1.6010024547576904, -1.9315860271453857];[1.738558292388916, 1.3567397594451904, 1.1463786363601685, 0.7212834358215332, 1.0115629434585571];388.12037801742554
3850;[3.3782663345336914, 2.467839241027832, 2.5488789081573486, 2.430068254470825, 2.515397548675537, 2.381598949432373];[0.43335577845573425, 0.3196268677711487, 0.3899914622306824, 0.48602572083473206, 0.4894038438796997, 0.5051417350769043];[-2.1257143020629883, -1.8783447742462158, -2.1918866634368896, -2.405388116836548, -2.5023951530456543, -2.513209581375122];[1.8915517330169678, 0.8475343585014343, 1.0330599546432495, 0.619960367679596, 0.5126800537109375];393.84410858154297
3900;[3.400075674057007, 2.7072253227233887, 2.424989938735962, 2.4867608547210693, 2.225019931793213, 2.2758729457855225];[0.42518237233161926, 0.32705679535865784, 0.28429463505744934, 0.27990949153900146, 0.2599797248840332, 0.2625736892223358];[-2.1462230682373047, -1.9183168411254883, -1.7861683368682861, -1.8063478469848633, -1.7318578958511353, -1.7629565000534058];[2.0647828578948975, 1.4322509765625, 0.9997922778129578, 0.8992634415626526, 0.6162824034690857];393.49900364875793
3950;[3.5219907760620117, 2.6116809844970703, 2.2500393390655518, 2.492844343185425, 2.32061767578125, 2.6713929176330566];[0.43788301944732666, 0.30461835861206055, 0.31359240412712097, 0.319501668214798, 0.3155016005039215, 0.38355058431625366];[-2.1906542778015137, -1.8689864873886108, -1.8472468852996826, -1.982499361038208, -1.9866231679916382, -2.359865665435791];[1.8544602394104004, 1.2827801704406738, 0.8594109416007996, 0.6298609972000122, 0.4868454039096832];387.84851932525635
4000;[3.4889564514160156, 2.8155713081359863, 2.723484754562378, 2.7457425594329834, 2.6177620887756348, 2.4330999851226807];[0.419704794883728, 0.38830870389938354, 0.3656400144100189, 0.36113885045051575, 0.32872647047042847, 0.27779653668403625];[-2.1676790714263916, -2.059748649597168, -2.0169553756713867, -2.050454616546631, -1.9492348432540894, -1.8052847385406494];[2.09004545211792, 1.601290225982666, 1.3102574348449707, 1.413274884223938, 0.9975484609603882];391.7619228363037
4050;[3.568859577178955, 2.742598056793213, 2.565185308456421, 2.3803646564483643, 2.2677934169769287, 2.3545002937316895];[0.4272952973842621, 0.3173227310180664, 0.2975224554538727, 0.28717732429504395, 0.2741224765777588, 0.29329222440719604];[-2.2002525329589844, -1.9311028718948364, -1.8881107568740845, -1.8497768640518188, -1.789623737335205, -1.9027974605560303];[2.2546298503875732, 1.2929662466049194, 1.011049509048462, 0.6527227163314819, 0.8518794178962708];387.85515809059143
4100;[3.4559199810028076, 2.625159978866577, 2.4651715755462646, 2.3992562294006348, 2.6403143405914307, 2.556220293045044];[0.43601733446121216, 0.3896353840827942, 0.5134097933769226, 0.5795696973800659, 0.690889298915863, 0.6809793710708618];[-2.1943347454071045, -2.074261426925659, -2.528615951538086, -2.842681646347046, -3.434743881225586, -3.4210667610168457];[1.8852479457855225, 0.9202855229377747, 0.6848145723342896, 0.44967299699783325, 0.729394793510437];387.8438992500305
4150;[3.433300495147705, 2.4813733100891113, 2.3391783237457275, 2.346278429031372, 2.276089668273926, 2.282424211502075];[0.4243253767490387, 0.2840961217880249, 0.28658023476600647, 0.32646575570106506, 0.3475114703178406, 0.38811686635017395];[-2.129598617553711, -1.804962158203125, -1.803243637084961, -1.9540849924087524, -1.9813653230667114, -2.117980480194092];[2.24412202835083, 1.0355275869369507, 0.7377620339393616, 0.8539631366729736, 0.598817765712738];392.0220263004303
4200;[3.552973985671997, 2.3595199584960938, 2.447833299636841, 2.289194345474243, 2.2263848781585693, 2.2620046138763428];[0.4355594515800476, 0.34644392132759094, 0.34955310821533203, 0.32668909430503845, 0.3817904591560364, 0.40730607509613037];[-2.2056286334991455, -1.894431233406067, -2.0177652835845947, -1.954695701599121, -2.0914573669433594, -2.1822586059570312];[2.10673451423645, 1.1135139465332031, 0.8898892998695374, 0.5542373657226562, 0.6301942467689514];389.394966840744
4250;[3.439617872238159, 2.597989320755005, 2.431047201156616, 2.3350255489349365, 2.172290563583374, 2.2633798122406006];[0.4486544132232666, 0.2875484228134155, 0.30534467101097107, 0.3061555027961731, 0.28397461771965027, 0.3038555085659027];[-2.158219337463379, -1.8335353136062622, -1.9280236959457397, -2.017317771911621, -1.920106291770935, -2.0272815227508545];[1.9998770952224731, 1.2195357084274292, 1.013863205909729, 0.5670247077941895, 0.5752778649330139];387.5836100578308
4300;[3.4404165744781494, 2.607248544692993, 2.3546502590179443, 2.326014995574951, 2.321601629257202, 2.1355509757995605];[0.4380873441696167, 0.30943429470062256, 0.33408883213996887, 0.33579155802726746, 0.3479398190975189, 0.3159230053424835];[-2.167135715484619, -1.8946174383163452, -1.9575139284133911, -2.0139849185943604, -2.08518648147583, -2.0056426525115967];[1.8581714630126953, 1.2631326913833618, 0.667486310005188, 0.5818212628364563, 0.6081562638282776];391.42629981040955
4350;[3.5066659450531006, 2.517202615737915, 2.5154616832733154, 2.219050645828247, 2.207308292388916, 2.261068344116211];[0.42971107363700867, 0.2962868809700012, 0.28685417771339417, 0.2676926851272583, 0.28183630108833313, 0.3006245791912079];[-2.201038360595703, -1.8353264331817627, -1.8632506132125854, -1.746099829673767, -1.811084270477295, -1.8998695611953735];[2.2998499870300293, 1.1238690614700317, 0.8554091453552246, 0.7343150973320007, 0.467935174703598];396.27012825012207
4400;[3.388012409210205, 2.8324334621429443, 2.510765790939331, 2.5327341556549072, 2.29263973236084, 2.347309112548828];[0.43449947237968445, 0.34090864658355713, 0.31005001068115234, 0.3623233437538147, 0.340635746717453, 0.3714178204536438];[-2.1369526386260986, -2.026872396469116, -1.9395771026611328, -2.0989208221435547, -2.0011215209960938, -2.1637823581695557];[2.068455219268799, 1.6274884939193726, 0.9384707808494568, 0.8225916624069214, 0.581572413444519];385.70393991470337
4450;[3.46403431892395, 2.6843361854553223, 2.4263644218444824, 2.48559308052063, 2.3789312839508057, 2.3562140464782715];[0.4295528829097748, 0.303522527217865, 0.28585636615753174, 0.33233240246772766, 0.32359936833381653, 0.3157398998737335];[-2.17692232131958, -1.857242226600647, -1.7808541059494019, -1.970813274383545, -1.9938349723815918, -1.9957964420318604];[1.6483904123306274, 1.5019713640213013, 0.8889597654342651, 0.9081705808639526, 0.7014563679695129];388.59007239341736
4500;[3.435029983520508, 2.405421733856201, 2.4016551971435547, 2.4782421588897705, 2.3517708778381348, 2.382322311401367];[0.4312841594219208, 0.2789687514305115, 0.3079434037208557, 0.31211405992507935, 0.30485519766807556, 0.3167899549007416];[-2.1519405841827393, -1.75198495388031, -1.8934926986694336, -1.9532164335250854, -1.9812908172607422, -2.051229238510132];[2.1431243419647217, 1.3273260593414307, 1.2306936979293823, 0.6406310200691223, 0.6287609338760376];392.83131861686707
4550;[3.4912192821502686, 2.4770944118499756, 2.781951427459717, 2.825413227081299, 2.602614164352417, 2.526834011077881];[0.41575321555137634, 0.2984882891178131, 0.3983553946018219, 0.4247751235961914, 0.38622409105300903, 0.4090324640274048];[-2.1820414066314697, -1.839367151260376, -2.2216336727142334, -2.3130297660827637, -2.1736817359924316, -2.2326955795288086];[2.1997857093811035, 1.220127820968628, 0.7574316263198853, 0.8146390318870544, 0.7664659023284912];395.10558319091797
4600;[3.322650909423828, 2.7057149410247803, 2.345134735107422, 2.221499443054199, 2.2207212448120117, 2.2328579425811768];[0.43635958433151245, 0.33251702785491943, 0.29298684000968933, 0.25437045097351074, 0.25220367312431335, 0.2555590867996216];[-2.133258819580078, -1.9287370443344116, -1.8004817962646484, -1.7219016551971436, -1.7212508916854858, -1.79231858253479];[1.770447015762329, 1.4774845838546753, 0.93007493019104, 0.9976078867912292, 0.7300558090209961];396.8728153705597
4650;[3.4254584312438965, 2.4983818531036377, 2.52272891998291, 2.4089512825012207, 2.5353379249572754, 2.5179526805877686];[0.4274805188179016, 0.2783570885658264, 0.28179553151130676, 0.2809661030769348, 0.32848799228668213, 0.39382660388946533];[-2.1472837924957275, -1.78288733959198, -1.7908790111541748, -1.8094792366027832, -1.9227360486984253, -2.123084306716919];[2.068007230758667, 1.1359376907348633, 1.1270747184753418, 1.0112979412078857, 0.9298471808433533];395.956148147583
4700;[3.4441146850585938, 2.6134045124053955, 2.9396512508392334, 2.948699474334717, 3.069700241088867, 2.787025213241577];[0.4355427324771881, 0.2996540665626526, 0.44990071654319763, 0.5951229929924011, 0.6183900833129883, 0.5587167143821716];[-2.167985439300537, -1.8352388143539429, -2.2427759170532227, -2.722784996032715, -2.870934009552002, -2.6166162490844727];[1.7570306062698364, 1.5569672584533691, 0.7695437669754028, 0.5609858632087708, 0.6608239412307739];391.5239028930664
4750;[3.427764654159546, 2.54510498046875, 2.6206846237182617, 2.7455341815948486, 2.62589430809021, 2.4837777614593506];[0.43967872858047485, 0.2848632335662842, 0.3963153660297394, 0.4139440059661865, 0.4506559669971466, 0.4302097260951996];[-2.1648216247558594, -1.782092809677124, -2.0668070316314697, -2.196258068084717, -2.341644287109375, -2.275662422180176];[2.127554416656494, 1.1096256971359253, 1.5737240314483643, 0.9379333257675171, 0.9653081297874451];391.1078112125397
4800;[3.6132876873016357, 2.628239631652832, 3.0397675037384033, 3.35994553565979, 3.3376059532165527, 3.4276139736175537];[0.43190473318099976, 0.3276836574077606, 0.5864534974098206, 0.7548563480377197, 0.7712594270706177, 0.8064879179000854];[-2.2278809547424316, -1.9018083810806274, -2.601259708404541, -3.288928747177124, -3.3763861656188965, -3.6412205696105957];[2.310600996017456, 1.8091611862182617, 0.684110164642334, 1.1107293367385864, 0.6888469457626343];396.0259544849396
4850;[3.4939403533935547, 2.708998441696167, 2.8225209712982178, 2.7192599773406982, 2.707212209701538, 2.828993320465088];[0.42048031091690063, 0.31475046277046204, 0.3023214638233185, 0.3438398540019989, 0.41795891523361206, 0.5048485994338989];[-2.1906533241271973, -1.8668102025985718, -1.8702819347381592, -1.895849347114563, -2.1114065647125244, -2.4706640243530273];[2.339017391204834, 2.205749750137329, 1.259918451309204, 1.5147998332977295, 1.4427763223648071];393.2793080806732
4900;[3.500035047531128, 2.6436362266540527, 2.4020464420318604, 2.310983657836914, 2.307560920715332, 2.353506326675415];[0.43954998254776, 0.31280994415283203, 0.2976019084453583, 0.2728276550769806, 0.2666110396385193, 0.2740245759487152];[-2.187502145767212, -1.8994345664978027, -1.8248041868209839, -1.7701054811477661, -1.7944509983062744, -1.8378280401229858];[1.845916986465454, 1.2231273651123047, 1.3267321586608887, 0.9159597158432007, 0.9243927597999573];393.24597549438477
4950;[3.6074352264404297, 3.0294575691223145, 2.56783390045166, 2.5632286071777344, 2.4306576251983643, 2.3093299865722656];[0.4442906975746155, 0.36954471468925476, 0.32123255729675293, 0.31990885734558105, 0.31421709060668945, 0.3097604513168335];[-2.2326273918151855, -2.065887451171875, -1.9583232402801514, -2.0708322525024414, -2.0692198276519775, -2.0240840911865234];[1.675115942955017, 1.169062614440918, 1.3825634717941284, 1.0157333612442017, 0.9490679502487183];392.3982925415039
5000;[3.4515857696533203, 2.8041791915893555, 3.0522661209106445, 2.9632530212402344, 3.028679370880127, 3.0260729789733887];[0.4284898042678833, 0.435287207365036, 0.561801552772522, 0.5501986742019653, 0.5697144865989685, 0.54561448097229];[-2.155395984649658, -2.17515230178833, -2.5803165435791016, -2.5022943019866943, -2.6513242721557617, -2.601661205291748];[1.7947626113891602, 1.179132103919983, 1.0448071956634521, 1.5108153820037842, 1.0999317169189453];391.23490285873413
5050;[3.4448494911193848, 2.513962507247925, 2.4672787189483643, 2.4056754112243652, 2.289336681365967, 2.3098514080047607];[0.42627382278442383, 0.29227760434150696, 0.3649611175060272, 0.3891201913356781, 0.4475577473640442, 0.47396185994148254];[-2.140512466430664, -1.8524807691574097, -2.024205446243286, -2.1201868057250977, -2.2811222076416016, -2.441697359085083];[2.147686243057251, 1.0519897937774658, 0.7849903106689453, 0.8567135334014893, 0.550059974193573];776.8761813640594
5100;[3.3854267597198486, 2.8696439266204834, 2.7549920082092285, 2.564060926437378, 2.4447429180145264, 2.2942419052124023];[0.4483056366443634, 0.3743998110294342, 0.4006214737892151, 0.3581473231315613, 0.3397754430770874, 0.2757069170475006];[-2.1356468200683594, -2.1056559085845947, -2.100493907928467, -1.977052092552185, -1.9025746583938599, -1.745966911315918];[1.9824426174163818, 1.4359970092773438, 1.0428543090820312, 1.028048038482666, 0.9642746448516846];354.6630480289459
5150;[3.388988733291626, 2.696730375289917, 2.366698741912842, 2.500119924545288, 2.468186616897583, 2.345552682876587];[0.42629897594451904, 0.31962332129478455, 0.30701908469200134, 0.3616902530193329, 0.3674553334712982, 0.34227320551872253];[-2.144418954849243, -1.9208273887634277, -1.8340998888015747, -2.179802417755127, -2.2788941860198975, -2.178633451461792];[2.1705217361450195, 1.1135045289993286, 0.8675674200057983, 0.8169698715209961, 0.6458606123924255];348.22506189346313
5200;[3.482097625732422, 2.4845292568206787, 2.422921657562256, 2.6275601387023926, 2.592245578765869, 2.3470981121063232];[0.44505175948143005, 0.29094788432121277, 0.2822245955467224, 0.33628109097480774, 0.34825244545936584, 0.32799050211906433];[-2.1873252391815186, -1.8129372596740723, -1.8544398546218872, -2.1974453926086426, -2.352578639984131, -2.2283763885498047];[1.9833792448043823, 0.9362432360649109, 0.921778678894043, 0.5300528407096863, 0.5765522718429565];357.90852212905884
5250;[3.4543895721435547, 2.5657637119293213, 2.3105180263519287, 2.42215895652771, 2.391644239425659, 2.2497081756591797];[0.4224918782711029, 0.2946789562702179, 0.3001318871974945, 0.3365021347999573, 0.34816011786460876, 0.32158511877059937];[-2.180452346801758, -1.8495774269104004, -1.8911799192428589, -2.1597464084625244, -2.342003583908081, -2.2022359371185303];[1.811647891998291, 1.3752013444900513, 0.7796853184700012, 0.6170947551727295, 0.9109874367713928];364.9022207260132
5300;[3.384072780609131, 2.402851104736328, 2.651226282119751, 2.6618385314941406, 2.413102865219116, 2.360271453857422];[0.43511489033699036, 0.2863931357860565, 0.32830268144607544, 0.3215866982936859, 0.28429174423217773, 0.2653006315231323];[-2.12966251373291, -1.7710636854171753, -1.9296233654022217, -1.9534131288528442, -1.8084437847137451, -1.796077013015747];[1.9882394075393677, 1.547335147857666, 0.8622803092002869, 1.0115479230880737, 1.0631591081619263];388.5847568511963
5350;[3.5128014087677, 2.6837592124938965, 2.8193657398223877, 2.7845194339752197, 2.5626676082611084, 2.724517345428467];[0.43577641248703003, 0.30302560329437256, 0.4577283263206482, 0.5280110836029053, 0.4813765287399292, 0.5577055215835571];[-2.1909666061401367, -1.8628730773925781, -2.2298362255096436, -2.4276607036590576, -2.269521951675415, -2.5695688724517822];[2.1082403659820557, 1.4089292287826538, 1.10456120967865, 0.6545773148536682, 0.7575346231460571];350.54105615615845
5400;[3.4227616786956787, 2.4998836517333984, 2.5082826614379883, 2.489792585372925, 2.2878873348236084, 2.055198907852173];[0.419302374124527, 0.29114627838134766, 0.30592259764671326, 0.3075089752674103, 0.2994716465473175, 0.3182198405265808];[-2.13055157661438, -1.795539140701294, -1.929887294769287, -1.968172550201416, -1.8842151165008545, -1.8718154430389404];[2.0526819229125977, 1.4715856313705444, 0.8981606960296631, 0.6069242358207703, 0.5317957401275635];353.32680654525757
5450;[3.4153659343719482, 2.6822779178619385, 2.508596897125244, 2.346921682357788, 2.2166144847869873, 2.193939447402954];[0.42600539326667786, 0.31502270698547363, 0.29340603947639465, 0.26488861441612244, 0.3101607859134674, 0.3131469190120697];[-2.1372056007385254, -1.8608838319778442, -1.8325496912002563, -1.7265878915786743, -1.7949453592300415, -1.873862624168396];[1.907181978225708, 1.792307734489441, 1.6895989179611206, 1.3436753749847412, 0.794803261756897];431.5697646141052
5500;[3.3816285133361816, 2.5646326541900635, 2.318735361099243, 2.303609848022461, 2.412388801574707, 2.240109920501709];[0.43203434348106384, 0.30056652426719666, 0.2942500710487366, 0.3136690855026245, 0.3507222831249237, 0.33134254813194275];[-2.147369146347046, -1.8628363609313965, -1.868895173072815, -2.055222511291504, -2.3886513710021973, -2.2068593502044678];[2.119170665740967, 0.9863542914390564, 0.7173681855201721, 0.6825302839279175, 0.5388170480728149];367.1167244911194
5550;[3.5486812591552734, 2.7752292156219482, 2.7298057079315186, 2.4671709537506104, 2.462196111679077, 2.2815253734588623];[0.4252362549304962, 0.353812575340271, 0.3819267451763153, 0.32736870646476746, 0.29937544465065, 0.27136874198913574];[-2.1902449131011963, -2.008514881134033, -2.1313672065734863, -1.9666788578033447, -1.9060205221176147, -1.8423751592636108];[2.175292491912842, 1.7867062091827393, 0.8780151605606079, 1.133729100227356, 0.8916617035865784];567.0679774284363
5600;[3.37861967086792, 2.4312057495117188, 2.4623193740844727, 2.0510449409484863, 2.14314341545105, 2.1539018154144287];[0.4175051152706146, 0.264452189207077, 0.2841252386569977, 0.23690542578697205, 0.24737876653671265, 0.24946926534175873];[-2.123978853225708, -1.723885178565979, -1.9033222198486328, -1.6920067071914673, -1.7931514978408813, -1.786433219909668];[1.7785074710845947, 1.3448013067245483, 0.8837835192680359, 0.6561679840087891, 0.494058221578598];351.3172256946564
5650;[3.4458436965942383, 2.5162734985351562, 2.42693829536438, 2.3105690479278564, 2.189344644546509, 2.244603157043457];[0.4161941409111023, 0.2787899076938629, 0.2788500487804413, 0.27464279532432556, 0.25926628708839417, 0.2849377691745758];[-2.1508853435516357, -1.7837225198745728, -1.781846284866333, -1.7677358388900757, -1.7301994562149048, -1.834317922592163];[1.8950427770614624, 1.5912030935287476, 0.9657372236251831, 0.6275020241737366, 0.5285518169403076];504.61737179756165
5700;[3.518735647201538, 2.657125949859619, 2.1795690059661865, 2.2325713634490967, 2.425384521484375, 2.378554105758667];[0.42927441000938416, 0.30983203649520874, 0.26208794116973877, 0.2695435583591461, 0.31068313121795654, 0.29615065455436707];[-2.1884829998016357, -1.8841508626937866, -1.6961678266525269, -1.783266544342041, -1.9452948570251465, -1.9062093496322632];[1.7110340595245361, 1.5472426414489746, 0.9928854703903198, 0.7200202345848083, 0.7093797922134399];358.29675006866455
5750;[3.495710849761963, 2.603065013885498, 2.4419496059417725, 2.3286852836608887, 2.530324697494507, 2.4853827953338623];[0.43353694677352905, 0.3226097524166107, 0.3113221526145935, 0.3049848675727844, 0.35448387265205383, 0.36086833477020264];[-2.173147678375244, -1.8782223463058472, -1.9833630323410034, -1.9486747980117798, -2.222050189971924, -2.3391263484954834];[1.8398971557617188, 1.240903615951538, 1.1252473592758179, 0.6388043165206909, 0.6831802725791931];351.92233419418335
5800;[3.6056039333343506, 2.5438804626464844, 2.3879554271698, 2.1722354888916016, 2.197648048400879, 2.0300629138946533];[0.4248155355453491, 0.2965657711029053, 0.29711824655532837, 0.2625167965888977, 0.27720192074775696, 0.2567961513996124];[-2.218609094619751, -1.841526985168457, -1.9263767004013062, -1.8186326026916504, -1.9003424644470215, -1.8741987943649292];[2.2825520038604736, 0.9932554364204407, 0.9017281532287598, 0.6124966740608215, 0.5189039707183838];350.24154829978943
5850;[3.4156088829040527, 2.8216395378112793, 2.576178789138794, 2.6874539852142334, 2.605118989944458, 2.452761173248291];[0.4235422909259796, 0.3350156247615814, 0.3188270032405853, 0.34585943818092346, 0.32506564259529114, 0.29719278216362];[-2.141894578933716, -1.9894126653671265, -1.8989665508270264, -2.020400285720825, -1.9499913454055786, -1.8714821338653564];[2.212667942047119, 1.3778223991394043, 0.8163995742797852, 1.1250550746917725, 1.091643214225769];399.4675261974335
5900;[3.505112886428833, 2.6555182933807373, 2.5035488605499268, 2.3908815383911133, 2.30448055267334, 2.3822412490844727];[0.42549750208854675, 0.35254597663879395, 0.42907005548477173, 0.44526728987693787, 0.4832693934440613, 0.49437233805656433];[-2.1845786571502686, -2.0271801948547363, -2.251173734664917, -2.343965768814087, -2.4516472816467285, -2.603975772857666];[2.025953769683838, 0.9789393544197083, 0.8923221230506897, 0.5657667517662048, 0.41288939118385315];348.6476788520813
5950;[3.426513195037842, 2.609405517578125, 2.346550703048706, 2.672257423400879, 2.4987659454345703, 2.379990816116333];[0.42651665210723877, 0.30590611696243286, 0.2744971513748169, 0.3128933310508728, 0.2950805127620697, 0.2738957405090332];[-2.1390936374664307, -1.8654325008392334, -1.7289339303970337, -1.9349266290664673, -1.8442398309707642, -1.8044036626815796];[2.344586133956909, 1.4541971683502197, 1.3129552602767944, 0.9474501013755798, 0.9830044507980347];350.2029142379761
6000;[3.5324230194091797, 2.5627694129943848, 2.3098251819610596, 2.3501007556915283, 2.2766366004943848, 2.2758734226226807];[0.4432600140571594, 0.3236214816570282, 0.3765639066696167, 0.4257184863090515, 0.4102254807949066, 0.45494458079338074];[-2.2023110389709473, -1.8995435237884521, -2.030721426010132, -2.2203588485717773, -2.232987880706787, -2.3500521183013916];[2.0971860885620117, 1.2708796262741089, 0.7265894412994385, 0.5974757075309753, 0.7086882591247559];766.2613770961761
6050;[3.525528907775879, 2.7258083820343018, 2.5974957942962646, 2.5293819904327393, 2.4898200035095215, 2.4035308361053467];[0.42639636993408203, 0.33707645535469055, 0.330462247133255, 0.31912463903427124, 0.3275601863861084, 0.32670971751213074];[-2.1861791610717773, -1.9445173740386963, -1.911758303642273, -1.8736237287521362, -1.9233899116516113, -1.8840702772140503];[2.2885799407958984, 1.409827470779419, 0.8369486927986145, 1.2998560667037964, 0.7589587569236755];348.3323018550873
6100;[3.5386545658111572, 2.575831413269043, 2.94876766204834, 2.5625269412994385, 2.474236011505127, 2.5019490718841553];[0.42927420139312744, 0.2962057292461395, 0.426949143409729, 0.4202039837837219, 0.3688141107559204, 0.37599271535873413];[-2.185875177383423, -1.8385658264160156, -2.2997665405273438, -2.204092502593994, -2.072232246398926, -2.162095785140991];[2.3974573612213135, 1.3176398277282715, 0.9382942318916321, 0.790070652961731, 0.8460213541984558];345.01158833503723
6150;[3.391819715499878, 2.6270384788513184, 2.5182039737701416, 2.279601573944092, 2.2535781860351562, 2.310168504714966];[0.4235442280769348, 0.2930060029029846, 0.2825358808040619, 0.2744126617908478, 0.390860378742218, 0.4170280694961548];[-2.118706703186035, -1.826766848564148, -1.828428864479065, -1.7440855503082275, -2.071424722671509, -2.2051947116851807];[1.8492697477340698, 1.5588486194610596, 0.9790134429931641, 0.8857997059822083, 0.645095705986023];348.2768578529358
6200;[3.3767919540405273, 2.6279871463775635, 2.440929889678955, 2.5238184928894043, 2.353858232498169, 2.1679623126983643];[0.4224041700363159, 0.30858537554740906, 0.33092471957206726, 0.3365926444530487, 0.35372617840766907, 0.31039848923683167];[-2.12829852104187, -1.8750094175338745, -1.9419678449630737, -2.0322024822235107, -2.054097890853882, -1.9206418991088867];[1.7229758501052856, 1.6674948930740356, 0.7945137619972229, 0.7986040115356445, 0.8034517765045166];349.76536321640015
6250;[3.4127135276794434, 2.4734599590301514, 2.5535342693328857, 2.273266553878784, 2.1652116775512695, 2.1971981525421143];[0.4282115697860718, 0.30135300755500793, 0.3786543607711792, 0.3546801805496216, 0.38965827226638794, 0.3819563388824463];[-2.147883415222168, -1.8587390184402466, -2.187708854675293, -2.032405138015747, -2.135284423828125, -2.2036664485931396];[2.420210838317871, 1.0786693096160889, 0.6479871869087219, 0.6342461109161377, 0.6516478657722473];354.5246858596802
6300;[3.496427297592163, 2.691429376602173, 2.405242443084717, 2.3754358291625977, 2.2290408611297607, 2.2978832721710205];[0.44612348079681396, 0.29284948110580444, 0.275778204202652, 0.2749170660972595, 0.2567703425884247, 0.2798779010772705];[-2.1842172145843506, -1.8529551029205322, -1.7325799465179443, -1.7565456628799438, -1.7021088600158691, -1.7961665391921997];[2.095818042755127, 1.3219552040100098, 1.138818383216858, 0.9729095697402954, 0.8030341267585754];353.455890417099
6350;[3.510988473892212, 2.8014578819274902, 2.503288745880127, 2.4759681224823, 2.293639659881592, 2.254570960998535];[0.4416903555393219, 0.32159900665283203, 0.2965109348297119, 0.3276069462299347, 0.29120567440986633, 0.30476129055023193];[-2.1968064308166504, -1.949998378753662, -1.8781603574752808, -2.0022809505462646, -1.9095286130905151, -1.9376267194747925];[1.7905837297439575, 1.1478266716003418, 0.5693824291229248, 0.7345947027206421, 0.5606513023376465];599.1428995132446
6400;[3.5146305561065674, 2.6884777545928955, 3.1144192218780518, 3.0051631927490234, 2.9236791133880615, 3.1488912105560303];[0.43778032064437866, 0.3002874255180359, 0.5442891716957092, 0.6206079125404358, 0.678984522819519, 0.7081871628761292];[-2.175811529159546, -1.8665449619293213, -2.632028341293335, -2.8937270641326904, -3.03682017326355, -3.2932217121124268];[1.7086410522460938, 1.2415227890014648, 0.9649508595466614, 0.8468163013458252, 0.7995095252990723];643.331983089447
6450;[3.491072177886963, 2.665238618850708, 2.3864803314208984, 2.41298508644104, 2.250957489013672, 2.392808675765991];[0.41797226667404175, 0.3046148121356964, 0.28718844056129456, 0.3125078082084656, 0.2999478876590729, 0.3203762173652649];[-2.1565778255462646, -1.9025646448135376, -1.8236103057861328, -1.9768211841583252, -1.959954023361206, -2.109405279159546];[2.3458046913146973, 1.3483335971832275, 0.7747169137001038, 0.766876757144928, 0.6660080552101135];352.5276427268982
6500;[3.45418643951416, 2.890523910522461, 3.035808563232422, 3.054088592529297, 3.175503730773926, 3.3145017623901367];[0.42215070128440857, 0.3824329078197479, 0.5536049008369446, 0.6010909080505371, 0.6664013862609863, 0.7117005586624146];[-2.1604888439178467, -2.098733901977539, -2.5664424896240234, -2.7039246559143066, -3.029975175857544, -3.3686702251434326];[2.1987226009368896, 1.6506375074386597, 1.2402986288070679, 0.7653370499610901, 0.8430352807044983];355.3317222595215
6550;[3.4759461879730225, 2.8715693950653076, 2.4900317192077637, 2.6253395080566406, 2.452083110809326, 2.2631826400756836];[0.43682122230529785, 0.3473536968231201, 0.30742594599723816, 0.3048796057701111, 0.25568467378616333, 0.24992559850215912];[-2.1770341396331787, -2.027092456817627, -1.8342435359954834, -1.9208015203475952, -1.7875407934188843, -1.7066051959991455];[1.9773666858673096, 1.7865629196166992, 1.0331010818481445, 0.9385942220687866, 0.7870948910713196];359.03104066848755
6600;[3.4148435592651367, 2.6743357181549072, 2.3952813148498535, 2.5889363288879395, 2.385793685913086, 2.394752264022827];[0.4393862783908844, 0.30136993527412415, 0.3192296028137207, 0.34026917815208435, 0.3025054335594177, 0.2898499667644501];[-2.1478524208068848, -1.856173038482666, -1.8414270877838135, -1.9781575202941895, -1.843571424484253, -1.820043683052063];[1.649212121963501, 1.332421898841858, 1.0462673902511597, 0.8718075156211853, 0.8251764178276062];350.02947974205017
6650;[3.355729818344116, 2.6715927124023438, 2.7682974338531494, 2.8540937900543213, 2.966501474380493, 3.1082072257995605];[0.4229552149772644, 0.30683714151382446, 0.45160430669784546, 0.5541356801986694, 0.6275666952133179, 0.676179826259613];[-2.1251649856567383, -1.8677974939346313, -2.206674575805664, -2.5677387714385986, -2.8663244247436523, -3.1268818378448486];[1.7705093622207642, 1.686579704284668, 1.1733959913253784, 0.7094974517822266, 0.722240686416626];374.5147850513458
6700;[3.38685941696167, 2.5830698013305664, 2.604907751083374, 2.3266425132751465, 2.3673646450042725, 2.4343106746673584];[0.41247639060020447, 0.3036337196826935, 0.29211461544036865, 0.3027512729167938, 0.30868417024612427, 0.321603924036026];[-2.1057310104370117, -1.822269320487976, -1.8492701053619385, -1.792433500289917, -1.81095290184021, -1.879915475845337];[1.8309963941574097, 1.718828558921814, 1.0964951515197754, 0.8526507616043091, 0.9219967126846313];472.41839814186096
6750;[3.471536874771118, 2.696995735168457, 2.437415361404419, 2.247688055038452, 2.3875224590301514, 2.4410297870635986];[0.44458886981010437, 0.30219632387161255, 0.3036401569843292, 0.31869521737098694, 0.3419046103954315, 0.3464886248111725];[-2.16890025138855, -1.8700724840164185, -1.9143378734588623, -1.9407727718353271, -2.1065876483917236, -2.1740665435791016];[1.8302631378173828, 1.3433544635772705, 0.9258002042770386, 0.6875559687614441, 0.5016556978225708];357.71414160728455
6800;[3.47160005569458, 2.9003896713256836, 2.6749069690704346, 2.66963529586792, 2.5090537071228027, 2.784421443939209];[0.42987900972366333, 0.36196932196617126, 0.33973217010498047, 0.33061525225639343, 0.37196552753448486, 0.41769030690193176];[-2.1651411056518555, -2.024648666381836, -1.9211772680282593, -1.9377449750900269, -1.9262171983718872, -2.152750015258789];[2.129347324371338, 1.7871849536895752, 1.4200268983840942, 1.0381438732147217, 0.9593076109886169];358.6182553768158
6850;[3.4110498428344727, 2.5479071140289307, 2.505087375640869, 2.630425214767456, 2.551710605621338, 2.7922022342681885];[0.4251982867717743, 0.3576735556125641, 0.4360858201980591, 0.49988481402397156, 0.5895675420761108, 0.6490238308906555];[-2.153019666671753, -1.967934489250183, -2.2539608478546143, -2.6138052940368652, -2.927501916885376, -3.243886947631836];[2.360945463180542, 1.066688895225525, 0.6091011166572571, 0.47241324186325073, 0.5236265659332275];374.0551562309265
6900;[3.5187079906463623, 2.5917742252349854, 2.519117832183838, 2.2124340534210205, 2.3044018745422363, 1.934598684310913];[0.4233356714248657, 0.30820393562316895, 0.30141565203666687, 0.24423296749591827, 0.2558552920818329, 0.2243867665529251];[-2.2008421421051025, -1.9050883054733276, -1.8831791877746582, -1.6832377910614014, -1.7769943475723267, -1.5947726964950562];[1.6777738332748413, 1.5280967950820923, 0.8470596671104431, 0.8434041738510132, 0.7507200241088867];369.56395268440247
6950;[3.5780582427978516, 2.5441503524780273, 2.5390634536743164, 2.3026225566864014, 2.3862364292144775, 2.27569580078125];[0.42360320687294006, 0.3006642758846283, 0.3305307626724243, 0.27725130319595337, 0.2936027944087982, 0.28331491351127625];[-2.2075297832489014, -1.8529690504074097, -1.994408130645752, -1.815256953239441, -1.920343279838562, -1.870536208152771];[1.7697734832763672, 1.4607348442077637, 0.7146649360656738, 0.6434112787246704, 0.6228592395782471];359.2779653072357
7000;[3.4158263206481934, 2.5729212760925293, 2.7498347759246826, 2.793783187866211, 2.4259066581726074, 2.707179546356201];[0.4285704493522644, 0.29285550117492676, 0.3262876868247986, 0.31222617626190186, 0.2755255401134491, 0.3507387936115265];[-2.149294376373291, -1.8061573505401611, -1.9513314962387085, -1.9469882249832153, -1.7627533674240112, -2.006314992904663];[2.128499984741211, 1.3620253801345825, 0.9999752044677734, 0.9018229842185974, 1.0927541255950928];386.21547269821167
7050;[3.4300379753112793, 2.472259283065796, 2.30230975151062, 2.395473003387451, 2.3610830307006836, 2.4321537017822266];[0.4253702163696289, 0.33540597558021545, 0.3204336166381836, 0.33739742636680603, 0.33658450841903687, 0.36535918712615967];[-2.1517746448516846, -1.9071580171585083, -1.9366123676300049, -2.0829694271087646, -2.193129062652588, -2.1910207271575928];[2.4701735973358154, 0.8449649810791016, 0.761221706867218, 0.571804940700531, 0.41870415210723877];352.5387761592865
7100;[3.410305976867676, 2.479637384414673, 2.6724565029144287, 2.4381821155548096, 2.575413465499878, 2.5854976177215576];[0.4376327693462372, 0.2958412766456604, 0.3772820830345154, 0.3520445227622986, 0.3690440058708191, 0.38862884044647217];[-2.152648448944092, -1.809608817100525, -2.136925220489502, -2.020977258682251, -2.1935672760009766, -2.2877016067504883];[2.0218091011047363, 1.4948811531066895, 0.9896357655525208, 0.7861996293067932, 0.4972492456436157];350.4487056732178
7150;[3.5161335468292236, 2.7006781101226807, 2.6800973415374756, 2.298478603363037, 2.3402676582336426, 2.2024037837982178];[0.43235188722610474, 0.30349501967430115, 0.32367604970932007, 0.2794753909111023, 0.2781716287136078, 0.2501039206981659];[-2.1999800205230713, -1.8623734712600708, -1.9400898218154907, -1.7850024700164795, -1.8169680833816528, -1.758264422416687];[2.3710482120513916, 2.2713096141815186, 0.9404397010803223, 0.740164577960968, 0.5945382118225098];353.21367931365967
7200;[3.5014235973358154, 2.6550257205963135, 2.5594682693481445, 2.4332265853881836, 2.427680492401123, 2.3639910221099854];[0.4243478775024414, 0.3310890793800354, 0.3596232235431671, 0.3457067906856537, 0.31933242082595825, 0.3233990967273712];[-2.1711623668670654, -1.9218266010284424, -1.9984064102172852, -1.9490785598754883, -1.8817890882492065, -1.9093130826950073];[2.87492299079895, 1.4138436317443848, 1.2359156608581543, 0.8617694973945618, 0.8964064121246338];431.731262922287
7250;[3.41520094871521, 2.375906229019165, 2.366629123687744, 2.3433470726013184, 2.367934465408325, 2.2923355102539062];[0.43882137537002563, 0.2887628972530365, 0.2788480520248413, 0.2921046018600464, 0.28558647632598877, 0.28280124068260193];[-2.163580894470215, -1.759416103363037, -1.8560802936553955, -1.8927665948867798, -1.8904470205307007, -1.886650562286377];[2.0189547538757324, 1.4416407346725464, 0.9890673160552979, 0.7741042375564575, 0.6377184391021729];493.0165009498596
7300;[3.3458776473999023, 2.586007833480835, 2.1886086463928223, 2.372934341430664, 2.225940465927124, 2.029672145843506];[0.4245806336402893, 0.301704078912735, 0.2480413317680359, 0.28551632165908813, 0.278251975774765, 0.25866425037384033];[-2.1103062629699707, -1.8740720748901367, -1.6658076047897339, -1.8426743745803833, -1.8092772960662842, -1.701496958732605];[1.9135574102401733, 1.6376034021377563, 0.865530788898468, 0.6245136260986328, 0.6610404253005981];356.79606556892395
7350;[3.397529125213623, 2.807154893875122, 2.6216604709625244, 2.4959487915039062, 2.2004761695861816, 2.359816789627075];[0.42025071382522583, 0.3442049026489258, 0.3301692008972168, 0.3158892095088959, 0.26997315883636475, 0.33106258511543274];[-2.1386537551879883, -2.045032501220703, -1.9839286804199219, -2.0161514282226562, -1.7768537998199463, -1.9985432624816895];[2.338780403137207, 1.2826846837997437, 1.116892695426941, 0.9266370534896851, 0.6759187579154968];594.730607509613
7400;[3.4258272647857666, 2.6188652515411377, 2.4185631275177, 2.4681034088134766, 2.5468955039978027, 2.546527624130249];[0.42250290513038635, 0.27990055084228516, 0.2761724591255188, 0.29880571365356445, 0.3135632574558258, 0.3327196538448334];[-2.1374926567077637, -1.8159470558166504, -1.7988836765289307, -1.885081171989441, -2.027859687805176, -2.111591339111328];[1.9639536142349243, 1.2244055271148682, 1.3006763458251953, 1.1721028089523315, 0.9094467163085938];365.59136724472046
7450;[3.468332529067993, 2.80771541595459, 2.5242927074432373, 2.891721487045288, 2.7493505477905273, 2.3124911785125732];[0.4213467240333557, 0.3525450527667999, 0.34700098633766174, 0.4446822702884674, 0.42782139778137207, 0.35872986912727356];[-2.1579253673553467, -2.033125877380371, -1.9862380027770996, -2.4051623344421387, -2.2753849029541016, -2.020632028579712];[2.219223737716675, 1.3824721574783325, 1.2557545900344849, 0.7515319585800171, 0.5764670372009277];351.13878321647644
7500;[3.5145277976989746, 2.6202595233917236, 2.4527249336242676, 2.382418155670166, 2.3324289321899414, 2.2997663021087646];[0.4435330033302307, 0.30025050044059753, 0.30543071031570435, 0.32959839701652527, 0.33210766315460205, 0.3419573903083801];[-2.1853690147399902, -1.872466802597046, -1.889959454536438, -1.9439557790756226, -2.054611921310425, -2.0687599182128906];[2.511080026626587, 1.10317063331604, 0.9735852479934692, 0.7948586344718933, 0.5929260849952698];736.6159172058105
7550;[3.49364972114563, 2.5238778591156006, 2.3278696537017822, 2.289625644683838, 2.3382813930511475, 2.231171131134033];[0.4522863030433655, 0.3586629331111908, 0.2889723777770996, 0.2901466488838196, 0.33013013005256653, 0.3040081560611725];[-2.174058675765991, -1.922519564628601, -1.8473833799362183, -1.8716585636138916, -2.0312044620513916, -1.9692715406417847];[1.7627569437026978, 1.2566907405853271, 0.7663733959197998, 0.6628931760787964, 0.6145036816596985];358.70575761795044
7600;[3.4201762676239014, 2.635956048965454, 2.8235788345336914, 2.9143731594085693, 2.790292978286743, 2.86444091796875];[0.42099300026893616, 0.2968379855155945, 0.4578133225440979, 0.4895433187484741, 0.4493361711502075, 0.43951690196990967];[-2.1503331661224365, -1.85234797000885, -2.420309543609619, -2.596658945083618, -2.607062816619873, -2.7728936672210693];[2.3020119667053223, 1.3060626983642578, 0.8636417984962463, 0.7754990458488464, 0.6862614750862122];354.3873109817505
7650;[3.324361801147461, 2.5389420986175537, 2.3630175590515137, 2.383974313735962, 2.2508316040039062, 2.3150815963745117];[0.4284830391407013, 0.31832489371299744, 0.30821651220321655, 0.3409871757030487, 0.3275867998600006, 0.35420772433280945];[-2.116255283355713, -1.895574927330017, -1.9299086332321167, -2.1909985542297363, -2.15795636177063, -2.4034030437469482];[1.9050005674362183, 1.0207042694091797, 0.7877623438835144, 0.5558376312255859, 0.48668137192726135];426.69904041290283
7700;[3.4914183616638184, 2.7799293994903564, 2.4463164806365967, 2.4167749881744385, 2.4203052520751953, 2.365971565246582];[0.4202416241168976, 0.3274487257003784, 0.28183287382125854, 0.2993467450141907, 0.3428609073162079, 0.3520175516605377];[-2.1748931407928467, -1.9620720148086548, -1.7814834117889404, -1.8769655227661133, -1.970821499824524, -2.0327694416046143];[2.2918455600738525, 1.1652086973190308, 0.9325002431869507, 0.8933080434799194, 0.6247686743736267];512.8600323200226
7750;[3.4902026653289795, 2.756972312927246, 2.548156976699829, 2.6361632347106934, 2.226104974746704, 2.4533369541168213];[0.43585360050201416, 0.361610472202301, 0.3104853630065918, 0.29601916670799255, 0.29578083753585815, 0.3616156280040741];[-2.162146806716919, -2.0111992359161377, -1.8804736137390137, -1.8989524841308594, -1.7669199705123901, -1.9983552694320679];[2.2937874794006348, 1.322285532951355, 0.9901609420776367, 1.1562683582305908, 0.8113526105880737];361.42252683639526
7800;[3.500040292739868, 2.6791024208068848, 2.7576537132263184, 2.3799307346343994, 2.3630757331848145, 2.1843643188476562];[0.4382328689098358, 0.32136279344558716, 0.3777029812335968, 0.331426739692688, 0.28642475605010986, 0.24782124161720276];[-2.187696695327759, -1.903191328048706, -2.124241590499878, -1.9655697345733643, -1.885900616645813, -1.7337642908096313];[1.960146427154541, 1.4419915676116943, 0.8920362591743469, 0.7519125938415527, 0.7747647762298584];362.3734064102173
7850;[3.4770216941833496, 2.609257221221924, 2.554464817047119, 2.423898458480835, 2.31111741065979, 2.3223514556884766];[0.4325808882713318, 0.3052771985530853, 0.28621742129325867, 0.27372294664382935, 0.2561526298522949, 0.2802894413471222];[-2.1807198524475098, -1.8981871604919434, -1.8525073528289795, -1.8472727537155151, -1.7727386951446533, -1.8336479663848877];[2.1716115474700928, 1.0750927925109863, 0.900948166847229, 0.8527208566665649, 0.8397195339202881];359.8391172885895
7900;[3.4245622158050537, 2.6130175590515137, 2.4018137454986572, 2.358944892883301, 2.1000945568084717, 2.23860502243042];[0.4227728843688965, 0.30480679869651794, 0.28565162420272827, 0.2839699685573578, 0.2537732422351837, 0.2968309819698334];[-2.167055368423462, -1.898156762123108, -1.8480457067489624, -1.8684298992156982, -1.732136845588684, -2.015756130218506];[1.9976818561553955, 1.3282289505004883, 0.8723002672195435, 0.893855094909668, 0.7038460373878479];354.5979599952698
7950;[3.5208237171173096, 2.6190450191497803, 2.736558198928833, 2.6870577335357666, 2.412520408630371, 2.4195311069488525];[0.4353019595146179, 0.32377889752388, 0.4816772937774658, 0.4430243968963623, 0.39586761593818665, 0.37228819727897644];[-2.2185897827148438, -1.8751095533370972, -2.34696102142334, -2.290802478790283, -2.1119766235351562, -2.0554535388946533];[2.103226661682129, 1.298423409461975, 0.9003140926361084, 0.7806965112686157, 0.6987193822860718];376.2151334285736
8000;[3.4087133407592773, 2.6030938625335693, 2.6166369915008545, 2.7427103519439697, 2.417191505432129, 2.7574751377105713];[0.4271165132522583, 0.2980552613735199, 0.4104909896850586, 0.45958244800567627, 0.39994174242019653, 0.4549054503440857];[-2.1349101066589355, -1.8539680242538452, -2.230118989944458, -2.3440778255462646, -2.121098518371582, -2.426060438156128];[1.9384679794311523, 1.3282101154327393, 0.9965891242027283, 0.7185628414154053, 0.9344607591629028];350.73919892311096
8050;[3.4201412200927734, 2.619586944580078, 2.677086353302002, 2.851113796234131, 2.5296082496643066, 2.317093849182129];[0.4235568046569824, 0.3087081015110016, 0.42449134588241577, 0.46922197937965393, 0.40864285826683044, 0.31913816928863525];[-2.152250289916992, -1.8507457971572876, -2.2014434337615967, -2.4859259128570557, -2.2659711837768555, -2.052165985107422];[1.7531520128250122, 1.5987918376922607, 0.7803049087524414, 0.7592784762382507, 0.595195472240448];359.66215777397156
8100;[3.4205591678619385, 2.5656871795654297, 2.301025152206421, 2.400189161300659, 2.3916590213775635, 2.386183500289917];[0.42028412222862244, 0.2984131872653961, 0.2900254428386688, 0.32378122210502625, 0.41155096888542175, 0.440460205078125];[-2.1421473026275635, -1.8542903661727905, -1.7873996496200562, -1.9437199831008911, -2.181637763977051, -2.3053853511810303];[1.7728633880615234, 1.2618435621261597, 0.7773419618606567, 0.7662438154220581, 0.7982574105262756];532.4209969043732
8150;[3.483809471130371, 2.412616014480591, 2.305387258529663, 2.1729652881622314, 2.1677324771881104, 2.0406463146209717];[0.4155814051628113, 0.2929898798465729, 0.26441827416419983, 0.27434271574020386, 0.31965988874435425, 0.29925450682640076];[-2.1490190029144287, -1.7992432117462158, -1.8297843933105469, -1.7899304628372192, -1.9102920293807983, -1.878966212272644];[1.9921631813049316, 1.5010581016540527, 0.608457624912262, 0.7012194395065308, 0.628260612487793];458.2474365234375
8200;[3.4265542030334473, 2.8218419551849365, 2.8272202014923096, 2.6223082542419434, 2.3525426387786865, 2.3530213832855225];[0.44222769141197205, 0.3529151976108551, 0.34755393862724304, 0.3063422739505768, 0.25745657086372375, 0.3140634298324585];[-2.1642885208129883, -2.0106470584869385, -2.0657365322113037, -1.9696885347366333, -1.738752007484436, -1.89370596408844];[2.0633890628814697, 1.4332717657089233, 0.9493806958198547, 0.9689770936965942, 0.9291650652885437];359.9219229221344
8250;[3.5096325874328613, 2.6883647441864014, 2.400519609451294, 2.6422719955444336, 2.570600986480713, 2.5509698390960693];[0.4265439808368683, 0.33112576603889465, 0.3022724986076355, 0.3735966682434082, 0.3391440212726593, 0.32062238454818726];[-2.200293779373169, -1.9258641004562378, -1.7951496839523315, -2.152003288269043, -2.0039398670196533, -1.9596338272094727];[2.0000593662261963, 1.3564715385437012, 1.0502699613571167, 1.0911329984664917, 0.8165231943130493];592.7142627239227
8300;[3.419157028198242, 2.4411518573760986, 2.444880723953247, 2.398407220840454, 2.426731824874878, 2.2324259281158447];[0.44192126393318176, 0.28047317266464233, 0.28386104106903076, 0.2731596827507019, 0.2800636887550354, 0.2686305344104767];[-2.1562514305114746, -1.7775334119796753, -1.8479877710342407, -1.804373025894165, -1.9175028800964355, -1.8183636665344238];[2.078947067260742, 1.2766084671020508, 0.8212400674819946, 1.1018388271331787, 0.6594383120536804];367.0481872558594
8350;[3.440568208694458, 2.797858715057373, 2.4990015029907227, 2.4682774543762207, 2.398905038833618, 2.5032753944396973];[0.4387984573841095, 0.34868088364601135, 0.3384517431259155, 0.321417897939682, 0.31923532485961914, 0.31564080715179443];[-2.1828620433807373, -2.008167266845703, -1.9564080238342285, -1.9769790172576904, -2.0066826343536377, -2.0661702156066895];[2.429957866668701, 1.1055220365524292, 0.8908913135528564, 0.7169087529182434, 0.7048203349113464];350.94760632514954
8400;[3.4663591384887695, 2.567795753479004, 2.6217539310455322, 2.678234338760376, 2.440584897994995, 2.600046157836914];[0.42127275466918945, 0.32022109627723694, 0.3577938973903656, 0.3677694797515869, 0.32599693536758423, 0.3557029366493225];[-2.1589677333831787, -1.8696051836013794, -2.023249626159668, -2.1727821826934814, -2.033276319503784, -2.248777151107788];[1.8508412837982178, 1.1742122173309326, 0.9991074204444885, 0.8662416934967041, 0.8174583315849304];526.2604444026947
8450;[3.5360963344573975, 2.861337423324585, 3.3182790279388428, 3.656144142150879, 3.4564273357391357, 3.486177921295166];[0.43971049785614014, 0.3684614896774292, 0.6592862010002136, 0.7890642285346985, 0.8085240125656128, 0.7816925048828125];[-2.192559242248535, -2.056144952774048, -2.9732255935668945, -3.6897919178009033, -3.860147476196289, -3.85811710357666];[2.1563942432403564, 1.3092801570892334, 0.847436785697937, 1.003466010093689, 0.7317010164260864];348.5261855125427
8500;[3.4333226680755615, 2.7220966815948486, 2.7359535694122314, 2.583242177963257, 2.559999465942383, 2.5554380416870117];[0.43046343326568604, 0.325764924287796, 0.34502190351486206, 0.31089186668395996, 0.2746485769748688, 0.27278611063957214];[-2.172778844833374, -1.9511148929595947, -1.9860429763793945, -1.884450912475586, -1.8085618019104004, -1.8048442602157593];[1.9664679765701294, 1.5057570934295654, 1.514634132385254, 1.1722983121871948, 1.1546088457107544];354.27004170417786
8550;[3.4510583877563477, 2.4758012294769287, 2.4050796031951904, 2.3198513984680176, 2.253973960876465, 2.36177921295166];[0.429423451423645, 0.27436742186546326, 0.26686403155326843, 0.30811232328414917, 0.35648298263549805, 0.37250006198883057];[-2.1546132564544678, -1.7578853368759155, -1.783445119857788, -1.8608742952346802, -2.010347366333008, -2.113110065460205];[1.8403490781784058, 1.1731281280517578, 0.6791365742683411, 0.7402734160423279, 0.6145645380020142];363.4552779197693
8600;[3.537524700164795, 2.700632333755493, 2.931063413619995, 2.639636278152466, 2.6219966411590576, 2.5516533851623535];[0.4289161264896393, 0.3336317241191864, 0.38486355543136597, 0.34115102887153625, 0.3328923285007477, 0.3266471028327942];[-2.2009687423706055, -1.9080703258514404, -2.15726637840271, -2.0273690223693848, -2.039072036743164, -2.059089183807373];[1.999126672744751, 1.515492558479309, 1.2556109428405762, 1.1239731311798096, 0.7308018207550049];360.80826687812805
8650;[3.4902520179748535, 2.949458599090576, 2.5443167686462402, 2.4263970851898193, 2.4094152450561523, 2.294271945953369];[0.4298435151576996, 0.37600940465927124, 0.329992413520813, 0.270631343126297, 0.276186466217041, 0.25713837146759033];[-2.1816182136535645, -2.0771777629852295, -1.8842084407806396, -1.7716155052185059, -1.8199800252914429, -1.7666263580322266];[2.529330015182495, 1.4570496082305908, 1.7388570308685303, 1.191058874130249, 1.0576090812683105];640.5028760433197
8700;[3.4459896087646484, 2.527339458465576, 2.4002938270568848, 2.227226972579956, 2.2883310317993164, 2.2987582683563232];[0.4349559545516968, 0.28270360827445984, 0.2522822320461273, 0.24009601771831512, 0.26283660531044006, 0.3193987309932709];[-2.1800506114959717, -1.7626404762268066, -1.7247194051742554, -1.6583678722381592, -1.770081639289856, -1.9165747165679932];[1.5841234922409058, 1.8069965839385986, 0.9810887575149536, 1.012141466140747, 0.7442236542701721];355.2846522331238
8750;[3.5104923248291016, 2.545746326446533, 2.605205535888672, 2.6951005458831787, 2.598073959350586, 2.49436092376709];[0.43076255917549133, 0.2994104027748108, 0.39617490768432617, 0.3916972279548645, 0.36918526887893677, 0.36049455404281616];[-2.1839663982391357, -1.8501354455947876, -2.2402751445770264, -2.3225197792053223, -2.2868313789367676, -2.282576322555542];[1.8938250541687012, 1.1873291730880737, 0.8189387321472168, 0.6565287113189697, 0.8813363313674927];352.93845796585083
8800;[3.4627010822296143, 2.6210873126983643, 2.5327470302581787, 2.355125904083252, 2.116347551345825, 2.233259677886963];[0.42997217178344727, 0.31125327944755554, 0.3102364242076874, 0.31785762310028076, 0.304960697889328, 0.35168129205703735];[-2.172520637512207, -1.8913406133651733, -1.9237782955169678, -1.9616711139678955, -1.8551239967346191, -2.042487382888794];[1.8158717155456543, 1.3551429510116577, 0.7876425385475159, 0.7823506593704224, 0.7553289532661438];354.63713788986206
8850;[3.55043625831604, 2.4908971786499023, 2.4472525119781494, 2.3775246143341064, 2.5814313888549805, 2.30549955368042];[0.4316394031047821, 0.3127390742301941, 0.29641780257225037, 0.29393553733825684, 0.3333277702331543, 0.2979935109615326];[-2.1970880031585693, -1.865700364112854, -1.9136545658111572, -1.92604660987854, -2.160922050476074, -1.9462751150131226];[1.8502793312072754, 1.0283721685409546, 0.8213720917701721, 0.7696731090545654, 0.5293660163879395];352.8158059120178
8900;[3.452826499938965, 2.5529356002807617, 2.531299352645874, 2.5285987854003906, 2.3984785079956055, 2.4356045722961426];[0.42510244250297546, 0.3322003185749054, 0.3796464800834656, 0.38810741901397705, 0.39650774002075195, 0.35409191250801086];[-2.1639912128448486, -1.891309380531311, -2.0482606887817383, -2.1544885635375977, -2.1634976863861084, -2.117471933364868];[1.926674246788025, 1.1523263454437256, 0.7269614934921265, 0.7968723773956299, 0.7651423811912537];367.29108691215515
8950;[3.367286443710327, 2.6575865745544434, 2.6107168197631836, 2.466160774230957, 2.5649797916412354, 2.489774227142334];[0.43160152435302734, 0.31789952516555786, 0.32445332407951355, 0.3024388551712036, 0.2979505658149719, 0.26757779717445374];[-2.137305974960327, -1.865187168121338, -1.8991689682006836, -1.8217860460281372, -1.8576866388320923, -1.7837969064712524];[2.027977228164673, 1.7831640243530273, 1.174781322479248, 1.0154292583465576, 0.9648371338844299];354.81871795654297
9000;[3.509927272796631, 2.680814266204834, 2.9295284748077393, 2.8693013191223145, 2.7008626461029053, 2.6147708892822266];[0.43090856075286865, 0.32998502254486084, 0.5066584348678589, 0.4989379048347473, 0.45902854204177856, 0.40816548466682434];[-2.1901438236236572, -1.937654972076416, -2.521768569946289, -2.5538625717163086, -2.3985016345977783, -2.262826681137085];[2.10575795173645, 1.4064594507217407, 0.8946388363838196, 1.0870778560638428, 0.7218598127365112];364.9070899486542
9050;[3.5327253341674805, 2.66760516166687, 2.375218152999878, 2.505204200744629, 2.3473057746887207, 2.1474807262420654];[0.42746472358703613, 0.30357179045677185, 0.2843882739543915, 0.3162950277328491, 0.30866655707359314, 0.28511741757392883];[-2.1952664852142334, -1.913543462753296, -1.8297425508499146, -2.023158073425293, -2.0354645252227783, -1.9164491891860962];[2.224886655807495, 1.235880732536316, 0.7276808023452759, 0.7047008872032166, 0.5932518243789673];349.49916887283325
9100;[3.367696523666382, 2.3912646770477295, 2.4511094093322754, 2.540881633758545, 2.4293105602264404, 2.287672996520996];[0.4286576509475708, 0.2792057394981384, 0.3127220571041107, 0.31190305948257446, 0.28964608907699585, 0.28304553031921387];[-2.1440486907958984, -1.7799017429351807, -1.9649289846420288, -2.0189239978790283, -1.9459528923034668, -1.956526756286621];[2.080857276916504, 1.421440601348877, 0.9644810557365417, 0.7604573965072632, 0.6368048787117004];351.43860602378845
9150;[3.388803243637085, 2.7405083179473877, 2.4432666301727295, 2.30096697807312, 2.3155062198638916, 2.259932041168213];[0.4229702651500702, 0.2990979850292206, 0.2845817804336548, 0.24611492455005646, 0.2635042667388916, 0.26283136010169983];[-2.1374030113220215, -1.8848627805709839, -1.7861344814300537, -1.7282898426055908, -1.7669389247894287, -1.770406723022461];[1.6824796199798584, 1.7175805568695068, 1.1739317178726196, 1.0151517391204834, 0.8066580891609192];356.124135017395
9200;[3.5300161838531494, 2.618541717529297, 2.3701088428497314, 2.3145718574523926, 2.2827861309051514, 2.0172579288482666];[0.4437246024608612, 0.2988618016242981, 0.28348037600517273, 0.2864624559879303, 0.28854256868362427, 0.27100253105163574];[-2.2258903980255127, -1.8748739957809448, -1.8271933794021606, -1.8846021890640259, -1.9298431873321533, -1.8138889074325562];[1.7068454027175903, 1.396081566810608, 0.9285266995429993, 0.5122540593147278, 0.5972834229469299];354.41359639167786
9250;[3.492786407470703, 2.454428195953369, 2.439035177230835, 2.204223871231079, 2.1299619674682617, 2.3033242225646973];[0.4328988194465637, 0.27944380044937134, 0.2957232594490051, 0.2721509635448456, 0.2586032748222351, 0.28611084818840027];[-2.1787405014038086, -1.7717453241348267, -1.8949148654937744, -1.8362916707992554, -1.7648299932479858, -1.9012236595153809];[2.3325366973876953, 1.1212198734283447, 0.686960756778717, 0.5673054456710815, 0.5609092116355896];359.1673276424408
9300;[3.4580459594726562, 2.414447069168091, 2.3087520599365234, 2.412975549697876, 2.3161885738372803, 2.4326772689819336];[0.427882581949234, 0.27181994915008545, 0.26901790499687195, 0.3109532296657562, 0.34074655175209045, 0.43709200620651245];[-2.165567636489868, -1.7520498037338257, -1.7603237628936768, -1.9182838201522827, -1.981844425201416, -2.280744791030884];[1.6938385963439941, 1.402988314628601, 0.9794142246246338, 0.8576271533966064, 0.7211610674858093];354.6073076725006
9350;[3.5503883361816406, 2.638667106628418, 2.237262725830078, 2.5371739864349365, 2.4062483310699463, 2.3970882892608643];[0.4310784637928009, 0.3100925385951996, 0.28715288639068604, 0.3211480677127838, 0.3100565969944, 0.3310696482658386];[-2.1908836364746094, -1.9144108295440674, -1.8580479621887207, -2.071932554244995, -2.042281150817871, -2.1324548721313477];[1.937963604927063, 1.1232340335845947, 0.812057614326477, 0.6605198383331299, 0.5970340371131897];358.3413133621216
9400;[3.467446804046631, 2.523089647293091, 2.5162625312805176, 2.2587361335754395, 2.2504196166992188, 2.3768746852874756];[0.43217605352401733, 0.29371559619903564, 0.3233150839805603, 0.27685242891311646, 0.2969888746738434, 0.3247540295124054];[-2.187335252761841, -1.8531359434127808, -2.0302047729492188, -1.8617537021636963, -1.9344409704208374, -2.049028158187866];[2.138896942138672, 1.070801854133606, 0.6048932075500488, 0.6981284022331238, 0.47528746724128723];358.61554622650146
9450;[3.485985040664673, 2.4178409576416016, 2.789069414138794, 2.402539014816284, 2.5545613765716553, 2.1223013401031494];[0.4293910562992096, 0.2622383236885071, 0.3805885314941406, 0.33898237347602844, 0.34952491521835327, 0.26088351011276245];[-2.175292730331421, -1.7004375457763672, -2.110055446624756, -1.9265154600143433, -2.030850887298584, -1.7007237672805786];[1.7142647504806519, 1.2812135219573975, 0.8859494924545288, 0.8576847910881042, 0.8975578546524048];359.79056000709534
9500;[3.4328224658966064, 2.6162919998168945, 2.458944797515869, 2.47312593460083, 2.336179256439209, 2.3624649047851562];[0.4145612120628357, 0.29767483472824097, 0.25930872559547424, 0.2946104109287262, 0.2667030394077301, 0.2809862792491913];[-2.138206720352173, -1.8566685914993286, -1.7423433065414429, -1.8340604305267334, -1.7559741735458374, -1.8215135335922241];[1.7467354536056519, 1.18157958984375, 1.029969573020935, 1.127313494682312, 0.9251465201377869];392.2313542366028
9550;[3.4682490825653076, 2.587658643722534, 2.6185824871063232, 2.3847362995147705, 2.3443703651428223, 2.562199115753174];[0.4244554936885834, 0.32245731353759766, 0.3147921562194824, 0.3001551330089569, 0.2929895520210266, 0.31409892439842224];[-2.1627941131591797, -1.8689554929733276, -1.9116984605789185, -1.8732608556747437, -1.8529232740402222, -1.9639701843261719];[2.035998582839966, 1.4003528356552124, 0.8252080678939819, 0.6372137069702148, 0.791486918926239];349.7408981323242
9600;[3.472961902618408, 2.6070849895477295, 2.7289600372314453, 2.4726192951202393, 2.623110294342041, 2.4623849391937256];[0.4330383241176605, 0.2917960584163666, 0.3954387903213501, 0.3199279308319092, 0.3417993187904358, 0.32028889656066895];[-2.180123805999756, -1.8144909143447876, -2.194474220275879, -2.0010945796966553, -2.117159843444824, -2.0347509384155273];[1.846508502960205, 1.4403486251831055, 0.892942488193512, 0.7541785836219788, 0.6731499433517456];347.82774543762207
9650;[3.451794147491455, 2.71407413482666, 2.368699789047241, 2.4408113956451416, 2.2146904468536377, 2.2581863403320312];[0.42521777749061584, 0.34326183795928955, 0.3164972960948944, 0.2734677195549011, 0.22894449532032013, 0.2665277123451233];[-2.1597330570220947, -1.9604363441467285, -1.8285967111587524, -1.8267852067947388, -1.6682007312774658, -1.7692234516143799];[2.452281951904297, 1.1797764301300049, 1.0951266288757324, 0.8374665379524231, 0.8042570948600769];350.3690710067749
9700;[3.6129822731018066, 2.4868762493133545, 2.755746841430664, 2.5948715209960938, 2.2389492988586426, 2.5991222858428955];[0.4114971458911896, 0.29831641912460327, 0.4437100291252136, 0.40332290530204773, 0.3649458885192871, 0.42184314131736755];[-2.2278079986572266, -1.8096169233322144, -2.220487356185913, -2.1797165870666504, -1.9748739004135132, -2.2862377166748047];[1.9201526641845703, 1.4509330987930298, 0.6627404093742371, 0.9970619082450867, 0.871042788028717];350.7905192375183
9750;[3.4657483100891113, 2.4793202877044678, 2.675375461578369, 2.727649450302124, 2.2995223999023438, 2.4424736499786377];[0.4229542315006256, 0.2934468686580658, 0.35270270705223083, 0.3478691577911377, 0.28555986285209656, 0.2918255627155304];[-2.1522700786590576, -1.8294780254364014, -2.0159356594085693, -2.081834077835083, -1.8123040199279785, -1.890722632408142];[2.055255174636841, 1.4357681274414062, 1.1867165565490723, 0.8949698209762573, 0.7834314107894897];346.39920377731323
9800;[3.4745001792907715, 2.6555306911468506, 2.8178114891052246, 2.8175137042999268, 2.611020088195801, 2.7590126991271973];[0.43103888630867004, 0.29249125719070435, 0.46457603573799133, 0.4909907281398773, 0.4988831877708435, 0.5482361912727356];[-2.180635452270508, -1.830744981765747, -2.256098747253418, -2.3477087020874023, -2.3626708984375, -2.5761606693267822];[2.03851580619812, 1.737021803855896, 1.115891933441162, 0.8293939828872681, 0.6705526113510132];574.4849135875702
9850;[3.5591089725494385, 2.4890971183776855, 2.6775176525115967, 2.4498977661132812, 2.1997439861297607, 2.20698881149292];[0.4267617464065552, 0.2946251630783081, 0.2904426157474518, 0.265079140663147, 0.2562953233718872, 0.27007290720939636];[-2.2096614837646484, -1.78326416015625, -1.8684916496276855, -1.8024917840957642, -1.6913498640060425, -1.7805005311965942];[1.910569667816162, 1.6433345079421997, 1.343031883239746, 0.7706152200698853, 0.6513533592224121];449.44644498825073
9900;[3.3933238983154297, 2.526336431503296, 2.72070050239563, 2.4280261993408203, 2.4848647117614746, 2.673703670501709];[0.43316057324409485, 0.29325205087661743, 0.4129418432712555, 0.39516112208366394, 0.38225057721138, 0.41539525985717773];[-2.1431241035461426, -1.8363544940948486, -2.2109293937683105, -2.1783413887023926, -2.115917444229126, -2.3226468563079834];[2.4598474502563477, 1.2498276233673096, 1.1801573038101196, 0.6533102989196777, 0.7332721948623657];344.86325001716614
9950;[3.403292179107666, 2.7630841732025146, 2.2374963760375977, 2.4928271770477295, 2.2585973739624023, 2.376579523086548];[0.430907279253006, 0.35208162665367126, 0.27074405550956726, 0.2941363751888275, 0.2836129367351532, 0.33068761229515076];[-2.139824628829956, -2.0176010131835938, -1.724251389503479, -1.8753074407577515, -1.8074920177459717, -2.0081441402435303];[2.5736148357391357, 1.3217345476150513, 1.054640293121338, 0.779248833656311, 0.8535825610160828];348.21883940696716
10000;[3.3262155055999756, 2.603461503982544, 2.2792320251464844, 2.3302085399627686, 2.197007656097412, 2.2769761085510254];[0.43026137351989746, 0.29931125044822693, 0.27017316222190857, 0.3044465184211731, 0.31030383706092834, 0.33954906463623047];[-2.11252760887146, -1.881008505821228, -1.7607109546661377, -1.9061002731323242, -1.9033803939819336, -2.0245206356048584];[1.7370479106903076, 1.099735140800476, 0.8359248042106628, 0.8133909106254578, 0.6458696722984314];359.3411977291107
