Seed;RMSE History;MMD History;Log-Likelihood History;Max EIG History;Deployment Time
50;[3.4535317420959473, 3.398139715194702, 3.581723928451538, 3.4758107662200928, 3.377110242843628, 3.4231514930725098];[0.44550904631614685, 0.4180228114128113, 0.46763941645622253, 0.45580554008483887, 0.4166012704372406, 0.4480256736278534];[-2.1841557025909424, -2.123000383377075, -2.2671985626220703, -2.219749689102173, -2.1453819274902344, -2.1968538761138916];[0.06187061592936516, 0.05323223024606705, 0.05429292842745781, 0.052850142121315, 0.05129315331578255];430.8095602989197
100;[3.597290515899658, 3.454557180404663, 3.4612629413604736, 3.648165464401245, 3.6770920753479004, 3.705000162124634];[0.4178268313407898, 0.4158634543418884, 0.41080114245414734, 0.4631941616535187, 0.4623243808746338, 0.44962722063064575];[-2.225539207458496, -2.1470179557800293, -2.1544339656829834, -2.2468111515045166, -2.2715444564819336, -2.2486109733581543];[0.0655156597495079, 0.054546404629945755, 0.056617479771375656, 0.06151845306158066, 0.05269221216440201];431.2124013900757
150;[3.4319088459014893, 3.5556695461273193, 3.613708019256592, 3.598903179168701, 3.5468668937683105, 3.7289702892303467];[0.43440350890159607, 0.4460815489292145, 0.45810988545417786, 0.4348800480365753, 0.40232476592063904, 0.43331286311149597];[-2.1458182334899902, -2.2090001106262207, -2.2182400226593018, -2.2011537551879883, -2.1500320434570312, -2.2091712951660156];[0.06006681174039841, 0.057885292917490005, 0.05633724480867386, 0.053934670984745026, 0.04848966747522354];428.5443961620331
200;[3.4882147312164307, 3.59110689163208, 3.5149803161621094, 3.501906156539917, 3.4384443759918213, 3.691758394241333];[0.43370386958122253, 0.42878952622413635, 0.42975732684135437, 0.4392988979816437, 0.45922666788101196, 0.48097726702690125];[-2.181112289428711, -2.1671648025512695, -2.18537974357605, -2.1948745250701904, -2.1912081241607666, -2.3025522232055664];[0.062077850103378296, 0.07312687486410141, 0.06294406950473785, 0.05723223090171814, 0.060012251138687134];429.3488347530365
250;[3.4891486167907715, 3.2977194786071777, 3.118340253829956, 3.198448896408081, 3.160120964050293, 3.3734335899353027];[0.43905624747276306, 0.4378027319908142, 0.3954733610153198, 0.399007111787796, 0.39561545848846436, 0.4370284676551819];[-2.1856272220611572, -2.1560399532318115, -2.0388495922088623, -2.077096462249756, -2.083275318145752, -2.135014057159424];[0.06077289953827858, 0.06258682906627655, 0.05038653314113617, 0.047558896243572235, 0.0412069596350193];429.12341380119324
300;[3.4684314727783203, 3.604567289352417, 3.660645008087158, 3.960493803024292, 3.992659568786621, 3.88563871383667];[0.433230459690094, 0.47492972016334534, 0.4586681127548218, 0.4974822998046875, 0.4912174940109253, 0.5038511753082275];[-2.175381660461426, -2.2516090869903564, -2.2494935989379883, -2.338006019592285, -2.3590404987335205, -2.37504243850708];[0.05939791351556778, 0.058922179043293, 0.05978197604417801, 0.05659276619553566, 0.052719928324222565];425.13313841819763
350;[3.426074743270874, 3.5818099975585938, 3.4484851360321045, 3.4172158241271973, 3.466088056564331, 3.0646493434906006];[0.4136400818824768, 0.4294479787349701, 0.4392693340778351, 0.43186983466148376, 0.4021919071674347, 0.3435847759246826];[-2.1508469581604004, -2.232684850692749, -2.185023546218872, -2.1883785724639893, -2.154564619064331, -1.9390980005264282];[0.05479623004794121, 0.05614615976810455, 0.05368807539343834, 0.05242614820599556, 0.052091218531131744];431.4101800918579
400;[3.480447769165039, 3.6578550338745117, 3.3913466930389404, 3.543304443359375, 3.6716854572296143, 3.3317089080810547];[0.4406643807888031, 0.46671098470687866, 0.42894330620765686, 0.4312295615673065, 0.4255601167678833, 0.3633282482624054];[-2.1900761127471924, -2.2589306831359863, -2.174976110458374, -2.198664665222168, -2.1903929710388184, -2.0197112560272217];[0.06116157025098801, 0.05441514402627945, 0.06800021976232529, 0.0543842650949955, 0.05367276072502136];429.06994104385376
450;[3.629896402359009, 3.371201515197754, 3.528287410736084, 3.558441638946533, 3.366068124771118, 3.092050552368164];[0.42785149812698364, 0.43989643454551697, 0.45299243927001953, 0.47330138087272644, 0.4196159839630127, 0.38005951046943665];[-2.2236576080322266, -2.1631815433502197, -2.2360219955444336, -2.2900166511535645, -2.1186699867248535, -1.9894838333129883];[0.055468592792749405, 0.05743175745010376, 0.05382588878273964, 0.047786206007003784, 0.05329323559999466];434.41633915901184
500;[3.3648812770843506, 3.2799477577209473, 3.276820421218872, 3.3577420711517334, 3.4245688915252686, 3.1448936462402344];[0.44050097465515137, 0.3990817666053772, 0.3998200297355652, 0.41355374455451965, 0.41807761788368225, 0.3591800630092621];[-2.117938995361328, -2.0928518772125244, -2.1334025859832764, -2.1287920475006104, -2.1734602451324463, -2.007852554321289];[0.06317595392465591, 0.05083269253373146, 0.051501065492630005, 0.051202137023210526, 0.05048348754644394];428.7226912975311
550;[3.362457513809204, 3.445744037628174, 3.6359872817993164, 3.6793620586395264, 3.533438205718994, 3.507948398590088];[0.4273624122142792, 0.43130847811698914, 0.4603651165962219, 0.46618759632110596, 0.4348016381263733, 0.44682776927948];[-2.1138741970062256, -2.1410436630249023, -2.2526888847351074, -2.276648998260498, -2.1988604068756104, -2.209874153137207];[0.05894852429628372, 0.05095289275050163, 0.05550101026892662, 0.06025689095258713, 0.05022130534052849];429.57457542419434
600;[3.4779739379882812, 3.620227098464966, 3.528878927230835, 3.602097272872925, 3.323683500289917, 3.1928796768188477];[0.42433440685272217, 0.43761712312698364, 0.4331095218658447, 0.44186800718307495, 0.3853532075881958, 0.3862352967262268];[-2.1737163066864014, -2.250086784362793, -2.1747450828552246, -2.218719720840454, -2.081376314163208, -2.0410149097442627];[0.05727002024650574, 0.05933962017297745, 0.04864337295293808, 0.05122809484601021, 0.05882824584841728];428.833927154541
650;[3.5407519340515137, 3.4436659812927246, 3.4654572010040283, 3.422605037689209, 3.215012311935425, 3.225003480911255];[0.43656808137893677, 0.46051904559135437, 0.44540736079216003, 0.43220722675323486, 0.4292016625404358, 0.4261380136013031];[-2.2121787071228027, -2.2144699096679688, -2.238178253173828, -2.203683614730835, -2.163290500640869, -2.178055763244629];[0.05783836171030998, 0.04916999116539955, 0.04899684339761734, 0.04846564307808876, 0.05124898999929428];427.4418349266052
700;[3.4655158519744873, 3.3430230617523193, 3.3484392166137695, 3.2982287406921387, 3.0876224040985107, 3.251286506652832];[0.4309043884277344, 0.4040651321411133, 0.38963043689727783, 0.4014645218849182, 0.37190043926239014, 0.3658050298690796];[-2.1853156089782715, -2.095167875289917, -2.0979197025299072, -2.0813746452331543, -1.9492409229278564, -2.0002260208129883];[0.05740179494023323, 0.05091648921370506, 0.04884692654013634, 0.06269300729036331, 0.05606880784034729];428.50226855278015
750;[3.474484443664551, 3.5611660480499268, 3.599991798400879, 3.554027557373047, 3.717275619506836, 3.6880548000335693];[0.4471079111099243, 0.4459303617477417, 0.44619300961494446, 0.4399747848510742, 0.5022850036621094, 0.46403932571411133];[-2.1904795169830322, -2.2273871898651123, -2.2195935249328613, -2.1973674297332764, -2.353437900543213, -2.2724413871765137];[0.06314445286989212, 0.05458283796906471, 0.0569368377327919, 0.04996432736515999, 0.06339613348245621];429.63505959510803
800;[3.5488901138305664, 3.459517002105713, 3.4969639778137207, 3.615760087966919, 3.5426759719848633, 3.604557752609253];[0.4226207137107849, 0.44239309430122375, 0.45242610573768616, 0.44001778960227966, 0.4429885447025299, 0.4317491352558136];[-2.211388349533081, -2.1463377475738525, -2.219151496887207, -2.235090970993042, -2.2021915912628174, -2.1943747997283936];[0.07271194458007812, 0.06018657982349396, 0.057661812752485275, 0.07176592946052551, 0.06386533379554749];431.6211955547333
850;[3.3409130573272705, 3.337446928024292, 3.382171869277954, 3.3824522495269775, 3.4463822841644287, 3.5119428634643555];[0.43717724084854126, 0.4157772362232208, 0.41009607911109924, 0.4101833701133728, 0.4079860746860504, 0.42732304334640503];[-2.1206741333007812, -2.1064178943634033, -2.1310672760009766, -2.138489007949829, -2.1245105266571045, -2.13669753074646];[0.058978475630283356, 0.05277189612388611, 0.056903693825006485, 0.06235621124505997, 0.056701771914958954];427.091406583786
900;[3.5120975971221924, 3.5203983783721924, 3.6901862621307373, 3.6501407623291016, 3.8618552684783936, 3.855207920074463];[0.43827444314956665, 0.4795846939086914, 0.4922293722629547, 0.4700329303741455, 0.4923495948314667, 0.5163885354995728];[-2.1942410469055176, -2.2178738117218018, -2.363356590270996, -2.2734408378601074, -2.3848352432250977, -2.389481544494629];[0.056892964988946915, 0.05062705650925636, 0.047798581421375275, 0.05069985240697861, 0.04936734959483147];432.6227457523346
950;[3.4888288974761963, 3.3712539672851562, 3.506272315979004, 3.5169320106506348, 3.510925769805908, 3.515700101852417];[0.4305139482021332, 0.4165138900279999, 0.4783455729484558, 0.46028169989585876, 0.4632304012775421, 0.42830121517181396];[-2.1909918785095215, -2.1184427738189697, -2.25011944770813, -2.3008954524993896, -2.299459457397461, -2.230064630508423];[0.057378534227609634, 0.057936619967222214, 0.05698651820421219, 0.05612942576408386, 0.04853770136833191];429.2347128391266
1000;[3.4790709018707275, 3.5489563941955566, 3.516342878341675, 3.5058281421661377, 3.4101881980895996, 3.544097661972046];[0.4421994388103485, 0.40518665313720703, 0.45655739307403564, 0.4825049042701721, 0.47491469979286194, 0.4878409206867218];[-2.195986032485962, -2.1638317108154297, -2.246654748916626, -2.275481939315796, -2.238513231277466, -2.339143753051758];[0.06709465384483337, 0.057776570320129395, 0.051949139684438705, 0.054163847118616104, 0.04434451460838318];430.087037563324
1050;[3.4341771602630615, 3.3534953594207764, 3.4405972957611084, 3.470043897628784, 3.593613386154175, 3.455798864364624];[0.4304201006889343, 0.4501059949398041, 0.46630874276161194, 0.4708940088748932, 0.47228631377220154, 0.47800177335739136];[-2.155642032623291, -2.1988205909729004, -2.217082977294922, -2.26424241065979, -2.3067245483398438, -2.2945780754089355];[0.059587262570858, 0.05433814600110054, 0.05221547931432724, 0.049207691103219986, 0.04794527590274811];429.5367636680603
1100;[3.5694146156311035, 3.221083402633667, 3.170661449432373, 3.244049310684204, 3.1271352767944336, 3.3108959197998047];[0.4306790828704834, 0.3998996615409851, 0.39211052656173706, 0.3608498275279999, 0.3635646402835846, 0.3612917959690094];[-2.2354342937469482, -2.05483078956604, -2.0519919395446777, -2.0761423110961914, -2.0003836154937744, -2.05609130859375];[0.06273035705089569, 0.057075414806604385, 0.05078855901956558, 0.054986197501420975, 0.05505776032805443];450.4754168987274
1150;[3.4858319759368896, 3.3902781009674072, 3.467221975326538, 3.6363956928253174, 3.6126322746276855, 3.5763237476348877];[0.43737438321113586, 0.44279929995536804, 0.42873287200927734, 0.43709850311279297, 0.46210891008377075, 0.4504706561565399];[-2.1709494590759277, -2.1757030487060547, -2.18752121925354, -2.2070841789245605, -2.2596263885498047, -2.247589588165283];[0.06813023239374161, 0.055893782526254654, 0.054000988602638245, 0.054895538836717606, 0.05437935143709183];428.5758008956909
1200;[3.437978982925415, 3.4602224826812744, 3.3948159217834473, 3.375251293182373, 3.398780107498169, 3.472822666168213];[0.4222293496131897, 0.4391382038593292, 0.4506548345088959, 0.4128696024417877, 0.4111754894256592, 0.3963720500469208];[-2.1453921794891357, -2.16957688331604, -2.1648330688476562, -2.118264675140381, -2.102795124053955, -2.0992493629455566];[0.060871221125125885, 0.055941302329301834, 0.05375438556075096, 0.0613105371594429, 0.049534764140844345];425.4452474117279
1250;[3.4220948219299316, 3.490981101989746, 3.5068113803863525, 3.2666053771972656, 3.053101062774658, 2.9567699432373047];[0.4305312931537628, 0.4299026131629944, 0.41302117705345154, 0.42396223545074463, 0.3729867935180664, 0.34062036871910095];[-2.1536736488342285, -2.1979386806488037, -2.1841318607330322, -2.12851881980896, -2.0241594314575195, -1.9514365196228027];[0.06602376699447632, 0.05676352232694626, 0.06051446869969368, 0.04886404052376747, 0.04595281928777695];428.48695373535156
1300;[3.4729998111724854, 3.4697890281677246, 3.313419818878174, 3.284719944000244, 3.2176856994628906, 3.2643275260925293];[0.4191039800643921, 0.4324004054069519, 0.4550895392894745, 0.41355395317077637, 0.40792548656463623, 0.3998272716999054];[-2.148639678955078, -2.159815788269043, -2.189692974090576, -2.120407819747925, -2.086329698562622, -2.103342056274414];[0.06459388136863708, 0.057393547147512436, 0.05182778462767601, 0.05048821121454239, 0.04738136753439903];439.16636323928833
1350;[3.4616544246673584, 3.4990150928497314, 3.527984857559204, 3.5914597511291504, 3.4699440002441406, 3.614109516143799];[0.43835362792015076, 0.4697002172470093, 0.4693736732006073, 0.4845961928367615, 0.4537399113178253, 0.4585985839366913];[-2.1895406246185303, -2.221433162689209, -2.2507307529449463, -2.2827115058898926, -2.2148168087005615, -2.284647226333618];[0.06125327944755554, 0.06328161060810089, 0.05341673642396927, 0.07338583469390869, 0.0487997904419899];425.8148076534271
1400;[3.5098540782928467, 3.4501962661743164, 3.4328250885009766, 3.5448873043060303, 3.63743257522583, 3.4811768531799316];[0.44667667150497437, 0.42231935262680054, 0.43789976835250854, 0.4439844489097595, 0.4289671778678894, 0.4248292148113251];[-2.196889638900757, -2.1591124534606934, -2.166752338409424, -2.1832096576690674, -2.1990761756896973, -2.1565239429473877];[0.0646381601691246, 0.0610869824886322, 0.053924739360809326, 0.05619833245873451, 0.052525438368320465];428.99494981765747
1450;[3.398092031478882, 3.47062611579895, 3.6301350593566895, 3.399214029312134, 3.4138033390045166, 3.3669791221618652];[0.4274410307407379, 0.44873926043510437, 0.4435018002986908, 0.42174041271209717, 0.37826985120773315, 0.3664594888687134];[-2.136824607849121, -2.177009105682373, -2.2572715282440186, -2.119175910949707, -2.090419054031372, -2.0793910026550293];[0.05915587767958641, 0.06054282560944557, 0.059886373579502106, 0.06757938116788864, 0.05564924329519272];427.3975148200989
1500;[3.3999791145324707, 3.542281150817871, 3.6961092948913574, 3.854468584060669, 3.9539577960968018, 4.119961261749268];[0.42848700284957886, 0.47957146167755127, 0.4827316403388977, 0.5242156982421875, 0.4961852729320526, 0.5700881481170654];[-2.1453912258148193, -2.2485361099243164, -2.30792236328125, -2.425750970840454, -2.381085157394409, -2.559572696685791];[0.05965080484747887, 0.06520822644233704, 0.05471806973218918, 0.06410136073827744, 0.051997873932123184];431.0189790725708
1550;[3.435685157775879, 3.6036486625671387, 3.5288569927215576, 3.6814494132995605, 3.7129366397857666, 3.8032753467559814];[0.42411941289901733, 0.46325674653053284, 0.46000146865844727, 0.460201621055603, 0.4557616412639618, 0.4918552041053772];[-2.1512887477874756, -2.238041400909424, -2.225432872772217, -2.2584705352783203, -2.266136884689331, -2.3301219940185547];[0.05985133722424507, 0.06337924301624298, 0.050138939172029495, 0.05239105597138405, 0.050070520490407944];430.1751425266266
1600;[3.5344862937927246, 3.470635414123535, 3.4838430881500244, 3.2231626510620117, 3.288710355758667, 3.389728307723999];[0.437140554189682, 0.44041508436203003, 0.43857988715171814, 0.4016568958759308, 0.4246199131011963, 0.41930270195007324];[-2.198368787765503, -2.175524950027466, -2.1711373329162598, -2.068971872329712, -2.144784688949585, -2.1588408946990967];[0.06511618942022324, 0.059765901416540146, 0.061665844172239304, 0.05641718953847885, 0.06318112462759018];432.6610310077667
1650;[3.3729896545410156, 3.5397756099700928, 3.503885507583618, 3.456925392150879, 3.2375526428222656, 3.1028530597686768];[0.4261898100376129, 0.4374031126499176, 0.45593658089637756, 0.45222407579421997, 0.4049451947212219, 0.3768060803413391];[-2.128889560699463, -2.215303897857666, -2.264949321746826, -2.2416648864746094, -2.1065773963928223, -2.0349204540252686];[0.05547994747757912, 0.057948000729084015, 0.050101347267627716, 0.04381139948964119, 0.0402008481323719];431.5775878429413
1700;[3.3907694816589355, 3.5387985706329346, 3.840378999710083, 3.9184958934783936, 3.8882644176483154, 3.7079403400421143];[0.41682669520378113, 0.44962868094444275, 0.4632439911365509, 0.4783366024494171, 0.4614775478839874, 0.46855294704437256];[-2.115798234939575, -2.173510789871216, -2.250326156616211, -2.307359218597412, -2.301964044570923, -2.2581193447113037];[0.052991077303886414, 0.05317329242825508, 0.053975045680999756, 0.05616891756653786, 0.04882677644491196];428.8044056892395
1750;[3.4865918159484863, 3.4384355545043945, 3.3502109050750732, 3.28005313873291, 3.50708270072937, 3.354241371154785];[0.43417859077453613, 0.4256006181240082, 0.4058731198310852, 0.38412290811538696, 0.4242706298828125, 0.4061036705970764];[-2.1764469146728516, -2.1565656661987305, -2.116051197052002, -2.0741004943847656, -2.1467204093933105, -2.101276159286499];[0.057913605123758316, 0.05322398617863655, 0.05478902906179428, 0.05625125393271446, 0.04855063557624817];430.0550887584686
1800;[3.542616844177246, 3.464353084564209, 3.4121947288513184, 3.3490066528320312, 3.3943538665771484, 3.349278211593628];[0.43504461646080017, 0.44764411449432373, 0.43442973494529724, 0.43643108010292053, 0.4336168169975281, 0.4690401554107666];[-2.2129921913146973, -2.1949126720428467, -2.2161927223205566, -2.1863508224487305, -2.1950278282165527, -2.270273447036743];[0.06479021906852722, 0.05888935178518295, 0.052064329385757446, 0.05001337081193924, 0.04728850722312927];429.79789781570435
1850;[3.523024320602417, 3.42738676071167, 3.3623836040496826, 3.5164544582366943, 3.338937520980835, 3.3704123497009277];[0.43340134620666504, 0.47575461864471436, 0.4430939555168152, 0.4409606456756592, 0.4305674433708191, 0.4238293170928955];[-2.2051966190338135, -2.2569515705108643, -2.181140184402466, -2.2047119140625, -2.1844255924224854, -2.166856527328491];[0.06715106219053268, 0.052648648619651794, 0.050363216549158096, 0.05170664191246033, 0.04479261487722397];427.75003361701965
1900;[3.5153372287750244, 3.428368091583252, 3.384003162384033, 3.2066049575805664, 2.9292795658111572, 2.9296021461486816];[0.4438469111919403, 0.38126063346862793, 0.40320372581481934, 0.3610551059246063, 0.3414763808250427, 0.32727840542793274];[-2.202637195587158, -2.0952327251434326, -2.1094372272491455, -2.073671340942383, -1.954331874847412, -1.943152666091919];[0.05590052157640457, 0.058416832238435745, 0.057872407138347626, 0.06664839386940002, 0.04539910703897476];429.9690978527069
1950;[3.449302911758423, 3.3490676879882812, 3.3709487915039062, 3.7240288257598877, 3.668701410293579, 3.5984437465667725];[0.4420658349990845, 0.42917436361312866, 0.41057389974594116, 0.4668857157230377, 0.452638179063797, 0.45117104053497314];[-2.188352108001709, -2.1555395126342773, -2.1169612407684326, -2.261648654937744, -2.267688035964966, -2.2155752182006836];[0.06867172569036484, 0.055978771299123764, 0.05288425460457802, 0.05840270593762398, 0.050064098089933395];429.7597587108612
2000;[3.5128579139709473, 3.6027262210845947, 3.381981134414673, 3.2182486057281494, 3.2082269191741943, 3.299133777618408];[0.43277543783187866, 0.4215383231639862, 0.4011562466621399, 0.38624176383018494, 0.36293184757232666, 0.4168701767921448];[-2.1851656436920166, -2.1567282676696777, -2.112443685531616, -2.0502469539642334, -2.0439929962158203, -2.09842586517334];[0.06393750011920929, 0.07340600341558456, 0.05489680543541908, 0.04839281365275383, 0.0517808198928833];427.312397480011
2050;[3.4718825817108154, 3.378232955932617, 3.3519089221954346, 3.0182554721832275, 3.338616371154785, 3.2690744400024414];[0.435119092464447, 0.3919612765312195, 0.3879602551460266, 0.35479047894477844, 0.39444980025291443, 0.3523687422275543];[-2.168713331222534, -2.1028714179992676, -2.0953285694122314, -1.9313545227050781, -2.0895206928253174, -1.9955545663833618];[0.05448251962661743, 0.059105388820171356, 0.054421037435531616, 0.05080233886837959, 0.052177298814058304];438.638400554657
2100;[3.4577395915985107, 3.148296594619751, 3.47402286529541, 3.4211411476135254, 3.4987447261810303, 3.2566874027252197];[0.4313388168811798, 0.42113834619522095, 0.4811268150806427, 0.482499897480011, 0.4621633291244507, 0.42963892221450806];[-2.1701595783233643, -2.09515643119812, -2.323010206222534, -2.26667857170105, -2.263519287109375, -2.180481195449829];[0.0574621707201004, 0.051572285592556, 0.04776255413889885, 0.04615991190075874, 0.04287115857005119];426.31966829299927
2150;[3.5250561237335205, 3.2952651977539062, 3.4618053436279297, 3.507323980331421, 3.4618594646453857, 3.5972981452941895];[0.42883846163749695, 0.4182388484477997, 0.4335311949253082, 0.4274233281612396, 0.44218170642852783, 0.47067075967788696];[-2.201998710632324, -2.106064558029175, -2.1712894439697266, -2.1724493503570557, -2.1989383697509766, -2.270494222640991];[0.05960904061794281, 0.050280604511499405, 0.05459863319993019, 0.0509953647851944, 0.050354789942502975];428.35048627853394
2200;[3.4772369861602783, 3.534457206726074, 3.3137454986572266, 3.1940484046936035, 3.103837728500366, 3.094869613647461];[0.43342170119285583, 0.4487597346305847, 0.37265869975090027, 0.3579460382461548, 0.34568217396736145, 0.32855933904647827];[-2.167332649230957, -2.1835787296295166, -2.0570762157440186, -1.9653205871582031, -1.9404624700546265, -1.9041433334350586];[0.057459648698568344, 0.056587763130664825, 0.05534489452838898, 0.05076121538877487, 0.05019109323620796];426.9407660961151
2250;[3.447732448577881, 3.512356996536255, 3.5974388122558594, 3.6605939865112305, 3.6934311389923096, 3.5967040061950684];[0.42744630575180054, 0.4982262849807739, 0.5276447534561157, 0.5522482991218567, 0.5721874237060547, 0.5204612612724304];[-2.1626577377319336, -2.3004512786865234, -2.444148302078247, -2.5237975120544434, -2.530217170715332, -2.4114489555358887];[0.05640491470694542, 0.05177505686879158, 0.04855692759156227, 0.0597991868853569, 0.04517520219087601];426.32614517211914
2300;[3.4258675575256348, 3.2769055366516113, 3.428912878036499, 3.0371756553649902, 3.0633699893951416, 3.100440740585327];[0.43996262550354004, 0.39643365144729614, 0.3827750086784363, 0.34555917978286743, 0.3308425843715668, 0.33366823196411133];[-2.155377149581909, -2.0768086910247803, -2.0954928398132324, -1.9426507949829102, -1.9291186332702637, -1.9693106412887573];[0.06273743510246277, 0.0549575537443161, 0.05582614988088608, 0.05087476223707199, 0.05314585193991661];432.61935091018677
2350;[3.479848861694336, 3.2637438774108887, 3.6093904972076416, 3.5676112174987793, 3.5405097007751465, 3.656679391860962];[0.4281454086303711, 0.38939720392227173, 0.4529624879360199, 0.42611902952194214, 0.4368738532066345, 0.42928454279899597];[-2.1800904273986816, -2.057706356048584, -2.240360736846924, -2.178795099258423, -2.1614925861358643, -2.1987111568450928];[0.058389704674482346, 0.0541255921125412, 0.053989674896001816, 0.06714800745248795, 0.060653671622276306];431.6234450340271
2400;[3.453928232192993, 3.273866653442383, 3.048034429550171, 3.0242741107940674, 3.0780680179595947, 3.3953325748443604];[0.42348501086235046, 0.41315165162086487, 0.3814910650253296, 0.37032824754714966, 0.3744231164455414, 0.4122023582458496];[-2.1593546867370605, -2.0889337062835693, -1.9887371063232422, -1.9845558404922485, -1.9954252243041992, -2.1759541034698486];[0.05896923691034317, 0.05627759173512459, 0.05622822418808937, 0.04881858825683594, 0.04774295166134834];429.19637727737427
2450;[3.443373441696167, 3.3634471893310547, 3.4551329612731934, 3.614285945892334, 3.461761474609375, 3.3656110763549805];[0.4253566563129425, 0.41631606221199036, 0.45215705037117004, 0.47057032585144043, 0.4272308647632599, 0.41510504484176636];[-2.157527446746826, -2.1163382530212402, -2.1998565196990967, -2.239431142807007, -2.161564350128174, -2.1252975463867188];[0.06016755849123001, 0.052597858011722565, 0.05275678262114525, 0.05027659982442856, 0.052024684846401215];439.16725969314575
2500;[3.500199317932129, 3.4411141872406006, 3.4876961708068848, 3.7166824340820312, 3.6841607093811035, 3.6853413581848145];[0.4217135012149811, 0.4598414897918701, 0.46596720814704895, 0.5040155649185181, 0.5136237144470215, 0.5162952542304993];[-2.151613235473633, -2.214552164077759, -2.2636096477508545, -2.36712646484375, -2.363640546798706, -2.3509745597839355];[0.05552944540977478, 0.05114266648888588, 0.047898221760988235, 0.04995870590209961, 0.05308816581964493];432.8194909095764
2550;[3.422832489013672, 3.473208427429199, 3.400681257247925, 3.4079065322875977, 3.6880292892456055, 3.7196688652038574];[0.439088374376297, 0.46308159828186035, 0.440834641456604, 0.45920175313949585, 0.47926557064056396, 0.5014161467552185];[-2.157212495803833, -2.240622043609619, -2.1968135833740234, -2.1944258213043213, -2.2972822189331055, -2.3397953510284424];[0.05883868783712387, 0.055918630212545395, 0.0535917654633522, 0.04965726286172867, 0.056182265281677246];436.4343602657318
2600;[3.394423484802246, 3.7426929473876953, 3.7241225242614746, 3.7280280590057373, 3.608246088027954, 3.435215473175049];[0.44063636660575867, 0.4576943516731262, 0.4619993269443512, 0.4602371156215668, 0.43568262457847595, 0.4303852915763855];[-2.1647140979766846, -2.2673280239105225, -2.250410556793213, -2.236006259918213, -2.1847176551818848, -2.1462316513061523];[0.0566222220659256, 0.05683403089642525, 0.07297789305448532, 0.05827067419886589, 0.06327419728040695];434.4997088909149
2650;[3.442821979522705, 3.4928793907165527, 3.4282588958740234, 3.223842144012451, 3.143681287765503, 3.187997579574585];[0.4292795956134796, 0.41094470024108887, 0.39538756012916565, 0.3699503540992737, 0.3470887541770935, 0.35656511783599854];[-2.150250196456909, -2.110750198364258, -2.096872091293335, -2.0200345516204834, -1.9701862335205078, -1.9986180067062378];[0.05591882765293121, 0.05792433023452759, 0.0582837238907814, 0.06158257648348808, 0.054516714066267014];443.04114031791687
2700;[3.5615553855895996, 3.611541986465454, 3.424701690673828, 3.4558348655700684, 3.680992603302002, 3.6305441856384277];[0.4321097135543823, 0.43930163979530334, 0.42988327145576477, 0.47337839007377625, 0.5044724345207214, 0.49177417159080505];[-2.211458683013916, -2.2641611099243164, -2.2016613483428955, -2.2721428871154785, -2.3535866737365723, -2.317595958709717];[0.06247050687670708, 0.0580981969833374, 0.054909203201532364, 0.05800949037075043, 0.048301421105861664];434.4475598335266
2750;[3.5089309215545654, 3.4376261234283447, 3.5513980388641357, 3.56890606880188, 3.948406934738159, 3.862077474594116];[0.43499210476875305, 0.43408069014549255, 0.4516906440258026, 0.4876203238964081, 0.5279417037963867, 0.552630603313446];[-2.196744441986084, -2.134922981262207, -2.2345075607299805, -2.3056843280792236, -2.4771766662597656, -2.526690721511841];[0.059665124863386154, 0.06393112987279892, 0.05228940770030022, 0.05399637669324875, 0.05364376679062843];436.8764319419861
2800;[3.548353433609009, 3.5025525093078613, 3.5884947776794434, 3.5683369636535645, 3.299484968185425, 3.331059455871582];[0.42625173926353455, 0.4428338408470154, 0.4433487057685852, 0.4538075029850006, 0.40472427010536194, 0.381180077791214];[-2.2053003311157227, -2.2037694454193115, -2.2073144912719727, -2.2416749000549316, -2.1006453037261963, -2.0828495025634766];[0.05861804634332657, 0.07033389061689377, 0.06211100518703461, 0.0657435730099678, 0.052863575518131256];437.0626747608185
2850;[3.4069786071777344, 3.3698339462280273, 3.3179216384887695, 3.5460424423217773, 3.6227638721466064, 3.7095706462860107];[0.42313840985298157, 0.42387664318084717, 0.42819690704345703, 0.4463116228580475, 0.45082297921180725, 0.48201292753219604];[-2.1496262550354004, -2.1114981174468994, -2.1301233768463135, -2.2282333374023438, -2.2175064086914062, -2.3100218772888184];[0.07238253951072693, 0.05582937225699425, 0.059477873146533966, 0.049428366124629974, 0.05313185974955559];434.16708612442017
2900;[3.4786903858184814, 3.4224064350128174, 3.338209867477417, 3.386752128601074, 3.456423044204712, 3.3363115787506104];[0.4198276996612549, 0.41559553146362305, 0.4265613257884979, 0.480090856552124, 0.4628916382789612, 0.4480874836444855];[-2.169485092163086, -2.135138988494873, -2.165158271789551, -2.2778337001800537, -2.268620252609253, -2.2203848361968994];[0.06691491603851318, 0.06655303388834, 0.05268396437168121, 0.04524599388241768, 0.061780620366334915];439.0813820362091
2950;[3.457639694213867, 3.416109800338745, 3.216221809387207, 3.604454517364502, 3.4722189903259277, 3.251333713531494];[0.41961294412612915, 0.41915252804756165, 0.38887134194374084, 0.41933175921440125, 0.40308526158332825, 0.37614116072654724];[-2.1645867824554443, -2.112177848815918, -2.0242421627044678, -2.1494388580322266, -2.1238303184509277, -2.0204081535339355];[0.055529817938804626, 0.058388546109199524, 0.060511574149131775, 0.051736440509557724, 0.055473655462265015];440.44044852256775
3000;[3.4256255626678467, 3.4117825031280518, 3.2368557453155518, 3.487297296524048, 3.406907320022583, 3.480988025665283];[0.4304555654525757, 0.41624715924263, 0.3818780183792114, 0.42041921615600586, 0.4127337336540222, 0.4382226765155792];[-2.1510977745056152, -2.1324081420898438, -2.019965648651123, -2.1623246669769287, -2.08927845954895, -2.1358425617218018];[0.05734621360898018, 0.05642831325531006, 0.061015378683805466, 0.05018429830670357, 0.05097337067127228];434.2471160888672
3050;[3.5232760906219482, 3.498379945755005, 3.513200044631958, 3.1553874015808105, 3.4014124870300293, 3.3296091556549072];[0.4335034191608429, 0.41699376702308655, 0.43927696347236633, 0.4117022156715393, 0.4212833046913147, 0.41518664360046387];[-2.183851718902588, -2.1825973987579346, -2.1848976612091064, -2.0520401000976562, -2.1529390811920166, -2.124610662460327];[0.059409044682979584, 0.05450313910841942, 0.05298055708408356, 0.05242527276277542, 0.05943414568901062];435.4301550388336
3100;[3.5262510776519775, 3.695530652999878, 3.6515207290649414, 3.8284387588500977, 3.692098617553711, 3.5451667308807373];[0.4273252487182617, 0.46259617805480957, 0.4629635214805603, 0.4819452464580536, 0.45470812916755676, 0.45627546310424805];[-2.1755728721618652, -2.3006882667541504, -2.2626821994781494, -2.3166425228118896, -2.2541332244873047, -2.213500738143921];[0.058640919625759125, 0.05945652723312378, 0.05665716156363487, 0.0640764981508255, 0.051805123686790466];442.37912607192993
3150;[3.481098175048828, 3.596940517425537, 3.412400722503662, 3.6714279651641846, 3.4284939765930176, 3.6526248455047607];[0.4412480592727661, 0.4576008915901184, 0.44201552867889404, 0.45310309529304504, 0.3993401825428009, 0.41320300102233887];[-2.1739420890808105, -2.2386960983276367, -2.1594269275665283, -2.2553722858428955, -2.111128330230713, -2.1572530269622803];[0.05839410424232483, 0.06152999401092529, 0.08781265467405319, 0.06571266800165176, 0.051088109612464905];439.4362041950226
3200;[3.5564115047454834, 3.564159393310547, 3.5030431747436523, 3.527963876724243, 3.4234743118286133, 3.5426998138427734];[0.42679154872894287, 0.4427626430988312, 0.4590556025505066, 0.45127686858177185, 0.451233834028244, 0.44728243350982666];[-2.2020366191864014, -2.21962308883667, -2.2092978954315186, -2.2056963443756104, -2.20328426361084, -2.2557780742645264];[0.06335367262363434, 0.061339035630226135, 0.06268254667520523, 0.05616530030965805, 0.04803954064846039];435.999258518219
3250;[3.5460596084594727, 3.4513070583343506, 3.389681816101074, 3.5599844455718994, 3.465871572494507, 3.5305912494659424];[0.44870391488075256, 0.41692498326301575, 0.4232066571712494, 0.41241157054901123, 0.39209866523742676, 0.3879513740539551];[-2.22725510597229, -2.1230170726776123, -2.1124343872070312, -2.130983829498291, -2.0626964569091797, -2.0578744411468506];[0.058933552354574203, 0.05436820909380913, 0.059667982161045074, 0.06983616948127747, 0.05803298205137253];436.83942556381226
3300;[3.5628983974456787, 3.4695777893066406, 3.5505471229553223, 3.3576455116271973, 3.372567892074585, 3.393688678741455];[0.4286653399467468, 0.45142635703086853, 0.44678106904029846, 0.4567866027355194, 0.4861430823802948, 0.47566699981689453];[-2.204709529876709, -2.2234745025634766, -2.2730374336242676, -2.2204761505126953, -2.2761104106903076, -2.2774195671081543];[0.06085798516869545, 0.054413728415966034, 0.055377766489982605, 0.0487196110188961, 0.04515904188156128];440.64984679222107
3350;[3.4647178649902344, 3.2593088150024414, 3.2826924324035645, 3.2091691493988037, 3.1659188270568848, 2.9573569297790527];[0.42730820178985596, 0.3903222978115082, 0.3824875056743622, 0.37993308901786804, 0.3562869131565094, 0.3149058520793915];[-2.1585211753845215, -2.0514025688171387, -2.0648069381713867, -2.0413124561309814, -2.0021753311157227, -1.8988540172576904];[0.05808483064174652, 0.06105160713195801, 0.06317096948623657, 0.056770965456962585, 0.05547962337732315];438.45249009132385
3400;[3.4300949573516846, 3.0822083950042725, 3.2159392833709717, 3.131406307220459, 3.2675106525421143, 3.2986626625061035];[0.4225103259086609, 0.3550570607185364, 0.3732585310935974, 0.37758952379226685, 0.3474217653274536, 0.3664083778858185];[-2.153245210647583, -1.9786298274993896, -2.0494754314422607, -2.010702133178711, -2.004166603088379, -2.0579073429107666];[0.06638436019420624, 0.05779910460114479, 0.05206125229597092, 0.05014187842607498, 0.051271021366119385];434.20336985588074
3450;[3.4317879676818848, 3.379401922225952, 3.439335346221924, 3.278062582015991, 3.2023684978485107, 3.011845350265503];[0.42851898074150085, 0.4127354621887207, 0.42638444900512695, 0.40625450015068054, 0.4032060205936432, 0.3719937801361084];[-2.1599225997924805, -2.1481053829193115, -2.164486885070801, -2.1022002696990967, -2.107941150665283, -2.0474853515625];[0.0586184523999691, 0.06182633340358734, 0.05035215988755226, 0.06231893599033356, 0.048221997916698456];440.1586105823517
3500;[3.43996524810791, 3.62641978263855, 3.554708957672119, 3.7618885040283203, 4.026307582855225, 4.160515785217285];[0.4161004424095154, 0.4650183320045471, 0.5000573992729187, 0.5163775086402893, 0.5662363171577454, 0.6020009517669678];[-2.1366357803344727, -2.27002215385437, -2.3301005363464355, -2.415492534637451, -2.541221857070923, -2.6951794624328613];[0.06061476469039917, 0.0580756813287735, 0.047496914863586426, 0.05123088136315346, 0.04981242120265961];433.9578151702881
3550;[3.530898094177246, 3.5486137866973877, 3.544053554534912, 3.4847493171691895, 3.489107608795166, 3.3077332973480225];[0.4299246668815613, 0.43792924284935, 0.442416250705719, 0.4331461191177368, 0.45220622420310974, 0.4161369800567627];[-2.201012134552002, -2.2080540657043457, -2.2211883068084717, -2.1944141387939453, -2.2450311183929443, -2.1033170223236084];[0.058736611157655716, 0.05403973162174225, 0.05006448179483414, 0.04734782874584198, 0.06654021888971329];442.0765233039856
3600;[3.4477524757385254, 3.6952297687530518, 3.613501787185669, 3.7671985626220703, 3.823538303375244, 3.9443678855895996];[0.4325738847255707, 0.4190600514411926, 0.4394787549972534, 0.4536117911338806, 0.4688507318496704, 0.49193933606147766];[-2.174731731414795, -2.2062978744506836, -2.1585800647735596, -2.231651782989502, -2.2738797664642334, -2.316943645477295];[0.057821135967969894, 0.05766373127698898, 0.06276310235261917, 0.06048186123371124, 0.0553593635559082];437.8117823600769
3650;[3.540844678878784, 3.359135627746582, 3.4029040336608887, 3.2820708751678467, 3.469245433807373, 3.402029275894165];[0.4399881660938263, 0.41901591420173645, 0.40268075466156006, 0.39389848709106445, 0.37759870290756226, 0.3839537501335144];[-2.20306396484375, -2.1403040885925293, -2.1627261638641357, -2.0813028812408447, -2.130239963531494, -2.112882375717163];[0.060224950313568115, 0.057502035051584244, 0.07249364256858826, 0.058418191969394684, 0.05184056609869003];438.2234477996826
3700;[3.4027581214904785, 3.6253223419189453, 3.637185573577881, 3.3828487396240234, 3.362445592880249, 3.427417278289795];[0.43114277720451355, 0.46833115816116333, 0.438621461391449, 0.4069117605686188, 0.409445196390152, 0.42158010601997375];[-2.1527085304260254, -2.261756420135498, -2.2154598236083984, -2.097381830215454, -2.1209943294525146, -2.140165090560913];[0.0603637620806694, 0.06401249021291733, 0.0655786320567131, 0.04893786087632179, 0.04982262849807739];438.64779806137085
3750;[3.417722225189209, 3.368485450744629, 3.290585994720459, 3.5131983757019043, 3.6528160572052, 3.3606505393981934];[0.4201606214046478, 0.4235436022281647, 0.4219563901424408, 0.4399833381175995, 0.48869797587394714, 0.42281457781791687];[-2.120706558227539, -2.142951726913452, -2.0969150066375732, -2.214022636413574, -2.34356689453125, -2.142075300216675];[0.05748378112912178, 0.0556691437959671, 0.049866050481796265, 0.04588836058974266, 0.04667405039072037];437.3912787437439
3800;[3.5380775928497314, 3.359421730041504, 3.4622886180877686, 3.5155293941497803, 3.4451591968536377, 3.566887855529785];[0.4449352025985718, 0.4090751111507416, 0.3956208825111389, 0.39863139390945435, 0.37123560905456543, 0.3844372034072876];[-2.1953392028808594, -2.106715679168701, -2.081674098968506, -2.085160732269287, -2.040527582168579, -2.0717251300811768];[0.060521382838487625, 0.05595557764172554, 0.05758001655340195, 0.05706217512488365, 0.057288967072963715];435.5000307559967
3850;[3.3782663345336914, 3.3776955604553223, 3.3671798706054688, 3.2785489559173584, 3.3901524543762207, 3.1738405227661133];[0.43335577845573425, 0.4088776707649231, 0.401187002658844, 0.4039347469806671, 0.4071187674999237, 0.3840959668159485];[-2.1257143020629883, -2.1026573181152344, -2.1053130626678467, -2.0794637203216553, -2.169720411300659, -2.0518715381622314];[0.05503658205270767, 0.06290203332901001, 0.04965491220355034, 0.05753075331449509, 0.050509143620729446];436.1281843185425
3900;[3.400075674057007, 3.6057205200195312, 3.534290075302124, 3.4250755310058594, 3.7623250484466553, 3.7622995376586914];[0.42518237233161926, 0.46328073740005493, 0.4235309362411499, 0.4303770661354065, 0.4664018452167511, 0.4819925129413605];[-2.1462230682373047, -2.257896661758423, -2.20037841796875, -2.1441309452056885, -2.2860662937164307, -2.2932088375091553];[0.06200052797794342, 0.07704886794090271, 0.05148719251155853, 0.053041938692331314, 0.05496587976813316];435.64847898483276
3950;[3.5219907760620117, 3.3776395320892334, 3.4919052124023438, 3.271899938583374, 3.3170053958892822, 3.187558650970459];[0.43788301944732666, 0.42026907205581665, 0.4082944989204407, 0.369461327791214, 0.37544599175453186, 0.35631126165390015];[-2.1906542778015137, -2.1395058631896973, -2.1739048957824707, -2.0520529747009277, -2.068469762802124, -2.032101631164551];[0.07319538295269012, 0.05407761409878731, 0.05637389421463013, 0.05494796112179756, 0.04987303540110588];439.1965398788452
4000;[3.4889564514160156, 3.353635311126709, 3.609548330307007, 3.510582208633423, 3.5837244987487793, 3.399670124053955];[0.419704794883728, 0.3924342095851898, 0.4083445966243744, 0.4054093658924103, 0.4330280125141144, 0.40975937247276306];[-2.1676790714263916, -2.1061315536499023, -2.1670992374420166, -2.1203055381774902, -2.2299904823303223, -2.1036102771759033];[0.05577575042843819, 0.06954995542764664, 0.06186577305197716, 0.053896497935056686, 0.054499149322509766];438.9340364933014
4050;[3.568859577178955, 3.674337863922119, 3.5267484188079834, 3.4095380306243896, 3.265470266342163, 3.331953287124634];[0.4272952973842621, 0.4773576855659485, 0.4422454833984375, 0.4316771924495697, 0.409028559923172, 0.41248971223831177];[-2.2002525329589844, -2.323855400085449, -2.1883535385131836, -2.158904790878296, -2.115267753601074, -2.159947156906128];[0.06318675726652145, 0.050872061401605606, 0.0530872568488121, 0.046910639852285385, 0.046646419912576675];429.7021508216858
4100;[3.4559199810028076, 3.524656295776367, 3.2124812602996826, 3.176048994064331, 3.104680061340332, 3.123446226119995];[0.43601733446121216, 0.43695777654647827, 0.37782689929008484, 0.3677424192428589, 0.35537320375442505, 0.34956157207489014];[-2.1943347454071045, -2.207846164703369, -2.0294406414031982, -2.0252878665924072, -2.0005602836608887, -1.9799529314041138];[0.06143143028020859, 0.05447433516383171, 0.05387693643569946, 0.04833891987800598, 0.051479339599609375];435.5591766834259
4150;[3.433300495147705, 3.335284471511841, 3.2999677658081055, 3.4438509941101074, 3.2538883686065674, 3.3100223541259766];[0.4243253767490387, 0.38401615619659424, 0.37647685408592224, 0.37445539236068726, 0.3427669107913971, 0.35468050837516785];[-2.129598617553711, -2.0419721603393555, -2.031223773956299, -2.0768187046051025, -1.9771450757980347, -2.0325376987457275];[0.059468504041433334, 0.060254864394664764, 0.052896153181791306, 0.057075515389442444, 0.055889908224344254];430.58707332611084
4200;[3.552973985671997, 3.407581329345703, 3.3102080821990967, 3.1646859645843506, 3.250692844390869, 3.2200372219085693];[0.4355594515800476, 0.43886712193489075, 0.4039030969142914, 0.37823623418807983, 0.40775516629219055, 0.393169105052948];[-2.2056286334991455, -2.1423935890197754, -2.1062211990356445, -2.034393072128296, -2.077249050140381, -2.053799867630005];[0.06968436390161514, 0.05347132310271263, 0.05343915894627571, 0.05750000849366188, 0.04796107858419418];430.03282022476196
4250;[3.439617872238159, 3.5757031440734863, 3.430018424987793, 3.6818137168884277, 3.484520673751831, 3.5835771560668945];[0.4486544132232666, 0.41407865285873413, 0.4461773931980133, 0.4751405715942383, 0.4640447795391083, 0.4515068233013153];[-2.158219337463379, -2.1694769859313965, -2.175466537475586, -2.336386203765869, -2.284374713897705, -2.3077468872070312];[0.05321885272860527, 0.05854746699333191, 0.054815031588077545, 0.05275893583893776, 0.04989321157336235];430.6549355983734
4300;[3.4404165744781494, 3.420414686203003, 3.4540975093841553, 3.290180206298828, 3.189286947250366, 3.158167839050293];[0.4380873441696167, 0.42329296469688416, 0.4105938971042633, 0.4069409668445587, 0.37884843349456787, 0.36881962418556213];[-2.167135715484619, -2.168835163116455, -2.1407573223114014, -2.0959839820861816, -2.053968667984009, -2.059565544128418];[0.06124265864491463, 0.06352925300598145, 0.06001673638820648, 0.05606158822774887, 0.053477320820093155];432.93547677993774
4350;[3.5066659450531006, 3.5082099437713623, 3.512352466583252, 3.490190267562866, 3.3901689052581787, 3.610459566116333];[0.42971107363700867, 0.4499313533306122, 0.4354056119918823, 0.43179380893707275, 0.4418897330760956, 0.46765318512916565];[-2.201038360595703, -2.206390380859375, -2.211134433746338, -2.1707563400268555, -2.179502010345459, -2.2671704292297363];[0.06360195577144623, 0.05419772490859032, 0.050695985555648804, 0.05093860626220703, 0.04821568727493286];481.15270948410034
4400;[3.388012409210205, 3.4067373275756836, 3.2056524753570557, 3.346296548843384, 3.5193774700164795, 3.4854421615600586];[0.43449947237968445, 0.4145587086677551, 0.38483232259750366, 0.4149043560028076, 0.3940926492214203, 0.4223504066467285];[-2.1369526386260986, -2.1806588172912598, -2.0450732707977295, -2.110884189605713, -2.143066883087158, -2.127408504486084];[0.07132615149021149, 0.061192065477371216, 0.0514669232070446, 0.05092354491353035, 0.052201174199581146];430.3603584766388
4450;[3.46403431892395, 3.520219326019287, 3.4588022232055664, 3.2184839248657227, 3.3477118015289307, 3.344200372695923];[0.4295528829097748, 0.4430597424507141, 0.4385824501514435, 0.43296173214912415, 0.4355562627315521, 0.43305930495262146];[-2.17692232131958, -2.2029361724853516, -2.187267780303955, -2.113060474395752, -2.180408239364624, -2.1507513523101807];[0.056005943566560745, 0.05599508434534073, 0.049400683492422104, 0.04466114938259125, 0.048530567437410355];428.5491349697113
4500;[3.435029983520508, 3.5274481773376465, 3.4482038021087646, 3.4590835571289062, 3.275290012359619, 3.3006646633148193];[0.4312841594219208, 0.43818342685699463, 0.42327573895454407, 0.44056597352027893, 0.39796629548072815, 0.4052620232105255];[-2.1519405841827393, -2.1735174655914307, -2.155855655670166, -2.192209482192993, -2.1056504249572754, -2.1496808528900146];[0.05773824080824852, 0.058284319937229156, 0.052774377167224884, 0.05425208434462547, 0.06453581154346466];433.30304288864136
4550;[3.4912192821502686, 3.477937936782837, 3.6547205448150635, 3.6916565895080566, 3.725445032119751, 3.6476457118988037];[0.41575321555137634, 0.45707306265830994, 0.41207703948020935, 0.4295654296875, 0.45835164189338684, 0.4134881794452667];[-2.1820414066314697, -2.2181882858276367, -2.1748409271240234, -2.2065703868865967, -2.2150778770446777, -2.165470838546753];[0.06343379616737366, 0.056438323110342026, 0.05756776034832001, 0.05384790152311325, 0.05848029628396034];434.08846640586853
4600;[3.322650909423828, 3.5183000564575195, 3.4682395458221436, 3.602757215499878, 3.593520402908325, 3.8043673038482666];[0.43635958433151245, 0.42441391944885254, 0.4469705820083618, 0.45080479979515076, 0.4431414306163788, 0.4319189488887787];[-2.133258819580078, -2.170043468475342, -2.1666436195373535, -2.209604024887085, -2.210066318511963, -2.2347333431243896];[0.05595184490084648, 0.059013281017541885, 0.06017085909843445, 0.05538925901055336, 0.06872403621673584];434.08646726608276
4650;[3.4254584312438965, 3.386692762374878, 3.553102731704712, 3.5591347217559814, 3.3841588497161865, 3.2127888202667236];[0.4274805188179016, 0.40605664253234863, 0.4217354655265808, 0.3998028039932251, 0.3784746825695038, 0.3779512643814087];[-2.1472837924957275, -2.0990726947784424, -2.1489925384521484, -2.106276035308838, -2.05727219581604, -1.9971632957458496];[0.054504018276929855, 0.05418289825320244, 0.06610535085201263, 0.053720708936452866, 0.052431028336286545];431.4555354118347
4700;[3.4441146850585938, 3.6211800575256348, 3.837894916534424, 4.1297197341918945, 4.064330101013184, 3.8528130054473877];[0.4355427324771881, 0.4525204300880432, 0.5006886720657349, 0.5259100198745728, 0.527614414691925, 0.4852096140384674];[-2.167985439300537, -2.2193007469177246, -2.332709789276123, -2.441389322280884, -2.45296573638916, -2.323108196258545];[0.0652477964758873, 0.054830003529787064, 0.05501025542616844, 0.05697426199913025, 0.053536735475063324];436.2794587612152
4750;[3.427764654159546, 3.2097108364105225, 3.1276819705963135, 3.0762128829956055, 3.26346492767334, 3.1417670249938965];[0.43967872858047485, 0.3909434676170349, 0.3706122636795044, 0.3496730327606201, 0.3562600016593933, 0.3437550961971283];[-2.1648216247558594, -2.0332679748535156, -1.974413275718689, -1.951809048652649, -2.0287399291992188, -1.9650927782058716];[0.0543939471244812, 0.060798924416303635, 0.05500812083482742, 0.06051245704293251, 0.05101986974477768];432.0698833465576
4800;[3.6132876873016357, 3.429579257965088, 3.383213758468628, 3.2256524562835693, 3.3283743858337402, 3.366453170776367];[0.43190473318099976, 0.4616691470146179, 0.4551018178462982, 0.42137348651885986, 0.41211727261543274, 0.43289387226104736];[-2.2278809547424316, -2.2211294174194336, -2.2068378925323486, -2.130025863647461, -2.1321845054626465, -2.189373016357422];[0.05742688849568367, 0.051727812737226486, 0.05529417470097542, 0.0547405369579792, 0.04592951387166977];430.32699179649353
4850;[3.4939403533935547, 3.4665327072143555, 3.663381814956665, 3.7308647632598877, 3.73288893699646, 3.8507285118103027];[0.42048031091690063, 0.444404274225235, 0.47686848044395447, 0.5055885910987854, 0.5166779160499573, 0.5136265158653259];[-2.1906533241271973, -2.1622867584228516, -2.3037445545196533, -2.3763082027435303, -2.3970401287078857, -2.409433364868164];[0.05763541907072067, 0.05603034421801567, 0.06069665029644966, 0.057636626064777374, 0.06278111040592194];433.4220402240753
4900;[3.500035047531128, 3.2652652263641357, 3.3352389335632324, 3.3086769580841064, 3.337416887283325, 3.4939076900482178];[0.43954998254776, 0.42581573128700256, 0.43723729252815247, 0.4629761278629303, 0.4294329583644867, 0.4878709018230438];[-2.187502145767212, -2.14847731590271, -2.1662042140960693, -2.1807916164398193, -2.178013324737549, -2.3094520568847656];[0.057977329939603806, 0.05213068425655365, 0.051967181265354156, 0.048958733677864075, 0.05307363346219063];432.63059735298157
4950;[3.6074352264404297, 3.573265552520752, 3.312422513961792, 3.4947609901428223, 3.4465060234069824, 3.5506510734558105];[0.4442906975746155, 0.4380883574485779, 0.3978709280490875, 0.4275256097316742, 0.4314676821231842, 0.4511337876319885];[-2.2326273918151855, -2.2011640071868896, -2.0942623615264893, -2.174050807952881, -2.1925206184387207, -2.222992181777954];[0.058051373809576035, 0.054270289838314056, 0.05537113547325134, 0.052681658416986465, 0.06840752810239792];432.3238830566406
5000;[3.4515857696533203, 3.5451576709747314, 3.554462432861328, 3.5440523624420166, 3.365185022354126, 3.5872859954833984];[0.4284898042678833, 0.4396488666534424, 0.4256775379180908, 0.40444812178611755, 0.3981263339519501, 0.4176044166088104];[-2.155395984649658, -2.18033504486084, -2.1522562503814697, -2.0935044288635254, -2.045058488845825, -2.160317897796631];[0.05586384981870651, 0.06630168855190277, 0.05999091640114784, 0.058996833860874176, 0.08260035514831543];430.1263566017151
