Seed;RMSE History;MMD History;Log-Likelihood History;Max EIG History;Deployment Time
50;[3.4535317420959473, 2.6302437782287598, 2.461745500564575, 2.4569292068481445, 2.6267905235290527, 2.6719870567321777];[0.44550904631614685, 0.32196295261383057, 0.3322567045688629, 0.3547394871711731, 0.4605719745159149, 0.522497296333313];[-2.1841557025909424, -1.8902229070663452, -1.9343147277832031, -1.9620922803878784, -2.276533603668213, -2.527568817138672];[];284.0211224555969
100;[3.597290515899658, 4.009881019592285, 3.933712959289551, 4.12347936630249, 4.168617248535156, 4.305171966552734];[0.4178268313407898, 0.5175513625144958, 0.5860092639923096, 0.6738727688789368, 0.6416888236999512, 0.6748978495597839];[-2.225539207458496, -2.5280449390411377, -2.6924381256103516, -2.9361703395843506, -2.906527519226074, -3.026618003845215];[];269.23751997947693
150;[3.4319088459014893, 3.2826850414276123, 3.1706392765045166, 3.0984609127044678, 3.078561544418335, 2.711897134780884];[0.43440350890159607, 0.40688368678092957, 0.40411993861198425, 0.3790228068828583, 0.3936488926410675, 0.3795178532600403];[-2.1458182334899902, -2.1140964031219482, -2.127720355987549, -2.101083278656006, -2.1130967140197754, -2.0067837238311768];[];271.07827830314636
200;[3.4882147312164307, 2.5511367321014404, 2.559614658355713, 2.888507604598999, 3.0491039752960205, 3.1785171031951904];[0.43370386958122253, 0.3366257846355438, 0.47055819630622864, 0.5606959462165833, 0.7060310244560242, 0.7320069670677185];[-2.181112289428711, -1.8893498182296753, -2.280843496322632, -2.7217023372650146, -3.4150540828704834, -3.808793067932129];[];272.06111097335815
250;[3.4891486167907715, 2.680341958999634, 2.6994998455047607, 2.7449820041656494, 2.7894742488861084, 2.9658007621765137];[0.43905624747276306, 0.32191386818885803, 0.3483123779296875, 0.46392011642456055, 0.5885221362113953, 0.6628749370574951];[-2.1856272220611572, -1.9179129600524902, -2.0247552394866943, -2.324542284011841, -2.7795231342315674, -3.139462471008301];[];268.128280878067
300;[3.4684314727783203, 3.053391456604004, 2.8892862796783447, 2.634990692138672, 2.7117979526519775, 2.510791778564453];[0.433230459690094, 0.46765077114105225, 0.46681076288223267, 0.43374988436698914, 0.46299073100090027, 0.46689558029174805];[-2.175381660461426, -2.278782606124878, -2.2704765796661377, -2.183868646621704, -2.411440849304199, -2.3446879386901855];[];270.57609272003174
350;[3.426074743270874, 3.3642401695251465, 3.351565361022949, 3.2579116821289062, 3.3807756900787354, 3.717531681060791];[0.4136400818824768, 0.48426586389541626, 0.4926971197128296, 0.4796997904777527, 0.5242307186126709, 0.5749603509902954];[-2.1508469581604004, -2.2458999156951904, -2.3106088638305664, -2.264860153198242, -2.375190496444702, -2.567681312561035];[];272.09099817276
400;[3.480447769165039, 3.5669424533843994, 3.816164493560791, 4.027078628540039, 3.979180097579956, 4.1988091468811035];[0.4406643807888031, 0.5145726799964905, 0.5654049515724182, 0.59908127784729, 0.6233639717102051, 0.6583782434463501];[-2.1900761127471924, -2.3406059741973877, -2.5988335609436035, -2.7292237281799316, -2.7785134315490723, -2.909152030944824];[];268.28867650032043
450;[3.629896402359009, 3.0982372760772705, 3.2798779010772705, 3.2200348377227783, 3.403506278991699, 3.540447950363159];[0.42785149812698364, 0.34862053394317627, 0.5281035900115967, 0.6513708829879761, 0.7121750712394714, 0.8103461861610413];[-2.2236576080322266, -1.9704813957214355, -2.5088040828704834, -3.0430877208709717, -3.5171751976013184, -4.24563455581665];[];283.10982871055603
500;[3.3648812770843506, 3.9334475994110107, 4.282535552978516, 4.678062438964844, 4.758783340454102, 4.909425258636475];[0.44050097465515137, 0.7821186184883118, 0.941990852355957, 0.9863508939743042, 1.03597092628479, 1.016343116760254];[-2.117938995361328, -3.8578567504882812, -5.740456581115723, -6.750736713409424, -7.429137706756592, -7.446354389190674];[];266.1729645729065
550;[3.362457513809204, 2.597242593765259, 2.344261646270752, 2.5067877769470215, 2.3247437477111816, 2.291370153427124];[0.4273624122142792, 0.30214765667915344, 0.2696482241153717, 0.2902258038520813, 0.2722727060317993, 0.28140074014663696];[-2.1138741970062256, -1.9019687175750732, -1.7950925827026367, -1.9105818271636963, -1.8522776365280151, -1.8816900253295898];[];273.6496202945709
600;[3.4779739379882812, 3.2669517993927, 3.2296862602233887, 2.960056781768799, 3.2233762741088867, 3.142580509185791];[0.42433440685272217, 0.47127318382263184, 0.5125871896743774, 0.44408875703811646, 0.5577796101570129, 0.6123261451721191];[-2.1737163066864014, -2.283114194869995, -2.3519060611724854, -2.1535494327545166, -2.6476058959960938, -2.730729103088379];[];269.44367384910583
650;[3.5407519340515137, 2.5302979946136475, 2.51517915725708, 2.5424954891204834, 2.459057092666626, 2.662438154220581];[0.43656808137893677, 0.3169533908367157, 0.3653482496738434, 0.44759923219680786, 0.46561142802238464, 0.545515775680542];[-2.2121787071228027, -1.8718174695968628, -2.022172212600708, -2.2581424713134766, -2.3114981651306152, -2.672982931137085];[];274.7687304019928
700;[3.4655158519744873, 3.0497119426727295, 3.1965408325195312, 3.249610662460327, 3.356940507888794, 3.337151050567627];[0.4309043884277344, 0.5403650403022766, 0.6597409844398499, 0.7028151750564575, 0.7716707587242126, 0.7707242965698242];[-2.1853156089782715, -2.5329227447509766, -3.033991813659668, -3.3631834983825684, -3.9079766273498535, -3.9579057693481445];[];271.382759809494
750;[3.474484443664551, 2.780048370361328, 2.8812289237976074, 2.8235113620758057, 2.55350661277771, 2.6440072059631348];[0.4471079111099243, 0.3331594169139862, 0.4584124684333801, 0.4638206362724304, 0.414946973323822, 0.41103246808052063];[-2.1904795169830322, -1.968500018119812, -2.3451597690582275, -2.4861412048339844, -2.2893764972686768, -2.4239883422851562];[];271.24052572250366
800;[3.5488901138305664, 2.9668493270874023, 2.511296272277832, 2.4101552963256836, 2.50484037399292, 2.488243579864502];[0.4226207137107849, 0.3623906970024109, 0.33020755648612976, 0.3261147439479828, 0.3342357575893402, 0.3322516977787018];[-2.211388349533081, -2.0353634357452393, -1.9935144186019897, -1.995897650718689, -2.136671543121338, -2.095383644104004];[];272.64518427848816
850;[3.3409130573272705, 2.892298936843872, 2.98404598236084, 3.1773505210876465, 3.510164976119995, 3.797712802886963];[0.43717724084854126, 0.32984331250190735, 0.42530035972595215, 0.5287895798683167, 0.6559438109397888, 0.7751357555389404];[-2.1206741333007812, -1.9247889518737793, -2.1382219791412354, -2.4743077754974365, -2.992044687271118, -3.6539394855499268];[];272.40430784225464
900;[3.5120975971221924, 3.5242691040039062, 3.460505723953247, 3.5967037677764893, 3.700411319732666, 3.594571590423584];[0.43827444314956665, 0.47332364320755005, 0.44292157888412476, 0.43613401055336, 0.5059822797775269, 0.4750673174858093];[-2.1942410469055176, -2.2669942378997803, -2.1965525150299072, -2.2583558559417725, -2.3974952697753906, -2.324068069458008];[];271.89958000183105
950;[3.4888288974761963, 3.0638675689697266, 3.223515033721924, 3.295565128326416, 3.3817338943481445, 3.4822800159454346];[0.4305139482021332, 0.36584436893463135, 0.5561234354972839, 0.7010585069656372, 0.7431408762931824, 0.825035810470581];[-2.1909918785095215, -2.0029473304748535, -2.545990467071533, -3.4293270111083984, -3.745054006576538, -4.530879020690918];[];273.2677888870239
1000;[3.4790709018707275, 3.7641289234161377, 3.816589593887329, 3.9764726161956787, 4.225912094116211, 4.136422157287598];[0.4421994388103485, 0.6659532785415649, 0.7702799439430237, 0.8463804125785828, 0.8995843529701233, 0.870902419090271];[-2.195986032485962, -3.084601879119873, -3.7742512226104736, -4.446509838104248, -5.141403675079346, -4.93845272064209];[];267.1875972747803
1050;[3.4341771602630615, 4.04034423828125, 3.798102855682373, 3.8140087127685547, 3.595172643661499, 3.5729334354400635];[0.4304201006889343, 0.8409944176673889, 0.9282265901565552, 0.9986449480056763, 0.9600734114646912, 0.9974361658096313];[-2.155642032623291, -4.609549045562744, -5.807109355926514, -6.7025957107543945, -6.326810359954834, -6.817513465881348];[];267.82450318336487
1100;[3.5694146156311035, 2.5735204219818115, 2.573744058609009, 2.179530143737793, 2.251065492630005, 2.3961148262023926];[0.4306790828704834, 0.3422248363494873, 0.3905959725379944, 0.35809046030044556, 0.3644374907016754, 0.3633204400539398];[-2.2354342937469482, -1.9286253452301025, -2.131359815597534, -1.9640324115753174, -2.0197091102600098, -2.147430181503296];[];268.2584638595581
1150;[3.4858319759368896, 3.0686163902282715, 3.4623334407806396, 3.7966182231903076, 3.982459306716919, 4.334826946258545];[0.43737438321113586, 0.38584697246551514, 0.6509720683097839, 0.814404308795929, 0.8918594121932983, 0.9663199186325073];[-2.1709494590759277, -2.0608725547790527, -3.018007516860962, -4.208693504333496, -5.114943981170654, -6.011978626251221];[];266.6378574371338
1200;[3.437978982925415, 3.180119514465332, 3.1957778930664062, 3.1397182941436768, 3.3549563884735107, 3.491229772567749];[0.4222293496131897, 0.5671950578689575, 0.6676862835884094, 0.7394112944602966, 0.7862533926963806, 0.8842210173606873];[-2.1453921794891357, -2.672318458557129, -3.1947951316833496, -3.6345458030700684, -4.140375137329102, -4.931059837341309];[];273.1388099193573
1250;[3.4220948219299316, 3.51128888130188, 3.530252456665039, 3.479557991027832, 3.658179759979248, 3.5913960933685303];[0.4305312931537628, 0.46720898151397705, 0.5049507021903992, 0.5401596426963806, 0.5658764839172363, 0.5545517206192017];[-2.1536736488342285, -2.2974300384521484, -2.3881938457489014, -2.4314284324645996, -2.5710530281066895, -2.579346179962158];[];273.939998626709
1300;[3.4729998111724854, 3.463501214981079, 3.538703441619873, 3.537135362625122, 3.819770097732544, 3.7674202919006348];[0.4191039800643921, 0.7656733989715576, 0.9070123434066772, 0.9105367064476013, 0.9641745686531067, 0.9617207646369934];[-2.148639678955078, -3.9551262855529785, -5.151506423950195, -5.605716705322266, -6.2930073738098145, -6.320568561553955];[];264.2567789554596
1350;[3.4616544246673584, 3.7108190059661865, 3.7498509883880615, 3.7768325805664062, 3.710146188735962, 3.6852877140045166];[0.43835362792015076, 0.5115164518356323, 0.5741003751754761, 0.5597274899482727, 0.5647176504135132, 0.5682985782623291];[-2.1895406246185303, -2.415433406829834, -2.5866634845733643, -2.606750249862671, -2.5583603382110596, -2.557138442993164];[];270.9817717075348
1400;[3.5098540782928467, 4.105708599090576, 4.244990825653076, 4.408932209014893, 4.6648640632629395, 4.904263973236084];[0.44667667150497437, 0.8879750370979309, 0.9792356491088867, 1.004841685295105, 1.0590418577194214, 1.104212760925293];[-2.196889638900757, -5.23005485534668, -6.45930290222168, -7.229333400726318, -8.14390754699707, -9.292035102844238];[];269.5003447532654
1450;[3.398092031478882, 3.0804226398468018, 2.799697160720825, 2.6868557929992676, 2.661816120147705, 2.6361093521118164];[0.4274410307407379, 0.4175063371658325, 0.38980814814567566, 0.4226657748222351, 0.4678880274295807, 0.5115737915039062];[-2.136824607849121, -2.210109233856201, -2.1383228302001953, -2.2765233516693115, -2.3705191612243652, -2.5382142066955566];[];266.35588455200195
1500;[3.3999791145324707, 4.192459583282471, 4.269013404846191, 4.239974021911621, 4.088446140289307, 4.14011287689209];[0.42848700284957886, 0.8433588743209839, 0.9037365317344666, 0.9257687330245972, 0.9454845190048218, 0.9688780307769775];[-2.1453912258148193, -4.697698593139648, -5.391566276550293, -5.5329060554504395, -5.883770942687988, -6.271107196807861];[];267.99989676475525
1550;[3.435685157775879, 3.663992166519165, 3.5004525184631348, 3.6411101818084717, 3.554459571838379, 3.6471447944641113];[0.42411941289901733, 0.5282946825027466, 0.567798376083374, 0.6112856864929199, 0.6161562204360962, 0.6378188729286194];[-2.1512887477874756, -2.4953112602233887, -2.518812894821167, -2.6736738681793213, -2.731679916381836, -2.818225860595703];[];264.158714056015
1600;[3.5344862937927246, 3.6608245372772217, 3.663054943084717, 3.7613894939422607, 3.692626953125, 3.710383892059326];[0.437140554189682, 0.5402061343193054, 0.5634793639183044, 0.5864500999450684, 0.5718640089035034, 0.5534665584564209];[-2.198368787765503, -2.444082736968994, -2.531195878982544, -2.622713804244995, -2.5846948623657227, -2.5112030506134033];[];269.51120138168335
1650;[3.3729896545410156, 3.119194984436035, 2.8345565795898438, 2.859163522720337, 2.9126007556915283, 2.8748037815093994];[0.4261898100376129, 0.4870258569717407, 0.47957274317741394, 0.5238060355186462, 0.5270830392837524, 0.5378817915916443];[-2.128889560699463, -2.3199915885925293, -2.2741732597351074, -2.405477285385132, -2.5314605236053467, -2.5241215229034424];[];266.93321800231934
1700;[3.3907694816589355, 2.760939836502075, 2.7284677028656006, 2.6304147243499756, 2.5627822875976562, 2.6512792110443115];[0.41682669520378113, 0.33562031388282776, 0.4220520853996277, 0.49547088146209717, 0.5442457795143127, 0.5903981328010559];[-2.115798234939575, -1.9419941902160645, -2.1885812282562256, -2.4079196453094482, -2.6250693798065186, -2.859405755996704];[];269.8140115737915
1750;[3.4865918159484863, 2.5870959758758545, 2.5602545738220215, 2.3111026287078857, 2.2658450603485107, 2.223174810409546];[0.43417859077453613, 0.34511473774909973, 0.4135952293872833, 0.334722638130188, 0.3626236021518707, 0.3698813319206238];[-2.1764469146728516, -1.9604862928390503, -2.160677194595337, -1.9680625200271606, -2.033970594406128, -2.0890400409698486];[];271.9261565208435
1800;[3.542616844177246, 3.4841487407684326, 3.515105724334717, 3.443476915359497, 3.4517080783843994, 3.5403897762298584];[0.43504461646080017, 0.5821980834007263, 0.6808952689170837, 0.6817397475242615, 0.7085279226303101, 0.7875848412513733];[-2.2129921913146973, -2.689577341079712, -3.0708553791046143, -3.166947364807129, -3.3770341873168945, -3.770108699798584];[];272.08554244041443
1850;[3.523024320602417, 3.1279854774475098, 3.1761815547943115, 3.1859545707702637, 3.1730337142944336, 3.1348798274993896];[0.43340134620666504, 0.4591442942619324, 0.5232399702072144, 0.505553662776947, 0.5668191909790039, 0.5528362393379211];[-2.2051966190338135, -2.185455560684204, -2.397660255432129, -2.3978090286254883, -2.585860252380371, -2.592428684234619];[];263.5861973762512
1900;[3.5153372287750244, 3.5799503326416016, 3.5618114471435547, 3.376594066619873, 3.5727267265319824, 3.7592012882232666];[0.4438469111919403, 0.45617154240608215, 0.4663331210613251, 0.4681275188922882, 0.49969056248664856, 0.5377393364906311];[-2.202637195587158, -2.2773916721343994, -2.2904415130615234, -2.2193686962127686, -2.365490436553955, -2.4854624271392822];[];278.01538586616516
1950;[3.449302911758423, 2.481997013092041, 2.39721941947937, 2.4272053241729736, 2.593501567840576, 2.223459005355835];[0.4420658349990845, 0.2899823784828186, 0.26906949281692505, 0.28138771653175354, 0.3216044306755066, 0.3196478486061096];[-2.188352108001709, -1.8133776187896729, -1.7787799835205078, -1.8253973722457886, -1.9923862218856812, -1.8404369354248047];[];269.6832399368286
2000;[3.5128579139709473, 3.530470132827759, 3.4823265075683594, 3.4603028297424316, 3.3897342681884766, 3.372314929962158];[0.43277543783187866, 0.5198283791542053, 0.517899215221405, 0.5478013753890991, 0.5342427492141724, 0.5326544046401978];[-2.1851656436920166, -2.3912761211395264, -2.4482669830322266, -2.480325222015381, -2.44496488571167, -2.4767580032348633];[];274.03800773620605
2050;[3.4718825817108154, 3.1491191387176514, 3.0403294563293457, 3.047727346420288, 3.130293607711792, 3.116607427597046];[0.435119092464447, 0.4756067991256714, 0.5683168768882751, 0.640268087387085, 0.6147655248641968, 0.7293907403945923];[-2.168713331222534, -2.299344301223755, -2.585630416870117, -2.891911506652832, -2.953059196472168, -3.4099128246307373];[];268.3679668903351
2100;[3.4577395915985107, 3.0113022327423096, 3.0961475372314453, 2.9625463485717773, 3.0645010471343994, 3.143772602081299];[0.4313388168811798, 0.49385973811149597, 0.5702487230300903, 0.6230652928352356, 0.6688891053199768, 0.68172687292099];[-2.1701595783233643, -2.308997631072998, -2.6679420471191406, -2.8417606353759766, -3.13028621673584, -3.2217466831207275];[];268.9581832885742
2150;[3.5250561237335205, 3.1581032276153564, 3.3496832847595215, 3.382415294647217, 3.488602638244629, 3.4086289405822754];[0.42883846163749695, 0.42926761507987976, 0.526299238204956, 0.6169175505638123, 0.6206302642822266, 0.6202646493911743];[-2.201998710632324, -2.15136981010437, -2.4465396404266357, -2.7795722484588623, -2.886864185333252, -2.8462636470794678];[];269.5368092060089
2200;[3.4772369861602783, 3.1040995121002197, 3.2598583698272705, 3.51452898979187, 3.8065130710601807, 3.624555826187134];[0.43342170119285583, 0.3807802200317383, 0.518481433391571, 0.6813516616821289, 0.7509273290634155, 0.7349133491516113];[-2.167332649230957, -2.0345559120178223, -2.4599995613098145, -3.1638123989105225, -3.62097430229187, -3.6939749717712402];[];272.7679901123047
2250;[3.447732448577881, 4.005380630493164, 4.220158100128174, 4.599973678588867, 4.551318645477295, 4.729406833648682];[0.42744630575180054, 0.6728662252426147, 0.793314516544342, 0.8388006687164307, 0.9022030234336853, 0.9633004665374756];[-2.1626577377319336, -3.0327532291412354, -3.720010995864868, -4.449084758758545, -4.928927898406982, -5.521358966827393];[];267.59812927246094
2300;[3.4258675575256348, 3.4476497173309326, 3.609881639480591, 3.591386556625366, 3.3925681114196777, 3.4770710468292236];[0.43996262550354004, 0.4834442734718323, 0.5964584946632385, 0.628113865852356, 0.634061336517334, 0.6513170599937439];[-2.155377149581909, -2.3429882526397705, -2.6664507389068604, -2.812190294265747, -2.832780361175537, -2.968998908996582];[];267.7865352630615
2350;[3.479848861694336, 2.878314971923828, 2.9290266036987305, 3.1822636127471924, 3.2976229190826416, 3.238532066345215];[0.4281454086303711, 0.3526209890842438, 0.40435707569122314, 0.6510283350944519, 0.7042338848114014, 0.7359541654586792];[-2.1800904273986816, -1.970608115196228, -2.1557743549346924, -3.014498472213745, -3.3667593002319336, -3.647033214569092];[];275.34409761428833
2400;[3.453928232192993, 3.068495512008667, 3.464298963546753, 3.656480312347412, 3.70365834236145, 3.955556869506836];[0.42348501086235046, 0.3679785132408142, 0.5528822541236877, 0.629749059677124, 0.6992245316505432, 0.6862884759902954];[-2.1593546867370605, -1.9957319498062134, -2.572176694869995, -2.858044147491455, -3.1870455741882324, -3.307896614074707];[];267.78350257873535
2450;[3.443373441696167, 3.1347239017486572, 3.1400387287139893, 3.2872660160064697, 3.1525487899780273, 3.314859390258789];[0.4253566563129425, 0.3789066970348358, 0.4759311378002167, 0.6046304702758789, 0.6525728106498718, 0.7611247301101685];[-2.157527446746826, -2.0487277507781982, -2.3073790073394775, -2.8456575870513916, -3.0621910095214844, -3.767252206802368];[];273.2803416252136
2500;[3.500199317932129, 3.128434896469116, 3.146066904067993, 3.0543861389160156, 2.964430809020996, 3.043200731277466];[0.4217135012149811, 0.620657205581665, 0.770043134689331, 0.7952994704246521, 0.8384162783622742, 0.8792306780815125];[-2.151613235473633, -2.9586474895477295, -3.9754438400268555, -4.136459827423096, -4.467909336090088, -4.990869522094727];[];270.6751284599304
2550;[3.422832489013672, 3.1956369876861572, 3.1766388416290283, 3.1910605430603027, 3.1047537326812744, 3.229259967803955];[0.439088374376297, 0.41477733850479126, 0.41284477710723877, 0.4202049970626831, 0.4175633192062378, 0.4463666081428528];[-2.157212495803833, -2.094831943511963, -2.132045269012451, -2.135039806365967, -2.122333526611328, -2.1722092628479004];[];275.3436563014984
2600;[3.394423484802246, 3.690483331680298, 3.756286144256592, 4.0587897300720215, 4.064404010772705, 4.344482421875];[0.44063636660575867, 0.5806196331977844, 0.6565829515457153, 0.7280341386795044, 0.7433542609214783, 0.7821482419967651];[-2.1647140979766846, -2.5830764770507812, -2.89357328414917, -3.218383312225342, -3.3031508922576904, -3.721113681793213];[];274.974018573761
2650;[3.442821979522705, 3.004115581512451, 2.865055799484253, 2.3200085163116455, 2.3830201625823975, 2.424140453338623];[0.4292795956134796, 0.36840012669563293, 0.3268429636955261, 0.3022887110710144, 0.36668989062309265, 0.4397421181201935];[-2.150250196456909, -1.9854953289031982, -1.957879900932312, -1.8044098615646362, -1.9974675178527832, -2.238997459411621];[];270.0703372955322
2700;[3.5615553855895996, 3.098417043685913, 3.0793087482452393, 3.1520836353302, 3.201629877090454, 3.275376081466675];[0.4321097135543823, 0.6244459748268127, 0.7042704820632935, 0.7709214091300964, 0.8380138278007507, 0.893496572971344];[-2.211458683013916, -3.0351154804229736, -3.591599225997925, -4.238824844360352, -4.663849830627441, -5.269780158996582];[];273.5925784111023
2750;[3.5089309215545654, 3.0643227100372314, 3.017498254776001, 3.3162806034088135, 3.411276340484619, 3.4816277027130127];[0.43499210476875305, 0.5162657499313354, 0.5646715760231018, 0.6476327180862427, 0.7662848234176636, 0.7947956919670105];[-2.196744441986084, -2.487410068511963, -2.671665906906128, -3.090806007385254, -3.769801378250122, -4.082961559295654];[];266.472535610199
2800;[3.548353433609009, 3.0148682594299316, 2.593024492263794, 2.4754691123962402, 2.6111083030700684, 2.455366373062134];[0.42625173926353455, 0.3617479205131531, 0.41716083884239197, 0.46247702836990356, 0.48728397488594055, 0.4926948845386505];[-2.2053003311157227, -2.058976173400879, -2.1894288063049316, -2.314704656600952, -2.469700336456299, -2.4569015502929688];[];276.78513193130493
2850;[3.4069786071777344, 3.3544561862945557, 3.3531861305236816, 3.3502986431121826, 3.1524288654327393, 3.216975688934326];[0.42313840985298157, 0.49827563762664795, 0.5255365371704102, 0.5189030170440674, 0.526353120803833, 0.5523585081100464];[-2.1496262550354004, -2.3336386680603027, -2.423633575439453, -2.429671049118042, -2.383310556411743, -2.4730899333953857];[];268.08268690109253
2900;[3.4786903858184814, 4.366140842437744, 4.107173919677734, 4.139950752258301, 4.272255897521973, 4.291754722595215];[0.4198276996612549, 0.8093124628067017, 0.9103078246116638, 0.9907763600349426, 1.0110543966293335, 1.0391013622283936];[-2.169485092163086, -4.5538506507873535, -5.558558940887451, -6.788924217224121, -6.921319484710693, -7.565713882446289];[];267.21505761146545
2950;[3.457639694213867, 3.5897622108459473, 3.8804221153259277, 3.864786148071289, 3.871480941772461, 3.9744086265563965];[0.41961294412612915, 0.6433876752853394, 0.8335487842559814, 0.8558008670806885, 0.8535401225090027, 0.9271953701972961];[-2.1645867824554443, -2.990208625793457, -4.262684345245361, -4.626448154449463, -4.768779277801514, -5.435232162475586];[];267.44686126708984
3000;[3.4256255626678467, 2.7733287811279297, 2.5711171627044678, 2.5536301136016846, 2.578723192214966, 2.734671115875244];[0.4304555654525757, 0.32512596249580383, 0.31440502405166626, 0.33038994669914246, 0.44729921221733093, 0.5476652383804321];[-2.1510977745056152, -1.9513288736343384, -1.9372330904006958, -1.9164223670959473, -2.1978135108947754, -2.5734775066375732];[];276.3313558101654
3050;[3.5232760906219482, 2.724869728088379, 2.745182991027832, 3.2411723136901855, 3.384472131729126, 3.621222972869873];[0.4335034191608429, 0.31539005041122437, 0.4488026797771454, 0.6921709775924683, 0.8046447038650513, 0.8817190527915955];[-2.183851718902588, -1.868058681488037, -2.167940378189087, -3.2245051860809326, -3.976060628890991, -4.757139682769775];[];270.5596158504486
3100;[3.5262510776519775, 3.093130350112915, 3.243529796600342, 3.0801448822021484, 2.9369304180145264, 2.977088689804077];[0.4273252487182617, 0.41748762130737305, 0.43837815523147583, 0.4169571101665497, 0.41367650032043457, 0.3843311667442322];[-2.1755728721618652, -2.0766026973724365, -2.218074083328247, -2.146300792694092, -2.0931572914123535, -2.051243782043457];[];275.90489387512207
3150;[3.481098175048828, 3.627106189727783, 3.484323501586914, 3.54347825050354, 3.3489158153533936, 3.431811571121216];[0.4412480592727661, 0.48784711956977844, 0.48713386058807373, 0.5027235150337219, 0.5021957159042358, 0.4857245981693268];[-2.1739420890808105, -2.3865091800689697, -2.3499486446380615, -2.384099006652832, -2.313753366470337, -2.302211046218872];[];271.8114049434662
3200;[3.5564115047454834, 3.543311834335327, 3.46506404876709, 3.3188912868499756, 3.0760281085968018, 3.0247316360473633];[0.42679154872894287, 0.49546146392822266, 0.49264466762542725, 0.47860249876976013, 0.44357016682624817, 0.4313894510269165];[-2.2020366191864014, -2.324925422668457, -2.304147720336914, -2.2572498321533203, -2.133023977279663, -2.105198860168457];[];270.32793712615967
3250;[3.5460596084594727, 2.7989025115966797, 2.5920755863189697, 2.4181835651397705, 2.445713520050049, 2.3999135494232178];[0.44870391488075256, 0.33093738555908203, 0.3248765170574188, 0.27751415967941284, 0.28965428471565247, 0.3381052613258362];[-2.22725510597229, -1.9504002332687378, -1.885282278060913, -1.7823622226715088, -1.8419616222381592, -1.9387823343276978];[];278.0458483695984
3300;[3.5628983974456787, 3.080064296722412, 3.5126445293426514, 3.623434543609619, 3.727617025375366, 3.920316219329834];[0.4286653399467468, 0.41814249753952026, 0.6143559813499451, 0.7428435683250427, 0.7315728664398193, 0.8103267550468445];[-2.204709529876709, -2.1356253623962402, -2.8365259170532227, -3.4161267280578613, -3.5279769897460938, -4.028555870056152];[];269.3597364425659
3350;[3.4647178649902344, 2.6204092502593994, 2.5004990100860596, 2.663618803024292, 2.8701729774475098, 3.028031587600708];[0.42730820178985596, 0.3353809118270874, 0.3553789556026459, 0.5055936574935913, 0.5463163256645203, 0.6280056834220886];[-2.1585211753845215, -1.9258815050125122, -1.9737592935562134, -2.3902454376220703, -2.6362102031707764, -3.0036466121673584];[];271.2216715812683
3400;[3.4300949573516846, 4.4771623611450195, 4.997748851776123, 5.031129360198975, 5.395007610321045, 5.675263404846191];[0.4225103259086609, 0.9456523656845093, 1.0518616437911987, 1.051995038986206, 1.0897703170776367, 1.1534041166305542];[-2.153245210647583, -5.848438739776611, -8.037928581237793, -8.790308952331543, -9.649412155151367, -10.92009162902832];[];265.03475308418274
3450;[3.4317879676818848, 3.582291841506958, 3.6377947330474854, 3.560309886932373, 3.5427510738372803, 3.5296051502227783];[0.42851898074150085, 0.5068202018737793, 0.5330316424369812, 0.4997643530368805, 0.5114911794662476, 0.5137243866920471];[-2.1599225997924805, -2.319979429244995, -2.418734312057495, -2.3651673793792725, -2.3743655681610107, -2.3857970237731934];[];268.5839493274689
3500;[3.43996524810791, 3.4770395755767822, 3.2962939739227295, 3.515657663345337, 3.5652031898498535, 3.7042531967163086];[0.4161004424095154, 0.5007357597351074, 0.5398769974708557, 0.5976762175559998, 0.6418711543083191, 0.6980624198913574];[-2.1366357803344727, -2.407503604888916, -2.4580631256103516, -2.6981770992279053, -2.896824836730957, -3.199244976043701];[];265.8438277244568
3550;[3.530898094177246, 2.8822317123413086, 2.9607794284820557, 2.8267149925231934, 3.019012689590454, 3.055579900741577];[0.4299246668815613, 0.3414561152458191, 0.45546627044677734, 0.5321480631828308, 0.6062169075012207, 0.6430248022079468];[-2.201012134552002, -1.9465750455856323, -2.198366165161133, -2.441943645477295, -2.8290038108825684, -3.1708827018737793];[];271.89177322387695
3600;[3.4477524757385254, 2.9790945053100586, 2.5281968116760254, 2.7388551235198975, 2.8929648399353027, 3.093017101287842];[0.4325738847255707, 0.42273664474487305, 0.36090153455734253, 0.4750383198261261, 0.5842589735984802, 0.6882891654968262];[-2.174731731414795, -2.117147207260132, -1.951754093170166, -2.3128597736358643, -2.7787837982177734, -3.3423500061035156];[];266.556734085083
3650;[3.540844678878784, 3.333528518676758, 3.6989450454711914, 3.6715941429138184, 3.614382028579712, 3.478914976119995];[0.4399881660938263, 0.5062615275382996, 0.5562196969985962, 0.6515465378761292, 0.6303150057792664, 0.599204957485199];[-2.20306396484375, -2.324800729751587, -2.6402804851531982, -2.8409900665283203, -2.7511074542999268, -2.7008895874023438];[];273.6198949813843
3700;[3.4027581214904785, 3.3150136470794678, 3.240248203277588, 3.2196156978607178, 3.392578601837158, 3.513758897781372];[0.43114277720451355, 0.4479288160800934, 0.48549407720565796, 0.4963674545288086, 0.5172093510627747, 0.5394527316093445];[-2.1527085304260254, -2.2543907165527344, -2.276705265045166, -2.282132148742676, -2.394439697265625, -2.5232954025268555];[];276.9597330093384
3750;[3.417722225189209, 3.1681783199310303, 3.171328067779541, 3.4441213607788086, 3.4118940830230713, 3.3800048828125];[0.4201606214046478, 0.3714388906955719, 0.4790478050708771, 0.543021559715271, 0.5801841020584106, 0.6144282817840576];[-2.120706558227539, -2.062859535217285, -2.2607336044311523, -2.545307159423828, -2.6930081844329834, -2.7995338439941406];[];273.6052315235138
3800;[3.5380775928497314, 3.4590694904327393, 3.704707384109497, 3.748140335083008, 3.9461896419525146, 3.9665160179138184];[0.4449352025985718, 0.579315185546875, 0.7226113677024841, 0.752887487411499, 0.8464459776878357, 0.8695367574691772];[-2.1953392028808594, -2.685438871383667, -3.362875461578369, -3.5622451305389404, -4.1290411949157715, -4.485136985778809];[];270.88162660598755
3850;[3.3782663345336914, 4.130549907684326, 3.903305768966675, 3.8485701084136963, 3.6485559940338135, 3.860837936401367];[0.43335577845573425, 0.8420987129211426, 0.9379652142524719, 0.9409709572792053, 0.9351906180381775, 0.9738317131996155];[-2.1257143020629883, -4.479167938232422, -5.546122074127197, -5.699408531188965, -5.885349750518799, -6.472457408905029];[];271.4967131614685
3900;[3.400075674057007, 3.128490686416626, 2.861406087875366, 3.00485897064209, 3.046351671218872, 3.2291100025177];[0.42518237233161926, 0.41935262084007263, 0.39007899165153503, 0.47883257269859314, 0.546893298625946, 0.6320353746414185];[-2.1462230682373047, -2.161940574645996, -2.0684750080108643, -2.293837547302246, -2.495371103286743, -2.8090415000915527];[];272.1013996601105
3950;[3.5219907760620117, 3.4232985973358154, 3.5310120582580566, 3.4984545707702637, 3.703763484954834, 3.7154533863067627];[0.43788301944732666, 0.4892750084400177, 0.5186049938201904, 0.5585982799530029, 0.6430985331535339, 0.6253984570503235];[-2.1906542778015137, -2.3397395610809326, -2.44696307182312, -2.5309622287750244, -2.8240983486175537, -2.7674949169158936];[];269.5867576599121
4000;[3.4889564514160156, 2.655984878540039, 2.756234645843506, 2.732504367828369, 2.646676778793335, 2.7524607181549072];[0.419704794883728, 0.3035951852798462, 0.3560178279876709, 0.35629621148109436, 0.3580838739871979, 0.37684428691864014];[-2.1676790714263916, -1.8493694067001343, -2.0667407512664795, -2.080749988555908, -2.039473295211792, -2.1861939430236816];[];272.2422046661377
4050;[3.568859577178955, 3.7716224193573, 4.124633312225342, 4.217913627624512, 4.180853843688965, 4.269314765930176];[0.4272952973842621, 0.6300318837165833, 0.7510230541229248, 0.8420741558074951, 0.8902705311775208, 0.8520064949989319];[-2.2002525329589844, -2.8810067176818848, -3.6080734729766846, -4.176779270172119, -4.668065071105957, -4.477377414703369];[];270.2325086593628
4100;[3.4559199810028076, 2.697129964828491, 2.464216470718384, 2.649888753890991, 2.4457764625549316, 2.3670876026153564];[0.43601733446121216, 0.3305310606956482, 0.3381011486053467, 0.358385294675827, 0.35574740171432495, 0.3358944356441498];[-2.1943347454071045, -1.9859106540679932, -2.0777854919433594, -2.2565758228302, -2.331557273864746, -2.2525413036346436];[];267.4081838130951
4150;[3.433300495147705, 2.806403875350952, 2.8584671020507812, 3.175459384918213, 3.0466127395629883, 3.3885250091552734];[0.4243253767490387, 0.3680562376976013, 0.48242929577827454, 0.6111892461776733, 0.5925996899604797, 0.6890578866004944];[-2.129598617553711, -2.052436590194702, -2.3670902252197266, -2.855997323989868, -2.791884422302246, -3.2033679485321045];[];274.341650724411
4200;[3.552973985671997, 2.570887565612793, 2.2883708477020264, 2.4474947452545166, 2.4252429008483887, 2.4695630073547363];[0.4355594515800476, 0.2853021025657654, 0.2634248435497284, 0.30029723048210144, 0.34595492482185364, 0.4140550196170807];[-2.2056286334991455, -1.7996962070465088, -1.714739203453064, -1.8640296459197998, -1.939767837524414, -2.15716290473938];[];276.1254539489746
4250;[3.439617872238159, 2.616208553314209, 2.5572669506073, 2.7622952461242676, 2.897186279296875, 3.0149266719818115];[0.4486544132232666, 0.3120395243167877, 0.2920912206172943, 0.38217541575431824, 0.5611366033554077, 0.610593855381012];[-2.158219337463379, -1.888795256614685, -1.8142611980438232, -2.014462947845459, -2.5795981884002686, -2.906153917312622];[];269.7746653556824
4300;[3.4404165744781494, 3.7361745834350586, 3.754044532775879, 3.8740074634552, 4.208358287811279, 4.368875503540039];[0.4380873441696167, 0.5137466192245483, 0.5903844237327576, 0.6573729515075684, 0.709439218044281, 0.7451199889183044];[-2.167135715484619, -2.4283533096313477, -2.6437606811523438, -2.917677640914917, -3.15266752243042, -3.3461267948150635];[];268.7906422615051
4350;[3.5066659450531006, 3.482506275177002, 3.7159698009490967, 3.8735239505767822, 4.268571853637695, 4.13763952255249];[0.42971107363700867, 0.5373699069023132, 0.7043946981430054, 0.7742887139320374, 0.8701412677764893, 0.8727164268493652];[-2.201038360595703, -2.5174074172973633, -3.219951629638672, -3.8831353187561035, -4.726237773895264, -4.849510192871094];[];264.45403504371643
4400;[3.388012409210205, 3.485166311264038, 3.6037237644195557, 3.5148580074310303, 3.468550205230713, 3.3388683795928955];[0.43449947237968445, 0.5013317465782166, 0.5254039764404297, 0.5356972813606262, 0.5021592974662781, 0.4882503151893616];[-2.1369526386260986, -2.313025951385498, -2.427985906600952, -2.3861899375915527, -2.3854801654815674, -2.2952935695648193];[];269.29516434669495
4450;[3.46403431892395, 3.133500099182129, 3.2166764736175537, 3.4345481395721436, 3.6516144275665283, 3.766883373260498];[0.4295528829097748, 0.4179794192314148, 0.5133386254310608, 0.5837668180465698, 0.6417443156242371, 0.7052034139633179];[-2.17692232131958, -2.1229305267333984, -2.3994557857513428, -2.6696479320526123, -2.9893364906311035, -3.3134663105010986];[];270.27779245376587
4500;[3.435029983520508, 3.7221620082855225, 3.549114465713501, 3.747901678085327, 3.907806634902954, 3.8304927349090576];[0.4312841594219208, 0.5545510053634644, 0.4947220981121063, 0.5581258535385132, 0.5943206548690796, 0.5965582728385925];[-2.1519405841827393, -2.4501044750213623, -2.374846935272217, -2.4877912998199463, -2.6207308769226074, -2.6097230911254883];[];270.67444586753845
4550;[3.4912192821502686, 3.0216305255889893, 2.8502020835876465, 3.1682379245758057, 3.5515851974487305, 4.015283107757568];[0.41575321555137634, 0.35594817996025085, 0.31619808077812195, 0.4762837290763855, 0.7252106666564941, 0.866845965385437];[-2.1820414066314697, -2.072793960571289, -1.8778129816055298, -2.3131232261657715, -3.4672164916992188, -4.830811500549316];[];267.4864819049835
4600;[3.322650909423828, 3.4858927726745605, 3.4215428829193115, 3.525270700454712, 3.6255407333374023, 3.6786606311798096];[0.43635958433151245, 0.4707506597042084, 0.5134479403495789, 0.5748414397239685, 0.6115279793739319, 0.6281481385231018];[-2.133258819580078, -2.28497576713562, -2.3692467212677, -2.5762832164764404, -2.7257046699523926, -2.8096840381622314];[];272.79090213775635
4650;[3.4254584312438965, 3.6080212593078613, 3.861036539077759, 3.933789014816284, 3.8497636318206787, 3.9386913776397705];[0.4274805188179016, 0.5414869785308838, 0.6003535985946655, 0.6531197428703308, 0.6576464772224426, 0.6733578443527222];[-2.1472837924957275, -2.4561781883239746, -2.7583718299865723, -2.9013009071350098, -2.890714406967163, -3.057515859603882];[];271.25702118873596
4700;[3.4441146850585938, 2.9025022983551025, 2.6382577419281006, 2.741128921508789, 2.830629825592041, 3.2538833618164062];[0.4355427324771881, 0.3281385898590088, 0.3043486773967743, 0.314852774143219, 0.38961681723594666, 0.6325269341468811];[-2.167985439300537, -1.9729965925216675, -1.848815679550171, -1.926414966583252, -2.086613416671753, -2.9788146018981934];[];273.795024394989
4750;[3.427764654159546, 3.801083564758301, 3.7890396118164062, 3.7597222328186035, 3.6591944694519043, 3.7649710178375244];[0.43967872858047485, 0.8087583780288696, 0.8900632858276367, 0.882762610912323, 0.898975133895874, 0.9181917905807495];[-2.1648216247558594, -4.000314235687256, -4.715754985809326, -4.997018337249756, -5.203703880310059, -5.650782585144043];[];268.8110930919647
4800;[3.6132876873016357, 2.7091779708862305, 2.9194724559783936, 3.149090528488159, 3.2346744537353516, 3.5639755725860596];[0.43190473318099976, 0.3282106816768646, 0.4629281759262085, 0.5820173025131226, 0.708561897277832, 0.8199508786201477];[-2.2278809547424316, -1.901107668876648, -2.2932517528533936, -2.7611703872680664, -3.460308074951172, -4.307134628295898];[];270.3444480895996
4850;[3.4939403533935547, 3.7007436752319336, 3.8731560707092285, 3.9758477210998535, 4.052298545837402, 4.056126117706299];[0.42048031091690063, 0.5997700095176697, 0.652243435382843, 0.6809108257293701, 0.7083694934844971, 0.7059308290481567];[-2.1906533241271973, -2.6127076148986816, -2.874887228012085, -3.058666467666626, -3.2212419509887695, -3.239983081817627];[];266.9531681537628
4900;[3.500035047531128, 3.8629395961761475, 4.327412128448486, 4.649265289306641, 4.760669708251953, 5.013481140136719];[0.43954998254776, 0.8268008828163147, 0.9883629083633423, 1.065797209739685, 1.0660862922668457, 1.158590316772461];[-2.187502145767212, -4.292487144470215, -6.447061061859131, -7.752480506896973, -8.229820251464844, -9.6043119430542];[];265.85344886779785
4950;[3.6074352264404297, 3.764045238494873, 3.799989938735962, 3.887300729751587, 3.860888719558716, 3.831672430038452];[0.4442906975746155, 0.5364722013473511, 0.5369493961334229, 0.5763477683067322, 0.6045518517494202, 0.5764368176460266];[-2.2326273918151855, -2.4837734699249268, -2.4906744956970215, -2.574312210083008, -2.6413002014160156, -2.602468967437744];[];276.72606897354126
5000;[3.4515857696533203, 3.055365562438965, 3.1489672660827637, 2.949352502822876, 2.961615800857544, 2.8235552310943604];[0.4284898042678833, 0.6216381788253784, 0.7320883274078369, 0.7411797642707825, 0.7354910969734192, 0.7824223041534424];[-2.155395984649658, -3.0297036170959473, -3.6541695594787598, -3.775954484939575, -3.7970962524414062, -3.9690403938293457];[];268.8732523918152
5050;[3.4448494911193848, 2.780971050262451, 2.7690327167510986, 3.03732967376709, 3.4220917224884033, 3.653607130050659];[0.42627382278442383, 0.3501717448234558, 0.4728277921676636, 0.6431682109832764, 0.7339255213737488, 0.8507897853851318];[-2.140512466430664, -1.9562610387802124, -2.2116262912750244, -2.9532742500305176, -3.607020378112793, -4.489841938018799];[];273.53545784950256
5100;[3.3854267597198486, 3.1115705966949463, 3.3210556507110596, 3.445521831512451, 3.8635940551757812, 3.9426283836364746];[0.4483056366443634, 0.4103449583053589, 0.5772320628166199, 0.7035096287727356, 0.8207086324691772, 0.83259516954422];[-2.1356468200683594, -2.1232621669769287, -2.6858434677124023, -3.290282726287842, -4.073097229003906, -4.46188497543335];[];268.91720390319824
5150;[3.388988733291626, 3.4705684185028076, 3.5018084049224854, 3.5565221309661865, 3.7786612510681152, 3.7490108013153076];[0.42629897594451904, 0.5265471339225769, 0.5428255200386047, 0.5580199360847473, 0.6383228898048401, 0.6402718424797058];[-2.144418954849243, -2.378706932067871, -2.4589643478393555, -2.5065994262695312, -2.783989906311035, -2.8305344581604004];[];266.1570997238159
5200;[3.482097625732422, 3.547098159790039, 3.7778143882751465, 3.7845399379730225, 3.7777721881866455, 3.934525966644287];[0.44505175948143005, 0.5087353587150574, 0.5407311916351318, 0.5475746393203735, 0.5689059495925903, 0.6076119542121887];[-2.1873252391815186, -2.321437120437622, -2.4997355937957764, -2.4355669021606445, -2.4992313385009766, -2.638108253479004];[];250.76009273529053
5250;[3.4543895721435547, 4.161052227020264, 4.165985584259033, 4.050577163696289, 4.122941970825195, 4.096001148223877];[0.4224918782711029, 0.7389019727706909, 0.7882378101348877, 0.7751700282096863, 0.8284699320793152, 0.8387017846107483];[-2.180452346801758, -3.430893898010254, -3.8339338302612305, -3.777470588684082, -4.294699192047119, -4.398425102233887];[];273.49604415893555
5300;[3.384072780609131, 3.0951459407806396, 3.126264810562134, 3.1585514545440674, 3.312290906906128, 3.348054885864258];[0.43511489033699036, 0.5188582539558411, 0.5975423455238342, 0.6784847378730774, 0.7160412073135376, 0.741342306137085];[-2.12966251373291, -2.4755876064300537, -2.842604398727417, -3.167428493499756, -3.443438768386841, -3.6864027976989746];[];269.5499243736267
5350;[3.5128014087677, 3.663027763366699, 3.907228469848633, 4.096531867980957, 4.330041408538818, 4.465197563171387];[0.43577641248703003, 0.5462719798088074, 0.6982913613319397, 0.7486333847045898, 0.8024911880493164, 0.8227138519287109];[-2.1909666061401367, -2.538738489151001, -3.066728115081787, -3.4930312633514404, -3.8940398693084717, -4.072423934936523];[];269.1289403438568
5400;[3.4227616786956787, 3.451957941055298, 3.5571439266204834, 3.5334086418151855, 3.6152472496032715, 3.736711025238037];[0.419302374124527, 0.4570735991001129, 0.48012420535087585, 0.5594722032546997, 0.5822502970695496, 0.6251536011695862];[-2.13055157661438, -2.2694082260131836, -2.3306095600128174, -2.445061683654785, -2.6285617351531982, -2.82883620262146];[];272.17380952835083
5450;[3.4153659343719482, 3.8049800395965576, 3.792970895767212, 3.8868844509124756, 4.035549163818359, 3.7184431552886963];[0.42600539326667786, 0.5474705100059509, 0.5721378922462463, 0.6417619585990906, 0.6852746605873108, 0.6396238803863525];[-2.1372056007385254, -2.484764575958252, -2.621729850769043, -2.875495195388794, -3.027167558670044, -2.759920358657837];[];271.1524512767792
5500;[3.3816285133361816, 3.3966407775878906, 3.7367546558380127, 3.9998602867126465, 4.03535795211792, 4.109914779663086];[0.43203434348106384, 0.5098026990890503, 0.6139779090881348, 0.6842665672302246, 0.7088329792022705, 0.7061348557472229];[-2.147369146347046, -2.3450188636779785, -2.7525923252105713, -3.08217191696167, -3.2740578651428223, -3.343181610107422];[];271.14980459213257
5550;[3.5486812591552734, 2.6780805587768555, 2.44423246383667, 2.3569581508636475, 2.266084909439087, 2.3073408603668213];[0.4252362549304962, 0.3251187205314636, 0.2994195222854614, 0.29453879594802856, 0.33241263031959534, 0.4022936224937439];[-2.1902449131011963, -1.9353718757629395, -1.8487303256988525, -1.839448094367981, -1.9392136335372925, -2.136300563812256];[];269.8554904460907
5600;[3.37861967086792, 2.6619229316711426, 2.502155065536499, 2.2891671657562256, 2.306649684906006, 2.1959228515625];[0.4175051152706146, 0.3161514103412628, 0.31992006301879883, 0.2968500554561615, 0.2885006070137024, 0.29139745235443115];[-2.123978853225708, -1.8832281827926636, -1.9604464769363403, -1.9383777379989624, -1.9518510103225708, -1.9374297857284546];[];271.2277293205261
5650;[3.4458436965942383, 3.3940165042877197, 3.5848636627197266, 3.82774019241333, 4.068868637084961, 4.030389785766602];[0.4161941409111023, 0.5313244462013245, 0.6016380190849304, 0.6764151453971863, 0.7646003365516663, 0.7578349113464355];[-2.1508853435516357, -2.4172661304473877, -2.6881957054138184, -3.071044445037842, -3.47300124168396, -3.556932210922241];[];270.91382336616516
5700;[3.518735647201538, 2.639842987060547, 2.436488628387451, 2.374737024307251, 2.4985673427581787, 2.3285160064697266];[0.42927441000938416, 0.3291577100753784, 0.30391156673431396, 0.3026741147041321, 0.33343401551246643, 0.32734692096710205];[-2.1884829998016357, -1.9726591110229492, -1.8674935102462769, -1.8903026580810547, -2.0562777519226074, -1.9077657461166382];[];273.09867906570435
5750;[3.495710849761963, 3.3410112857818604, 3.1581778526306152, 3.218292474746704, 2.932685613632202, 2.9655981063842773];[0.43353694677352905, 0.4769825339317322, 0.45673149824142456, 0.5111188292503357, 0.5263980627059937, 0.5173953771591187];[-2.173147678375244, -2.2990128993988037, -2.259092330932617, -2.4050397872924805, -2.410804510116577, -2.4469971656799316];[];270.4785315990448
5800;[3.6056039333343506, 2.5858991146087646, 2.768622398376465, 2.577719211578369, 2.5598676204681396, 2.545008659362793];[0.4248155355453491, 0.28349190950393677, 0.42503872513771057, 0.41260287165641785, 0.4169696569442749, 0.44213759899139404];[-2.218609094619751, -1.813546895980835, -2.256770133972168, -2.284912109375, -2.3770058155059814, -2.5052742958068848];[];265.34465408325195
5850;[3.4156088829040527, 3.6037344932556152, 3.5886714458465576, 3.754162073135376, 3.925917148590088, 3.9055213928222656];[0.4235422909259796, 0.5058674216270447, 0.5517206192016602, 0.630255937576294, 0.6800892353057861, 0.6692526340484619];[-2.141894578933716, -2.412250280380249, -2.5363447666168213, -2.786972761154175, -2.997344732284546, -2.939242124557495];[];272.94354724884033
5900;[3.505112886428833, 3.507516622543335, 3.487349510192871, 3.317708730697632, 3.4113848209381104, 3.2264435291290283];[0.42549750208854675, 0.4790172278881073, 0.49103376269340515, 0.47412174940109253, 0.46853652596473694, 0.4624336361885071];[-2.1845786571502686, -2.3111844062805176, -2.3633675575256348, -2.288527011871338, -2.3294599056243896, -2.256880760192871];[];253.8950011730194
5950;[3.426513195037842, 3.667051315307617, 3.760293483734131, 3.642535448074341, 3.893131971359253, 4.091373920440674];[0.42651665210723877, 0.5528177618980408, 0.5539306998252869, 0.5565237402915955, 0.6110032796859741, 0.6447166800498962];[-2.1390936374664307, -2.4640448093414307, -2.5330421924591064, -2.5111427307128906, -2.727734327316284, -2.891132354736328];[];272.5834410190582
6000;[3.5324230194091797, 3.4471240043640137, 3.27951717376709, 3.4116225242614746, 3.3235597610473633, 3.325864791870117];[0.4432600140571594, 0.6258572340011597, 0.6167117953300476, 0.7058011889457703, 0.7106122970581055, 0.7114375233650208];[-2.2023110389709473, -2.820178270339966, -2.8321895599365234, -3.2852861881256104, -3.30975341796875, -3.5205981731414795];[];273.7835302352905
6050;[3.525528907775879, 2.686671495437622, 2.554952621459961, 2.479954242706299, 2.3798646926879883, 2.2654011249542236];[0.42639636993408203, 0.30056554079055786, 0.30096015334129333, 0.2955685257911682, 0.29831796884536743, 0.32100769877433777];[-2.1861791610717773, -1.8723427057266235, -1.8626587390899658, -1.8841876983642578, -1.883637547492981, -1.874515175819397];[];271.62368535995483
6100;[3.5386545658111572, 3.192237138748169, 3.3182320594787598, 3.1493706703186035, 2.921825408935547, 2.9952619075775146];[0.42927420139312744, 0.42281559109687805, 0.4241656959056854, 0.40925103425979614, 0.3935784101486206, 0.42054131627082825];[-2.185875177383423, -2.126264810562134, -2.1637609004974365, -2.1297831535339355, -2.0732622146606445, -2.168635368347168];[];273.9686596393585
6150;[3.391819715499878, 3.269890546798706, 3.4407544136047363, 3.571746826171875, 3.446038007736206, 3.578780174255371];[0.4235442280769348, 0.44746413826942444, 0.5511732697486877, 0.6584848165512085, 0.6101833581924438, 0.683638334274292];[-2.118706703186035, -2.211073875427246, -2.559875249862671, -2.907715082168579, -2.792095899581909, -3.093984603881836];[];270.31539249420166
6200;[3.3767919540405273, 3.017582654953003, 2.489687442779541, 2.700103521347046, 2.8420023918151855, 3.0836148262023926];[0.4224041700363159, 0.38289618492126465, 0.29286596179008484, 0.367649108171463, 0.5025297999382019, 0.5774388909339905];[-2.12829852104187, -2.1397266387939453, -1.803145408630371, -2.032236099243164, -2.388601303100586, -2.7689688205718994];[];273.4054796695709
6250;[3.4127135276794434, 2.638000965118408, 2.2134828567504883, 2.3974289894104004, 2.605525016784668, 2.4849817752838135];[0.4282115697860718, 0.32340553402900696, 0.2655872404575348, 0.29593348503112793, 0.33549362421035767, 0.31912359595298767];[-2.147883415222168, -1.9181334972381592, -1.7258706092834473, -1.8941328525543213, -2.099417209625244, -1.966881275177002];[];281.242564201355
6300;[3.496427297592163, 4.1395440101623535, 4.378079891204834, 4.740630626678467, 4.661834239959717, 4.931657791137695];[0.44612348079681396, 0.8793175220489502, 1.0279914140701294, 1.0797953605651855, 1.1119712591171265, 1.1541435718536377];[-2.1842172145843506, -5.078255653381348, -7.568029880523682, -8.806220054626465, -9.302441596984863, -10.05901050567627];[];272.99287605285645
6350;[3.510988473892212, 3.150442600250244, 3.191071033477783, 3.1757349967956543, 3.300356149673462, 3.344796657562256];[0.4416903555393219, 0.4137907028198242, 0.4319886565208435, 0.4642232656478882, 0.5070230960845947, 0.5186656713485718];[-2.1968064308166504, -2.091235399246216, -2.148172378540039, -2.2123188972473145, -2.334352493286133, -2.4415814876556396];[];252.6125044822693
6400;[3.5146305561065674, 2.6903793811798096, 2.435487985610962, 2.555403470993042, 2.140901565551758, 2.3217313289642334];[0.43778032064437866, 0.3182564079761505, 0.33177849650382996, 0.3793087601661682, 0.32677793502807617, 0.3649023175239563];[-2.175811529159546, -1.9283701181411743, -2.1256091594696045, -2.3450679779052734, -2.041395664215088, -2.247971296310425];[];270.6601939201355
6450;[3.491072177886963, 2.807138681411743, 2.7134127616882324, 2.6515727043151855, 2.6462225914001465, 2.5158493518829346];[0.41797226667404175, 0.3353841006755829, 0.36542969942092896, 0.33712348341941833, 0.3239224851131439, 0.3134000301361084];[-2.1565778255462646, -1.9468510150909424, -2.076627731323242, -1.96455717086792, -1.96676504611969, -1.9615625143051147];[];271.77302384376526
6500;[3.45418643951416, 2.9565956592559814, 2.626506805419922, 2.5693838596343994, 2.708465814590454, 2.5711100101470947];[0.42215070128440857, 0.4045880138874054, 0.4087126851081848, 0.45652347803115845, 0.5340667366981506, 0.5212087631225586];[-2.1604888439178467, -2.0740439891815186, -2.0984432697296143, -2.295060634613037, -2.5722334384918213, -2.5137362480163574];[];252.4509859085083
6550;[3.4759461879730225, 3.6735174655914307, 3.4468796253204346, 3.3667402267456055, 3.4311141967773438, 3.5238866806030273];[0.43682122230529785, 0.5296435356140137, 0.5453481674194336, 0.5671096444129944, 0.5741653442382812, 0.6131218075752258];[-2.1770341396331787, -2.463961362838745, -2.5163583755493164, -2.521804094314575, -2.578510284423828, -2.769052505493164];[];271.918808221817
6600;[3.4148435592651367, 3.540634870529175, 3.6416232585906982, 3.6686911582946777, 3.634883403778076, 3.6362950801849365];[0.4393862783908844, 0.5305503010749817, 0.6171870827674866, 0.6359639763832092, 0.6230688095092773, 0.6556283235549927];[-2.1478524208068848, -2.456235408782959, -2.7134292125701904, -2.837728500366211, -2.84381365776062, -2.92482852935791];[];259.98731565475464
6650;[3.355729818344116, 2.6230227947235107, 2.635984182357788, 2.660618782043457, 2.707840919494629, 2.4833579063415527];[0.4229552149772644, 0.32299190759658813, 0.3740668296813965, 0.376232385635376, 0.3936293423175812, 0.3754097819328308];[-2.1251649856567383, -1.9192891120910645, -2.180284023284912, -2.2799952030181885, -2.487569808959961, -2.3883190155029297];[];267.4184420108795
6700;[3.38685941696167, 3.46372127532959, 3.7153713703155518, 3.765521287918091, 3.842663049697876, 4.002083778381348];[0.41247639060020447, 0.46902891993522644, 0.5052018761634827, 0.4885268807411194, 0.5226172804832458, 0.5783302187919617];[-2.1057310104370117, -2.2289512157440186, -2.346639633178711, -2.31638503074646, -2.390848398208618, -2.5053622722625732];[];268.5742235183716
6750;[3.471536874771118, 3.3107962608337402, 3.2747011184692383, 3.396735429763794, 3.468353509902954, 3.4064016342163086];[0.44458886981010437, 0.46381908655166626, 0.5221441984176636, 0.5257642865180969, 0.6003113985061646, 0.5798503756523132];[-2.16890025138855, -2.2786612510681152, -2.364553928375244, -2.4817726612091064, -2.6767356395721436, -2.607015371322632];[];266.888210773468
6800;[3.47160005569458, 3.4239675998687744, 3.2779958248138428, 3.5207576751708984, 3.5003528594970703, 3.508183240890503];[0.42987900972366333, 0.47691434621810913, 0.4641181230545044, 0.5475210547447205, 0.5679991841316223, 0.5528727173805237];[-2.1651411056518555, -2.30059814453125, -2.2687301635742188, -2.4978039264678955, -2.533087968826294, -2.488443374633789];[];271.78651571273804
6850;[3.4110498428344727, 3.3512446880340576, 3.604752779006958, 3.5929837226867676, 3.761151075363159, 3.776411294937134];[0.4251982867717743, 0.4858667850494385, 0.5833328366279602, 0.595977246761322, 0.6244203448295593, 0.6780763864517212];[-2.153019666671753, -2.3153738975524902, -2.6395468711853027, -2.6887943744659424, -2.8190226554870605, -3.034714460372925];[];270.17692828178406
6900;[3.5187079906463623, 2.869983434677124, 2.4609174728393555, 2.5361549854278564, 2.63749361038208, 2.3903942108154297];[0.4233356714248657, 0.3454161286354065, 0.31748166680336, 0.31998521089553833, 0.32097792625427246, 0.2574493885040283];[-2.2008421421051025, -2.019031047821045, -1.821662425994873, -1.8965085744857788, -1.9328807592391968, -1.74207603931427];[];272.50583267211914
6950;[3.5780582427978516, 3.904893159866333, 3.598400592803955, 3.61614727973938, 3.852437734603882, 4.034252166748047];[0.42360320687294006, 0.7391164302825928, 0.7377103567123413, 0.7631338834762573, 0.7825509309768677, 0.7865627408027649];[-2.2075297832489014, -3.492114782333374, -3.376272678375244, -3.4972851276397705, -3.8146753311157227, -3.9745354652404785];[];266.43853211402893
7000;[3.4158263206481934, 2.6369564533233643, 2.6768627166748047, 2.617027759552002, 2.6037871837615967, 2.533565044403076];[0.4285704493522644, 0.3040720224380493, 0.3557838201522827, 0.37544041872024536, 0.36864614486694336, 0.3227914571762085];[-2.149294376373291, -1.8831617832183838, -2.0118227005004883, -1.9948997497558594, -2.0367276668548584, -1.895678997039795];[];270.9709577560425
7050;[3.4300379753112793, 3.7337002754211426, 3.6135005950927734, 3.7192976474761963, 3.981492757797241, 3.8172190189361572];[0.4253702163696289, 0.4940450191497803, 0.4834733307361603, 0.48319610953330994, 0.5523034334182739, 0.5373119711875916];[-2.1517746448516846, -2.370776891708374, -2.3060038089752197, -2.3234784603118896, -2.505014419555664, -2.3874731063842773];[];271.77080035209656
7100;[3.410305976867676, 3.5434961318969727, 3.694530487060547, 3.896375894546509, 4.073273181915283, 4.246638774871826];[0.4376327693462372, 0.4635108411312103, 0.5178309679031372, 0.5685571432113647, 0.5972903966903687, 0.640334963798523];[-2.152648448944092, -2.2726986408233643, -2.4081053733825684, -2.590681791305542, -2.670473337173462, -2.827230930328369];[];269.6308126449585
7150;[3.5161335468292236, 3.2852282524108887, 3.3051013946533203, 3.3346455097198486, 3.336702585220337, 3.2756385803222656];[0.43235188722610474, 0.4571428596973419, 0.5299558043479919, 0.5789284706115723, 0.5565704703330994, 0.5610528588294983];[-2.1999800205230713, -2.250444173812866, -2.4702794551849365, -2.6389594078063965, -2.5891380310058594, -2.5863070487976074];[];270.65863156318665
7200;[3.5014235973358154, 3.8899478912353516, 4.263714790344238, 4.343186855316162, 4.531617641448975, 4.510587215423584];[0.4243478775024414, 0.6916054487228394, 0.8332856297492981, 0.8580307364463806, 0.9013590812683105, 0.871512234210968];[-2.1711623668670654, -3.135953664779663, -4.042377471923828, -4.3975396156311035, -4.727850437164307, -4.643319129943848];[];267.5492272377014
7250;[3.41520094871521, 3.374886989593506, 3.3825771808624268, 3.329771041870117, 3.4535751342773438, 3.3969686031341553];[0.43882137537002563, 0.44879648089408875, 0.455344557762146, 0.5116127729415894, 0.5176055431365967, 0.5331739783287048];[-2.163580894470215, -2.2164483070373535, -2.2576816082000732, -2.3438003063201904, -2.456435441970825, -2.417235851287842];[];271.717515707016
7300;[3.3458776473999023, 3.1236541271209717, 3.290764808654785, 3.3579375743865967, 3.4197041988372803, 3.498382806777954];[0.4245806336402893, 0.4285565912723541, 0.5520631670951843, 0.6469159126281738, 0.660784900188446, 0.7155759334564209];[-2.1103062629699707, -2.1640355587005615, -2.5710384845733643, -2.9243462085723877, -3.0534720420837402, -3.4313101768493652];[];270.56454825401306
7350;[3.397529125213623, 3.373788356781006, 3.3869786262512207, 3.366361379623413, 3.513519287109375, 3.4278578758239746];[0.42025071382522583, 0.4270324409008026, 0.4757380485534668, 0.47573259472846985, 0.5204588770866394, 0.5197651982307434];[-2.1386537551879883, -2.1434760093688965, -2.243661642074585, -2.2683186531066895, -2.4149012565612793, -2.4047036170959473];[];290.516211271286
7400;[3.4258272647857666, 3.3970820903778076, 3.4775993824005127, 3.4942643642425537, 3.5354998111724854, 3.4794833660125732];[0.42250290513038635, 0.46288812160491943, 0.4712652564048767, 0.5015697479248047, 0.5366054177284241, 0.5214101076126099];[-2.1374926567077637, -2.208122968673706, -2.272001266479492, -2.365734338760376, -2.443446636199951, -2.4175498485565186];[];268.70468044281006
7450;[3.468332529067993, 3.102231740951538, 2.8961188793182373, 2.921638011932373, 2.937607765197754, 3.2021684646606445];[0.4213467240333557, 0.5702798962593079, 0.6004095673561096, 0.6097949147224426, 0.6723788976669312, 0.712461531162262];[-2.1579253673553467, -2.6644155979156494, -2.7528891563415527, -2.901066780090332, -3.3372232913970947, -3.59505558013916];[];268.54379296302795
7500;[3.5145277976989746, 3.144517421722412, 3.2773313522338867, 3.345472574234009, 3.3097472190856934, 3.322974681854248];[0.4435330033302307, 0.509487509727478, 0.5805712938308716, 0.631611168384552, 0.6618300676345825, 0.7126169800758362];[-2.1853690147399902, -2.367232084274292, -2.719623565673828, -2.942255973815918, -2.980351209640503, -3.2460219860076904];[];269.90093898773193
7550;[3.49364972114563, 3.586151599884033, 3.5398173332214355, 3.8343498706817627, 3.812234401702881, 3.845069646835327];[0.4522863030433655, 0.511721670627594, 0.5375860929489136, 0.5987389087677002, 0.6060830950737, 0.6055481433868408];[-2.174058675765991, -2.3963184356689453, -2.422792673110962, -2.6985843181610107, -2.6886584758758545, -2.6993472576141357];[];272.0233507156372
7600;[3.4201762676239014, 3.12127685546875, 3.2420613765716553, 3.3114354610443115, 3.370276689529419, 3.4285762310028076];[0.42099300026893616, 0.49255073070526123, 0.5203241109848022, 0.5962429642677307, 0.6605890989303589, 0.6893889307975769];[-2.1503331661224365, -2.277557611465454, -2.4192616939544678, -2.6967170238494873, -2.992403507232666, -3.155092477798462];[];269.0989112854004
7650;[3.324361801147461, 3.4871013164520264, 3.608030319213867, 3.553535223007202, 3.6591086387634277, 3.6251654624938965];[0.4284830391407013, 0.49125105142593384, 0.5336757302284241, 0.5718985795974731, 0.5680490136146545, 0.5798384547233582];[-2.116255283355713, -2.255983829498291, -2.440589666366577, -2.5218544006347656, -2.5360865592956543, -2.5916123390197754];[];254.37142992019653
7700;[3.4914183616638184, 3.1688380241394043, 3.562340259552002, 3.5238096714019775, 3.5864450931549072, 3.4768412113189697];[0.4202416241168976, 0.5290030241012573, 0.6423857808113098, 0.6600404381752014, 0.7702490091323853, 0.7962128520011902];[-2.1748931407928467, -2.399387836456299, -3.08292293548584, -3.2387709617614746, -3.7919299602508545, -3.9740443229675293];[];252.00368094444275
7750;[3.4902026653289795, 3.1614458560943604, 3.095684051513672, 2.9743123054504395, 2.8918039798736572, 2.818148374557495];[0.43585360050201416, 0.40960004925727844, 0.4581182599067688, 0.48023349046707153, 0.5043580532073975, 0.47902172803878784];[-2.162146806716919, -2.080031394958496, -2.169443368911743, -2.284815788269043, -2.3249056339263916, -2.317718267440796];[];273.59244656562805
7800;[3.500040292739868, 3.1397037506103516, 3.0344483852386475, 3.1029436588287354, 3.139401912689209, 2.9421207904815674];[0.4382328689098358, 0.4257146716117859, 0.3915442228317261, 0.4021758437156677, 0.38947778940200806, 0.38069114089012146];[-2.187696695327759, -2.1068599224090576, -2.037137031555176, -2.107144355773926, -2.1280014514923096, -2.0348727703094482];[];273.4815671443939
7850;[3.4770216941833496, 3.832854747772217, 3.9944255352020264, 4.189518451690674, 4.173134803771973, 4.38200044631958];[0.4325808882713318, 0.5622735023498535, 0.603375256061554, 0.6490945816040039, 0.6597641706466675, 0.7179816961288452];[-2.1807198524475098, -2.4982898235321045, -2.6639058589935303, -2.8722853660583496, -2.9400088787078857, -3.1836397647857666];[];254.1348316669464
7900;[3.4245622158050537, 2.7203140258789062, 2.4694995880126953, 2.4559667110443115, 2.3525795936584473, 2.423358678817749];[0.4227728843688965, 0.3311252295970917, 0.2937498688697815, 0.2959408462047577, 0.2958351671695709, 0.30719539523124695];[-2.167055368423462, -1.957165002822876, -1.8306958675384521, -1.8432706594467163, -1.8062214851379395, -1.8512364625930786];[];271.90030312538147
7950;[3.5208237171173096, 3.1995956897735596, 3.1804616451263428, 3.453887462615967, 3.4280519485473633, 3.521885395050049];[0.4353019595146179, 0.5706958770751953, 0.691088080406189, 0.8581400513648987, 0.8718937039375305, 0.9024824500083923];[-2.2185897827148438, -2.666975736618042, -3.2883267402648926, -4.632313251495361, -4.93975830078125, -5.289397716522217];[];266.7550792694092
8000;[3.4087133407592773, 3.701021194458008, 3.6271603107452393, 3.6464626789093018, 3.679384469985962, 3.6693482398986816];[0.4271165132522583, 0.7680014371871948, 0.7817108035087585, 0.8749831914901733, 0.9372035264968872, 0.9729791283607483];[-2.1349101066589355, -3.8575830459594727, -4.094114303588867, -4.937461853027344, -5.736611843109131, -5.83295202255249];[];270.24585461616516
8050;[3.4201412200927734, 3.4603335857391357, 3.5641536712646484, 3.6344993114471436, 3.7594761848449707, 3.606760263442993];[0.4235568046569824, 0.5218256711959839, 0.4984379708766937, 0.5719665288925171, 0.5660631060600281, 0.5478764772415161];[-2.152250289916992, -2.3807029724121094, -2.4034981727600098, -2.506124496459961, -2.568922996520996, -2.4966163635253906];[];270.7846486568451
8100;[3.4205591678619385, 2.699799060821533, 2.4956743717193604, 2.505504846572876, 2.6688735485076904, 2.76328706741333];[0.42028412222862244, 0.3137306869029999, 0.3390669822692871, 0.36294567584991455, 0.44312697649002075, 0.5241228342056274];[-2.1421473026275635, -1.8721165657043457, -1.9413896799087524, -2.0200247764587402, -2.3136377334594727, -2.5731568336486816];[];253.04578924179077
8150;[3.483809471130371, 3.2428529262542725, 3.222132921218872, 3.0642895698547363, 3.224440813064575, 3.2620205879211426];[0.4155814051628113, 0.44638654589653015, 0.45582860708236694, 0.44789254665374756, 0.4694029688835144, 0.49963808059692383];[-2.1490190029144287, -2.19494891166687, -2.214954376220703, -2.158916473388672, -2.2983832359313965, -2.320441484451294];[];273.28189277648926
8200;[3.4265542030334473, 3.5881054401397705, 3.9230496883392334, 3.9200119972229004, 3.6914539337158203, 3.431926727294922];[0.44222769141197205, 0.5036611557006836, 0.5778805613517761, 0.5668045878410339, 0.5908765196800232, 0.5458301305770874];[-2.1642885208129883, -2.3427720069885254, -2.6288013458251953, -2.626457691192627, -2.624436378479004, -2.470078229904175];[];271.90361618995667
8250;[3.5096325874328613, 3.000058889389038, 3.0483384132385254, 3.1469297409057617, 3.3792059421539307, 3.3149139881134033];[0.4265439808368683, 0.45285764336586, 0.47384023666381836, 0.5768696665763855, 0.6674268841743469, 0.7318593859672546];[-2.200293779373169, -2.1882410049438477, -2.280010938644409, -2.653611183166504, -3.165616750717163, -3.4381425380706787];[];272.80037474632263
8300;[3.419157028198242, 3.4910664558410645, 3.57523250579834, 3.4009008407592773, 3.5022499561309814, 3.5544140338897705];[0.44192126393318176, 0.49595722556114197, 0.5481356978416443, 0.4839310050010681, 0.4932423233985901, 0.5335391163825989];[-2.1562514305114746, -2.319821357727051, -2.462963104248047, -2.286297559738159, -2.3608956336975098, -2.4876959323883057];[];276.6683602333069
8350;[3.440568208694458, 3.312410831451416, 3.1816177368164062, 3.3287675380706787, 3.2125070095062256, 3.334404468536377];[0.4387984573841095, 0.5073660016059875, 0.4648662507534027, 0.5471367239952087, 0.5118167400360107, 0.5590261220932007];[-2.1828620433807373, -2.3588380813598633, -2.259796619415283, -2.5223023891448975, -2.400686740875244, -2.6042897701263428];[];269.8216664791107
8400;[3.4663591384887695, 3.258563280105591, 3.2038257122039795, 3.5989298820495605, 3.7321455478668213, 3.998828172683716];[0.42127275466918945, 0.505456268787384, 0.6013850569725037, 0.7496095299720764, 0.8508586883544922, 0.9126557111740112];[-2.1589677333831787, -2.3620336055755615, -2.706718683242798, -3.6170103549957275, -4.365607738494873, -5.292725086212158];[];272.01311922073364
8450;[3.5360963344573975, 3.1087875366210938, 3.0979912281036377, 2.9672985076904297, 2.8297736644744873, 2.8571949005126953];[0.43971049785614014, 0.4494694173336029, 0.42221421003341675, 0.4338383674621582, 0.4923979938030243, 0.5232115387916565];[-2.192559242248535, -2.197490930557251, -2.1603007316589355, -2.193978786468506, -2.2817916870117188, -2.394634246826172];[];258.4184079170227
8500;[3.4333226680755615, 3.538052797317505, 3.5149805545806885, 3.332658290863037, 3.239880323410034, 3.350895404815674];[0.43046343326568604, 0.5115823745727539, 0.5157113075256348, 0.5095641016960144, 0.48597630858421326, 0.5442224144935608];[-2.172778844833374, -2.3919589519500732, -2.3868157863616943, -2.3359107971191406, -2.2909653186798096, -2.419218063354492];[];270.7728695869446
8550;[3.4510583877563477, 2.8303799629211426, 2.863755702972412, 2.6446287631988525, 2.457533836364746, 2.3033533096313477];[0.429423451423645, 0.39733976125717163, 0.38962963223457336, 0.3815518617630005, 0.40421533584594727, 0.4337165355682373];[-2.1546132564544678, -2.0585219860076904, -2.1759767532348633, -2.150550603866577, -2.1814584732055664, -2.226989269256592];[];274.21891260147095
8600;[3.537524700164795, 3.1494078636169434, 2.893831253051758, 2.8958017826080322, 2.816824436187744, 3.179222345352173];[0.4289161264896393, 0.37973716855049133, 0.34224608540534973, 0.38942262530326843, 0.4714241027832031, 0.5780452489852905];[-2.2009687423706055, -2.0676639080047607, -1.9600770473480225, -2.0951266288757324, -2.188694715499878, -2.6442947387695312];[];259.658723115921
8650;[3.4902520179748535, 2.609252691268921, 2.7293765544891357, 2.563471794128418, 2.665154218673706, 2.594399929046631];[0.4298435151576996, 0.31478849053382874, 0.3549537658691406, 0.430783212184906, 0.5200576782226562, 0.611270546913147];[-2.1816182136535645, -1.8609291315078735, -2.0246503353118896, -2.201854944229126, -2.5939180850982666, -2.91524600982666];[];271.8527321815491
8700;[3.4459896087646484, 2.977160692214966, 3.1365602016448975, 3.36456036567688, 3.3833518028259277, 3.5126261711120605];[0.4349559545516968, 0.3746144473552704, 0.4633331000804901, 0.549693763256073, 0.6643352508544922, 0.6858172416687012];[-2.1800506114959717, -2.006113052368164, -2.2415623664855957, -2.563753128051758, -3.0574429035186768, -3.2537777423858643];[];271.88461780548096
8750;[3.5104923248291016, 3.4963085651397705, 3.6218552589416504, 3.4316999912261963, 3.6661694049835205, 3.4814956188201904];[0.43076255917549133, 0.4490993618965149, 0.4946773052215576, 0.5022477507591248, 0.533907413482666, 0.49761664867401123];[-2.1839663982391357, -2.224611759185791, -2.3375613689422607, -2.297210216522217, -2.412834644317627, -2.3069005012512207];[];273.62003469467163
8800;[3.4627010822296143, 3.346458911895752, 3.54890513420105, 3.4459118843078613, 3.463608503341675, 3.4288668632507324];[0.42997217178344727, 0.39954873919487, 0.4375438988208771, 0.4578133523464203, 0.4474744498729706, 0.446364164352417];[-2.172520637512207, -2.1081948280334473, -2.2484793663024902, -2.206076145172119, -2.216062307357788, -2.212718963623047];[];271.6673307418823
8850;[3.55043625831604, 3.792396068572998, 3.9881513118743896, 4.0364789962768555, 3.7714898586273193, 3.9767560958862305];[0.4316394031047821, 0.7249900698661804, 0.8463537693023682, 0.8590168356895447, 0.8278542757034302, 0.8749428987503052];[-2.1970880031585693, -3.493990182876587, -4.3956146240234375, -4.688645362854004, -4.202090740203857, -4.5018310546875];[];271.8703033924103
8900;[3.452826499938965, 3.655945301055908, 3.632708787918091, 3.6953954696655273, 3.8905458450317383, 3.887036085128784];[0.42510244250297546, 0.48491546511650085, 0.5212456583976746, 0.5445736646652222, 0.5681748390197754, 0.5415443778038025];[-2.1639912128448486, -2.394845485687256, -2.4055521488189697, -2.435270071029663, -2.5428829193115234, -2.4988064765930176];[];272.8825476169586
8950;[3.367286443710327, 3.058345079421997, 2.706719398498535, 2.6007208824157715, 2.5969836711883545, 2.345327854156494];[0.43160152435302734, 0.359070748090744, 0.35123351216316223, 0.36104851961135864, 0.35008010268211365, 0.32505449652671814];[-2.137305974960327, -1.9861860275268555, -1.972377061843872, -2.0602591037750244, -2.2315914630889893, -2.097087860107422];[];272.39267587661743
9000;[3.509927272796631, 3.3756611347198486, 3.4667108058929443, 3.6146903038024902, 3.565605401992798, 3.650595188140869];[0.43090856075286865, 0.5151378512382507, 0.6130930185317993, 0.6894310712814331, 0.7231806516647339, 0.7437970042228699];[-2.1901438236236572, -2.4064958095550537, -2.7349624633789062, -3.1623008251190186, -3.3592469692230225, -3.484501600265503];[];271.24672532081604
9050;[3.5327253341674805, 3.473782777786255, 3.5764896869659424, 3.5824217796325684, 3.576920986175537, 3.533923864364624];[0.42746472358703613, 0.46417108178138733, 0.5010688304901123, 0.5168274641036987, 0.5357811450958252, 0.5516749620437622];[-2.1952664852142334, -2.2590363025665283, -2.3476459980010986, -2.400601863861084, -2.4628000259399414, -2.4442737102508545];[];272.6715290546417
9100;[3.367696523666382, 4.025990009307861, 4.453667640686035, 4.806035041809082, 5.005657196044922, 5.133142948150635];[0.4286576509475708, 0.8558261394500732, 1.0120806694030762, 1.0428462028503418, 1.093108892440796, 1.1485440731048584];[-2.1440486907958984, -4.672504901885986, -6.743363857269287, -7.8446364402771, -9.129454612731934, -10.245083808898926];[];257.77579712867737
9150;[3.388803243637085, 4.1193132400512695, 4.41013765335083, 4.43734884262085, 4.5278706550598145, 4.590695858001709];[0.4229702651500702, 0.8337804675102234, 0.9407496452331543, 1.0199800729751587, 1.0392512083053589, 1.074525237083435];[-2.1374030113220215, -4.685822010040283, -6.238273620605469, -7.593330383300781, -8.135038375854492, -8.713445663452148];[];272.4335925579071
9200;[3.5300161838531494, 3.3261492252349854, 3.2154154777526855, 3.151008129119873, 3.24589204788208, 3.2375502586364746];[0.4437246024608612, 0.4796109199523926, 0.4775720238685608, 0.463111937046051, 0.4704168140888214, 0.5384566783905029];[-2.2258903980255127, -2.311234951019287, -2.283055305480957, -2.2197957038879395, -2.2918553352355957, -2.426223039627075];[];271.85148310661316
9250;[3.492786407470703, 3.1900062561035156, 3.2840893268585205, 3.4739584922790527, 3.5731890201568604, 3.705822229385376];[0.4328988194465637, 0.41854825615882874, 0.5132756233215332, 0.6534498929977417, 0.7271578311920166, 0.8265957832336426];[-2.1787405014038086, -2.1187310218811035, -2.3879051208496094, -2.9497809410095215, -3.386653423309326, -4.0412516593933105];[];272.2655177116394
9300;[3.4580459594726562, 2.8146231174468994, 2.9098851680755615, 3.0841031074523926, 3.061607837677002, 3.1299703121185303];[0.427882581949234, 0.34461215138435364, 0.4477402865886688, 0.5230392813682556, 0.5400410890579224, 0.5762566328048706];[-2.165567636489868, -1.9685744047164917, -2.2013661861419678, -2.4249982833862305, -2.4717116355895996, -2.5626795291900635];[];273.6501531600952
9350;[3.5503883361816406, 3.7093913555145264, 3.864260673522949, 3.9244632720947266, 4.095284938812256, 4.31157112121582];[0.4310784637928009, 0.5750454068183899, 0.6319002509117126, 0.6691400408744812, 0.6816592216491699, 0.7622058987617493];[-2.1908836364746094, -2.544887065887451, -2.7908201217651367, -2.9751458168029785, -3.0688230991363525, -3.357088327407837];[];282.79447627067566
9400;[3.467446804046631, 3.4719817638397217, 3.7347774505615234, 3.8883187770843506, 3.9372963905334473, 3.9405624866485596];[0.43217605352401733, 0.44673222303390503, 0.48873019218444824, 0.5367860198020935, 0.5694352388381958, 0.5999765396118164];[-2.187335252761841, -2.220231771469116, -2.383165121078491, -2.490744113922119, -2.5958213806152344, -2.6490585803985596];[];271.0130341053009
9450;[3.485985040664673, 3.8978970050811768, 4.176321506500244, 4.134659290313721, 4.091868877410889, 4.077242851257324];[0.4293910562992096, 0.5887657999992371, 0.6543592810630798, 0.6697147488594055, 0.6876266598701477, 0.6894454956054688];[-2.175292730331421, -2.655588388442993, -2.9775328636169434, -3.027805805206299, -3.1229207515716553, -3.1419382095336914];[];272.6258337497711
9500;[3.4328224658966064, 3.3231332302093506, 3.147054433822632, 3.0760293006896973, 3.0870656967163086, 3.1478710174560547];[0.4145612120628357, 0.4465661942958832, 0.4089268743991852, 0.4180992543697357, 0.4043022394180298, 0.4404734671115875];[-2.138206720352173, -2.1517157554626465, -2.0833663940429688, -2.095625877380371, -2.1043028831481934, -2.1639325618743896];[];270.8570501804352
9550;[3.4682490825653076, 3.177314043045044, 2.7678840160369873, 2.6428017616271973, 2.5610387325286865, 2.315680742263794];[0.4244554936885834, 0.4230383336544037, 0.39903560280799866, 0.3844611644744873, 0.4638090431690216, 0.3997988998889923];[-2.1627941131591797, -2.1984026432037354, -2.100928783416748, -2.159972667694092, -2.3277206420898438, -2.1537435054779053];[];278.6317708492279
9600;[3.472961902618408, 3.5817861557006836, 3.5113909244537354, 3.3388450145721436, 3.5523629188537598, 3.378262996673584];[0.4330383241176605, 0.6738447546958923, 0.6404480934143066, 0.6235098838806152, 0.6677433848381042, 0.7336854338645935];[-2.180123805999756, -3.0054140090942383, -2.9469714164733887, -2.881876230239868, -3.100848913192749, -3.1829628944396973];[];267.4046440124512
9650;[3.451794147491455, 3.182751417160034, 3.273784637451172, 3.2418181896209717, 3.1797423362731934, 3.0279273986816406];[0.42521777749061584, 0.6383835673332214, 0.7361474633216858, 0.7134780883789062, 0.7159600853919983, 0.6971202492713928];[-2.1597330570220947, -3.0000319480895996, -3.5182464122772217, -3.565894603729248, -3.5414669513702393, -3.3410115242004395];[];270.4065911769867
9700;[3.6129822731018066, 2.9717748165130615, 2.560892343521118, 2.879457950592041, 2.438645601272583, 2.58469295501709];[0.4114971458911896, 0.3868975341320038, 0.3287334740161896, 0.35978662967681885, 0.3150772154331207, 0.3409321904182434];[-2.2278079986572266, -2.1046082973480225, -1.922368049621582, -2.221027135848999, -1.9942777156829834, -2.0785977840423584];[];272.7978296279907
9750;[3.4657483100891113, 2.9043002128601074, 2.8823800086975098, 3.4297688007354736, 3.762108325958252, 3.881373882293701];[0.4229542315006256, 0.3299787938594818, 0.3694159686565399, 0.6492581963539124, 0.7665765881538391, 0.8365107178688049];[-2.1522700786590576, -1.9444082975387573, -2.0065340995788574, -2.9408023357391357, -3.755247116088867, -4.435187816619873];[];272.93207263946533
9800;[3.4745001792907715, 3.6353464126586914, 3.4866654872894287, 3.5303306579589844, 3.3581602573394775, 3.38071346282959];[0.43103888630867004, 0.4586077332496643, 0.48622143268585205, 0.473970890045166, 0.468547523021698, 0.4945909082889557];[-2.180635452270508, -2.271101236343384, -2.2592170238494873, -2.282463312149048, -2.2424492835998535, -2.2759206295013428];[];271.8778371810913
9850;[3.5591089725494385, 3.4271223545074463, 3.3213751316070557, 3.303567409515381, 3.2474000453948975, 3.167250156402588];[0.4267617464065552, 0.46026644110679626, 0.4500845670700073, 0.42044317722320557, 0.4563957750797272, 0.4550285041332245];[-2.2096614837646484, -2.238722085952759, -2.2135355472564697, -2.1863205432891846, -2.2373406887054443, -2.204038619995117];[];273.4496548175812
9900;[3.3933238983154297, 3.074233293533325, 3.3824822902679443, 3.9543347358703613, 4.153324127197266, 4.345080375671387];[0.43316057324409485, 0.37302303314208984, 0.5060470104217529, 0.769809365272522, 0.8258525133132935, 0.9133858680725098];[-2.1431241035461426, -2.059936046600342, -2.4245588779449463, -3.777768850326538, -4.436280727386475, -5.394163131713867];[];270.78380823135376
9950;[3.403292179107666, 2.5443992614746094, 2.620079278945923, 2.81561541557312, 3.0154800415039062, 3.595735788345337];[0.430907279253006, 0.28424760699272156, 0.32244160771369934, 0.4571740925312042, 0.6183415055274963, 0.840612530708313];[-2.139824628829956, -1.791555404663086, -1.9397774934768677, -2.31748104095459, -2.8943305015563965, -4.424684524536133];[];271.27043557167053
10000;[3.3262155055999756, 2.5451114177703857, 2.434858560562134, 2.4416372776031494, 2.2081475257873535, 2.3999154567718506];[0.43026137351989746, 0.29683709144592285, 0.2874525785446167, 0.3029311001300812, 0.2938390076160431, 0.3302558362483978];[-2.11252760887146, -1.81833815574646, -1.8085435628890991, -1.8738471269607544, -1.8142555952072144, -2.0523364543914795];[];273.40790700912476
