Seed;RMSE History;MMD History;Log-Likelihood History;Max EIG History;Deployment Time
50;[3.4535317420959473, 2.6923375129699707, 2.3403050899505615, 2.1868059635162354, 2.275238275527954, 2.1768946647644043];[0.44550904631614685, 0.34914925694465637, 0.3075718283653259, 0.292666494846344, 0.3343218266963959, 0.310002863407135];[-2.1841557025909424, -1.9188830852508545, -1.955214262008667, -1.9260226488113403, -2.156526803970337, -2.0834872722625732];[];285.94848585128784
100;[3.597290515899658, 3.679605007171631, 3.518385171890259, 3.4803667068481445, 3.558133125305176, 3.8125438690185547];[0.4178268313407898, 0.4658021032810211, 0.49813365936279297, 0.5358177423477173, 0.5384199023246765, 0.5921839475631714];[-2.225539207458496, -2.3605048656463623, -2.400280237197876, -2.4256749153137207, -2.506685495376587, -2.6954214572906494];[];261.19208216667175
150;[3.4319088459014893, 3.1111843585968018, 3.110588312149048, 3.2165141105651855, 3.2280826568603516, 3.0401558876037598];[0.43440350890159607, 0.3802722096443176, 0.4474063813686371, 0.5064734220504761, 0.5337895750999451, 0.5759463310241699];[-2.1458182334899902, -2.0653562545776367, -2.2301101684570312, -2.4085679054260254, -2.5063703060150146, -2.571885347366333];[];259.638552904129
200;[3.4882147312164307, 2.4683520793914795, 2.457789897918701, 2.7219109535217285, 2.6490697860717773, 2.8726091384887695];[0.43370386958122253, 0.3251112401485443, 0.3981263041496277, 0.43239983916282654, 0.46639302372932434, 0.5848004221916199];[-2.181112289428711, -1.8885527849197388, -2.0668179988861084, -2.300312042236328, -2.328629732131958, -2.875365734100342];[];259.2784104347229
250;[3.4891486167907715, 2.7476274967193604, 2.7772297859191895, 2.907122850418091, 2.785102367401123, 2.848268508911133];[0.43905624747276306, 0.3267051577568054, 0.355503112077713, 0.52337646484375, 0.5535736680030823, 0.5488113164901733];[-2.1856272220611572, -1.8909451961517334, -2.0308849811553955, -2.7197446823120117, -2.9796204566955566, -3.0690019130706787];[];260.8218948841095
300;[3.4684314727783203, 3.295792579650879, 3.1481854915618896, 2.9917759895324707, 3.2110369205474854, 3.2106077671051025];[0.433230459690094, 0.5602785348892212, 0.5424374341964722, 0.5000166296958923, 0.5672553181648254, 0.6529420614242554];[-2.175381660461426, -2.5766115188598633, -2.470944881439209, -2.3290138244628906, -2.6267411708831787, -2.9388017654418945];[];261.21402502059937
350;[3.426074743270874, 3.627084970474243, 3.6671786308288574, 3.63669753074646, 3.736074924468994, 3.9944775104522705];[0.4136400818824768, 0.529757022857666, 0.5409664511680603, 0.5560529232025146, 0.5848484039306641, 0.6131519675254822];[-2.1508469581604004, -2.3852622509002686, -2.4538779258728027, -2.4972074031829834, -2.596741199493408, -2.735765218734741];[];257.67608284950256
400;[3.480447769165039, 3.786463975906372, 4.1966376304626465, 4.269798755645752, 4.343018054962158, 4.49270486831665];[0.4406643807888031, 0.5249359607696533, 0.5688837170600891, 0.5766043663024902, 0.6042141318321228, 0.6289648413658142];[-2.1900761127471924, -2.3926165103912354, -2.6174614429473877, -2.642035722732544, -2.6975553035736084, -2.7771565914154053];[];258.9882049560547
450;[3.629896402359009, 3.1846559047698975, 4.055349349975586, 5.00498628616333, 5.802221298217773, 6.435413837432861];[0.42785149812698364, 0.37742069363594055, 0.585389256477356, 0.8390561938285828, 0.9710087776184082, 1.0917807817459106];[-2.2236576080322266, -2.0267021656036377, -2.6913516521453857, -4.436120986938477, -6.746749401092529, -8.906045913696289];[];256.261750459671
500;[3.3648812770843506, 3.149597406387329, 2.833981990814209, 2.760275363922119, 2.655205726623535, 2.6198320388793945];[0.44050097465515137, 0.5162420272827148, 0.49054980278015137, 0.5166133046150208, 0.5256860852241516, 0.4933379292488098];[-2.117938995361328, -2.4031827449798584, -2.3120949268341064, -2.4638726711273193, -2.4938955307006836, -2.51641845703125];[];260.23152208328247
550;[3.362457513809204, 2.653909206390381, 2.3266077041625977, 2.481079578399658, 2.3001017570495605, 2.31327748298645];[0.4273624122142792, 0.2991114556789398, 0.28196996450424194, 0.3012458086013794, 0.3163866102695465, 0.34810346364974976];[-2.1138741970062256, -1.855049729347229, -1.7758173942565918, -1.9017754793167114, -1.8967158794403076, -2.0091214179992676];[];261.832820892334
600;[3.4779739379882812, 3.1070616245269775, 3.4365949630737305, 3.426522970199585, 3.592446804046631, 3.7118427753448486];[0.42433440685272217, 0.4320600926876068, 0.6238497495651245, 0.7054169178009033, 0.7336078882217407, 0.8559633493423462];[-2.1737163066864014, -2.156869649887085, -2.768357038497925, -3.28106689453125, -3.5857179164886475, -4.32862663269043];[];299.4453094005585
650;[3.5407519340515137, 2.530860424041748, 2.5334198474884033, 2.5464136600494385, 2.385209321975708, 2.531862497329712];[0.43656808137893677, 0.31654053926467896, 0.3289435803890228, 0.39567312598228455, 0.3814733028411865, 0.43314796686172485];[-2.2121787071228027, -1.862534761428833, -1.9450753927230835, -2.137544870376587, -2.089736223220825, -2.3029727935791016];[];259.9445331096649
700;[3.4655158519744873, 3.1911251544952393, 3.4900524616241455, 3.736955165863037, 4.1027398109436035, 4.421421051025391];[0.4309043884277344, 0.5842138528823853, 0.725126326084137, 0.7622207403182983, 0.8712717890739441, 0.924620509147644];[-2.1853156089782715, -2.685128927230835, -3.4474663734436035, -3.8456661701202393, -4.816596508026123, -5.62440299987793];[];258.45981335639954
750;[3.474484443664551, 2.7817113399505615, 2.7679758071899414, 2.7777369022369385, 2.569528102874756, 2.636176824569702];[0.4471079111099243, 0.34636619687080383, 0.3676765263080597, 0.3898186981678009, 0.36328303813934326, 0.35435834527015686];[-2.1904795169830322, -1.989696979522705, -2.097581624984741, -2.1684024333953857, -2.0492024421691895, -2.0823657512664795];[];258.9180660247803
800;[3.5488901138305664, 2.914968490600586, 2.743886709213257, 2.7637791633605957, 2.7739360332489014, 2.777217388153076];[0.4226207137107849, 0.35456791520118713, 0.36979085206985474, 0.4555782377719879, 0.45727309584617615, 0.4740581810474396];[-2.211388349533081, -2.0121009349823, -2.0475268363952637, -2.3199570178985596, -2.380324363708496, -2.43426513671875];[];259.0974519252777
850;[3.3409130573272705, 2.9161407947540283, 2.900583505630493, 2.912498712539673, 2.8705801963806152, 2.7124500274658203];[0.43717724084854126, 0.3424280285835266, 0.36214855313301086, 0.40190649032592773, 0.4418869614601135, 0.4257470369338989];[-2.1206741333007812, -1.9949299097061157, -1.993069052696228, -2.091963768005371, -2.16628360748291, -2.0984301567077637];[];258.3899657726288
900;[3.5120975971221924, 3.6899945735931396, 3.747206449508667, 3.732760429382324, 3.8216419219970703, 3.9264166355133057];[0.43827444314956665, 0.4756210148334503, 0.5037969946861267, 0.4847002625465393, 0.5215323567390442, 0.5250470638275146];[-2.1942410469055176, -2.270339250564575, -2.383251190185547, -2.380100965499878, -2.4564530849456787, -2.4841208457946777];[];259.24928855895996
950;[3.4888288974761963, 3.027000665664673, 2.9142017364501953, 2.7817182540893555, 3.165066719055176, 3.1332085132598877];[0.4305139482021332, 0.3469749391078949, 0.34975963830947876, 0.39581725001335144, 0.5925135016441345, 0.6355844140052795];[-2.1909918785095215, -1.961674451828003, -2.01161527633667, -2.06258487701416, -2.9359540939331055, -3.408538818359375];[];259.2116415500641
1000;[3.4790709018707275, 3.5332791805267334, 3.4362668991088867, 3.487318992614746, 3.5771262645721436, 3.63922119140625];[0.4421994388103485, 0.6073634028434753, 0.6290805339813232, 0.6559949517250061, 0.6607195138931274, 0.656618058681488];[-2.195986032485962, -2.77744722366333, -2.8392090797424316, -2.9479777812957764, -2.99676251411438, -3.02573299407959];[];258.45883679389954
1050;[3.4341771602630615, 2.542928695678711, 2.5338387489318848, 2.421363353729248, 2.475184440612793, 2.4666450023651123];[0.4304201006889343, 0.28094562888145447, 0.28528034687042236, 0.2668420374393463, 0.2921421527862549, 0.3207174241542816];[-2.155642032623291, -1.7623027563095093, -1.803575873374939, -1.7495667934417725, -1.8346054553985596, -1.8545504808425903];[];264.17064023017883
1100;[3.5694146156311035, 2.8139212131500244, 2.968644380569458, 2.9716367721557617, 3.076504945755005, 3.2057042121887207];[0.4306790828704834, 0.4775219261646271, 0.5553584098815918, 0.6679123640060425, 0.6943609118461609, 0.6639887094497681];[-2.2354342937469482, -2.258423328399658, -2.6234488487243652, -3.0707790851593018, -3.3101274967193604, -3.270254373550415];[];263.4416220188141
1150;[3.4858319759368896, 3.0739688873291016, 2.7536771297454834, 2.633493423461914, 2.495201826095581, 2.4101598262786865];[0.43737438321113586, 0.38676077127456665, 0.40871697664260864, 0.38925591111183167, 0.4060526490211487, 0.38230523467063904];[-2.1709494590759277, -2.077099084854126, -2.113464832305908, -2.1624293327331543, -2.226876974105835, -2.1773054599761963];[];263.8190460205078
1200;[3.437978982925415, 3.1329028606414795, 3.6451666355133057, 3.7980573177337646, 4.336024284362793, 4.6802849769592285];[0.4222293496131897, 0.414542555809021, 0.6479194760322571, 0.8032568693161011, 0.8749798536300659, 0.9812058210372925];[-2.1453921794891357, -2.1332240104675293, -3.0096330642700195, -4.073978900909424, -4.920709609985352, -6.361629486083984];[];257.8619484901428
1250;[3.4220948219299316, 3.6528096199035645, 3.715402126312256, 3.657520294189453, 3.7451181411743164, 3.7090299129486084];[0.4305312931537628, 0.4843759834766388, 0.5511754155158997, 0.5699347853660583, 0.5727095603942871, 0.5551688075065613];[-2.1536736488342285, -2.3399546146392822, -2.5273194313049316, -2.549114465713501, -2.584049701690674, -2.5283093452453613];[];260.9758687019348
1300;[3.4729998111724854, 2.6187376976013184, 2.421247959136963, 2.480742931365967, 2.471498489379883, 2.4469752311706543];[0.4191039800643921, 0.30373111367225647, 0.2971612513065338, 0.31211644411087036, 0.3148534297943115, 0.30631861090660095];[-2.148639678955078, -1.9118313789367676, -1.8662900924682617, -1.9652477502822876, -1.9995487928390503, -1.968528389930725];[];263.22983956336975
1350;[3.4616544246673584, 3.4735984802246094, 3.435917854309082, 3.6808955669403076, 3.487443447113037, 3.3926191329956055];[0.43835362792015076, 0.4658738374710083, 0.486381471157074, 0.5137552618980408, 0.49573788046836853, 0.5116388201713562];[-2.1895406246185303, -2.2934350967407227, -2.3155038356781006, -2.4559009075164795, -2.3508946895599365, -2.390366315841675];[];257.9514479637146
1400;[3.5098540782928467, 2.5071284770965576, 2.344557523727417, 2.5422770977020264, 2.3241357803344727, 2.263740062713623];[0.44667667150497437, 0.2716887593269348, 0.2642292082309723, 0.2928352952003479, 0.26370561122894287, 0.26628047227859497];[-2.196889638900757, -1.7674485445022583, -1.7378431558609009, -1.8846427202224731, -1.781555414199829, -1.7915046215057373];[];261.96322083473206
1450;[3.398092031478882, 3.148956537246704, 2.8551254272460938, 2.7669477462768555, 2.867525577545166, 2.834139585494995];[0.4274410307407379, 0.42367023229599, 0.3736773133277893, 0.42308735847473145, 0.5005838871002197, 0.5366860628128052];[-2.136824607849121, -2.209221601486206, -2.0748579502105713, -2.2224457263946533, -2.4235527515411377, -2.5635366439819336];[];261.47860288619995
1500;[3.3999791145324707, 2.9751527309417725, 2.659926176071167, 2.5437817573547363, 2.332733392715454, 2.392791748046875];[0.42848700284957886, 0.35523560643196106, 0.3230961263179779, 0.3087899088859558, 0.3170293867588043, 0.3441140651702881];[-2.1453912258148193, -2.017080545425415, -1.953683614730835, -1.9218171834945679, -1.887880563735962, -1.9776288270950317];[];260.58166766166687
1550;[3.435685157775879, 3.1751065254211426, 3.0872654914855957, 3.017174482345581, 2.983424425125122, 2.972081184387207];[0.42411941289901733, 0.4199407994747162, 0.4995075762271881, 0.49123460054397583, 0.5079160332679749, 0.5223727822303772];[-2.1512887477874756, -2.1724843978881836, -2.2936184406280518, -2.3001437187194824, -2.363046646118164, -2.373504638671875];[];258.91574573516846
1600;[3.5344862937927246, 3.6403615474700928, 3.6447088718414307, 3.6100306510925293, 3.779186964035034, 3.687354803085327];[0.437140554189682, 0.49915027618408203, 0.5084306597709656, 0.5074285268783569, 0.5326853394508362, 0.4971979260444641];[-2.198368787765503, -2.3217663764953613, -2.334278106689453, -2.3370776176452637, -2.432352066040039, -2.351381778717041];[];257.3509383201599
1650;[3.3729896545410156, 3.0789148807525635, 3.1022818088531494, 3.487090587615967, 3.825892686843872, 3.992218255996704];[0.4261898100376129, 0.4741552770137787, 0.6009821891784668, 0.7611054182052612, 0.8160693645477295, 0.893589973449707];[-2.128889560699463, -2.2699482440948486, -2.7305614948272705, -3.6242780685424805, -4.365715026855469, -5.094570159912109];[];262.5969054698944
1700;[3.3907694816589355, 2.7719149589538574, 2.5137345790863037, 2.352571725845337, 2.1979236602783203, 2.194552183151245];[0.41682669520378113, 0.3240704834461212, 0.3140655755996704, 0.3353697657585144, 0.3193204402923584, 0.3203769624233246];[-2.115798234939575, -1.8797358274459839, -1.9564672708511353, -2.0418527126312256, -2.1014134883880615, -2.135235548019409];[];261.7519886493683
1750;[3.4865918159484863, 3.0496950149536133, 2.6629555225372314, 2.3936166763305664, 2.323753833770752, 2.245429754257202];[0.43417859077453613, 0.33426380157470703, 0.34621328115463257, 0.3121871054172516, 0.3413923978805542, 0.3297617435455322];[-2.1764469146728516, -1.976410150527954, -2.0041723251342773, -1.9297195672988892, -2.1174240112304688, -2.1892542839050293];[];262.8698992729187
1800;[3.542616844177246, 3.7744827270507812, 3.765115737915039, 3.8570752143859863, 3.770986795425415, 3.729290246963501];[0.43504461646080017, 0.6354120969772339, 0.6646150350570679, 0.6644150018692017, 0.651397168636322, 0.6899235248565674];[-2.2129921913146973, -2.9371156692504883, -2.996782064437866, -3.1059000492095947, -2.9938926696777344, -3.1001710891723633];[];257.35049986839294
1850;[3.523024320602417, 2.9508860111236572, 3.1282405853271484, 3.266716957092285, 3.3490302562713623, 3.3390743732452393];[0.43340134620666504, 0.4138999581336975, 0.5708596110343933, 0.6389331817626953, 0.7010399699211121, 0.6935378909111023];[-2.2051966190338135, -2.071237564086914, -2.5708961486816406, -2.9409308433532715, -3.2575526237487793, -3.2902870178222656];[];257.2886447906494
1900;[3.5153372287750244, 3.4526848793029785, 3.581845760345459, 3.597576141357422, 3.9579639434814453, 3.9622642993927];[0.4438469111919403, 0.419602632522583, 0.46224868297576904, 0.5107668042182922, 0.553143322467804, 0.5521692037582397];[-2.202637195587158, -2.177375555038452, -2.273621082305908, -2.340345621109009, -2.542797327041626, -2.5347397327423096];[];258.65362095832825
1950;[3.449302911758423, 2.5188677310943604, 2.5183918476104736, 2.610572338104248, 2.717517137527466, 2.262690782546997];[0.4420658349990845, 0.3073710799217224, 0.32765984535217285, 0.3559717833995819, 0.3489239513874054, 0.28173425793647766];[-2.188352108001709, -1.84279203414917, -2.0036158561706543, -2.1310508251190186, -2.1153945922851562, -1.814549446105957];[];258.5643746852875
2000;[3.5128579139709473, 3.413318395614624, 3.3787527084350586, 3.335348129272461, 3.303114414215088, 3.2047324180603027];[0.43277543783187866, 0.5340458154678345, 0.5054829716682434, 0.5347108244895935, 0.519985020160675, 0.4921325147151947];[-2.1851656436920166, -2.41799259185791, -2.4262783527374268, -2.445894479751587, -2.406724214553833, -2.369290351867676];[];283.54470038414
2050;[3.4718825817108154, 3.432163953781128, 3.2293450832366943, 3.2629473209381104, 3.437518358230591, 3.384620189666748];[0.435119092464447, 0.5722322463989258, 0.5722718834877014, 0.6208078861236572, 0.6381778717041016, 0.7113796472549438];[-2.168713331222534, -2.631697654724121, -2.5935416221618652, -2.7928309440612793, -3.0460121631622314, -3.322380304336548];[];258.6363842487335
2100;[3.4577395915985107, 2.922767162322998, 3.0430424213409424, 2.870925188064575, 2.970803737640381, 3.0233402252197266];[0.4313388168811798, 0.47052958607673645, 0.49275946617126465, 0.5244345664978027, 0.5403822064399719, 0.5366313457489014];[-2.1701595783233643, -2.2268855571746826, -2.3435909748077393, -2.4225404262542725, -2.5149295330047607, -2.5319466590881348];[];258.9293348789215
2150;[3.5250561237335205, 3.375492811203003, 3.4783341884613037, 3.407581090927124, 3.4914653301239014, 3.632077932357788];[0.42883846163749695, 0.48315995931625366, 0.5175954699516296, 0.5566734075546265, 0.5738358497619629, 0.6454075574874878];[-2.201998710632324, -2.2918684482574463, -2.4400949478149414, -2.5101020336151123, -2.6573784351348877, -2.947223663330078];[];258.72859048843384
2200;[3.4772369861602783, 3.468097686767578, 3.895883321762085, 4.475827217102051, 4.9362359046936035, 5.610692977905273];[0.43342170119285583, 0.4549199938774109, 0.6024864912033081, 0.7847707867622375, 0.8793697357177734, 0.981099545955658];[-2.167332649230957, -2.220832109451294, -2.7637245655059814, -3.8263490200042725, -4.934563636779785, -6.566941738128662];[];258.35261392593384
2250;[3.447732448577881, 3.578092098236084, 3.4807708263397217, 3.471510887145996, 3.3961942195892334, 3.4515485763549805];[0.42744630575180054, 0.5613056421279907, 0.572709321975708, 0.552244246006012, 0.6047129034996033, 0.6214757561683655];[-2.1626577377319336, -2.530480146408081, -2.594144821166992, -2.600970506668091, -2.7337515354156494, -2.7236404418945312];[];259.2030348777771
2300;[3.4258675575256348, 3.7327706813812256, 3.883275032043457, 3.9344379901885986, 3.9362895488739014, 4.056053638458252];[0.43996262550354004, 0.5803314447402954, 0.6690776944160461, 0.7019464373588562, 0.7324749827384949, 0.7391985058784485];[-2.155377149581909, -2.6761162281036377, -2.974222183227539, -3.201831817626953, -3.3440287113189697, -3.4924745559692383];[];258.11767578125
2350;[3.479848861694336, 2.816044330596924, 2.513906717300415, 2.3575854301452637, 2.4093451499938965, 2.464817762374878];[0.4281454086303711, 0.34285280108451843, 0.35216861963272095, 0.3643288016319275, 0.372379332780838, 0.4031420946121216];[-2.1800904273986816, -1.9612855911254883, -2.0375418663024902, -2.057340621948242, -2.1815237998962402, -2.391986846923828];[];261.1903693675995
2400;[3.453928232192993, 3.4117064476013184, 3.4103174209594727, 3.736741781234741, 3.9969332218170166, 4.427318572998047];[0.42348501086235046, 0.44537708163261414, 0.43745553493499756, 0.5468301773071289, 0.6659882664680481, 0.6995435357093811];[-2.1593546867370605, -2.1810903549194336, -2.1953952312469482, -2.5045478343963623, -3.0188772678375244, -3.405771493911743];[];258.77206349372864
2450;[3.443373441696167, 3.077700138092041, 2.807391405105591, 2.7579152584075928, 2.438580274581909, 2.409264326095581];[0.4253566563129425, 0.3668651282787323, 0.34414082765579224, 0.3459438979625702, 0.3140016794204712, 0.33952364325523376];[-2.157527446746826, -2.0412840843200684, -2.01253342628479, -2.0399482250213623, -1.9204902648925781, -1.9862650632858276];[];264.1239130496979
2500;[3.500199317932129, 2.8737993240356445, 2.696547031402588, 2.9459636211395264, 2.790541648864746, 3.0604543685913086];[0.4217135012149811, 0.3369584381580353, 0.38048145174980164, 0.560652494430542, 0.6394485831260681, 0.7586948871612549];[-2.151613235473633, -1.9916397333145142, -2.1226141452789307, -2.8424243927001953, -3.304166555404663, -4.259416103363037];[];257.60918164253235
2550;[3.422832489013672, 3.374995231628418, 3.2902603149414062, 3.1769137382507324, 3.1581971645355225, 3.0557546615600586];[0.439088374376297, 0.46661993861198425, 0.4507152736186981, 0.4236619770526886, 0.43757519125938416, 0.4380543828010559];[-2.157212495803833, -2.222027063369751, -2.2376630306243896, -2.1468522548675537, -2.191316604614258, -2.1795766353607178];[];260.25595116615295
2600;[3.394423484802246, 3.5037641525268555, 3.643734931945801, 3.7383155822753906, 3.675429582595825, 3.717254638671875];[0.44063636660575867, 0.5429821610450745, 0.6392676830291748, 0.7046574950218201, 0.694070041179657, 0.69315105676651];[-2.1647140979766846, -2.4786617755889893, -2.82655668258667, -3.1393580436706543, -3.072749614715576, -3.155156135559082];[];259.9281680583954
2650;[3.442821979522705, 2.7522716522216797, 2.987619400024414, 2.8031909465789795, 2.960251569747925, 3.1732630729675293];[0.4292795956134796, 0.33739936351776123, 0.40003857016563416, 0.4882964789867401, 0.6080824136734009, 0.675067126750946];[-2.150250196456909, -1.9478366374969482, -2.1499600410461426, -2.3073105812072754, -2.828258991241455, -3.1947133541107178];[];258.71411967277527
2700;[3.5615553855895996, 2.8029375076293945, 2.8069331645965576, 2.854459047317505, 2.5435683727264404, 2.4350576400756836];[0.4321097135543823, 0.3385734558105469, 0.42018336057662964, 0.44060608744621277, 0.3698071837425232, 0.33701157569885254];[-2.211458683013916, -1.9742109775543213, -2.1846842765808105, -2.3020501136779785, -2.0640511512756348, -1.9512585401535034];[];261.22215723991394
2750;[3.5089309215545654, 2.855093240737915, 2.585627555847168, 2.8274929523468018, 2.5280120372772217, 2.4973747730255127];[0.43499210476875305, 0.4524794816970825, 0.4154655933380127, 0.47918590903282166, 0.49380263686180115, 0.5181386470794678];[-2.196744441986084, -2.2919704914093018, -2.198171377182007, -2.48506760597229, -2.447071075439453, -2.6016900539398193];[];258.5442883968353
2800;[3.548353433609009, 3.114694833755493, 3.235870122909546, 3.682382106781006, 4.146383285522461, 4.600612163543701];[0.42625173926353455, 0.3984155058860779, 0.5560433864593506, 0.7691020369529724, 0.8510064482688904, 0.9676882028579712];[-2.2053003311157227, -2.1259171962738037, -2.5503954887390137, -3.7996344566345215, -4.648634910583496, -6.0780744552612305];[];257.6672306060791
2850;[3.4069786071777344, 3.598944902420044, 3.65057110786438, 3.476233959197998, 3.3826651573181152, 3.494447708129883];[0.42313840985298157, 0.5494865775108337, 0.583987295627594, 0.5371387600898743, 0.5815502405166626, 0.6268070340156555];[-2.1496262550354004, -2.5043439865112305, -2.6325087547302246, -2.526193141937256, -2.583150863647461, -2.7617647647857666];[];257.03228759765625
2900;[3.4786903858184814, 2.692887306213379, 2.584517240524292, 2.4079251289367676, 2.5282845497131348, 2.7033212184906006];[0.4198276996612549, 0.3159581422805786, 0.3637000024318695, 0.382560133934021, 0.4439815580844879, 0.5331799983978271];[-2.169485092163086, -1.9585803747177124, -2.068511962890625, -2.0133373737335205, -2.259153127670288, -2.5807173252105713];[];261.88926672935486
2950;[3.457639694213867, 3.157930374145508, 3.3707275390625, 3.6095590591430664, 3.634650230407715, 3.8416037559509277];[0.41961294412612915, 0.4129657447338104, 0.5999845862388611, 0.6549341082572937, 0.6688752174377441, 0.7604562044143677];[-2.1645867824554443, -2.127180337905884, -2.6428933143615723, -2.9805490970611572, -3.1456172466278076, -3.607539653778076];[];257.4805488586426
3000;[3.4256255626678467, 2.8041510581970215, 2.420471429824829, 2.282391309738159, 2.109872341156006, 2.14003849029541];[0.4304555654525757, 0.3212161362171173, 0.310200572013855, 0.2877900302410126, 0.2847456634044647, 0.29832905530929565];[-2.1510977745056152, -1.9281195402145386, -1.9786704778671265, -1.9147292375564575, -1.8966671228408813, -2.061190605163574];[];260.25333547592163
3050;[3.5232760906219482, 2.8843555450439453, 3.125504732131958, 3.9656331539154053, 4.352138996124268, 4.7295942306518555];[0.4335034191608429, 0.3554103970527649, 0.5315291285514832, 0.7740366458892822, 0.9372296929359436, 1.0160956382751465];[-2.183851718902588, -1.9661309719085693, -2.402346611022949, -3.7100322246551514, -5.561321258544922, -6.782683849334717];[];258.30000710487366
3100;[3.5262510776519775, 3.2040956020355225, 3.399390935897827, 3.1757750511169434, 3.109645366668701, 3.2370388507843018];[0.4273252487182617, 0.43822595477104187, 0.4638494849205017, 0.42297059297561646, 0.449935644865036, 0.48212000727653503];[-2.1755728721618652, -2.11631178855896, -2.2891390323638916, -2.1931707859039307, -2.234671115875244, -2.3681445121765137];[];257.38900995254517
3150;[3.481098175048828, 3.4470653533935547, 3.549473762512207, 3.535935163497925, 3.4777638912200928, 3.460625171661377];[0.4412480592727661, 0.4070952236652374, 0.4503953158855438, 0.48401084542274475, 0.5073457360267639, 0.49428772926330566];[-2.1739420890808105, -2.1782593727111816, -2.2585935592651367, -2.342475175857544, -2.3409056663513184, -2.3451220989227295];[];259.4575135707855
3200;[3.5564115047454834, 3.301802158355713, 3.3393123149871826, 3.1876420974731445, 2.9384896755218506, 2.9006638526916504];[0.42679154872894287, 0.44154873490333557, 0.4558269679546356, 0.4406902492046356, 0.39326801896095276, 0.4026608169078827];[-2.2020366191864014, -2.1708805561065674, -2.225200891494751, -2.1559438705444336, -2.0273358821868896, -2.0448198318481445];[];259.01670026779175
3250;[3.5460596084594727, 2.799832582473755, 2.6604361534118652, 2.8573784828186035, 3.1346449851989746, 3.0213067531585693];[0.44870391488075256, 0.33129990100860596, 0.3639422655105591, 0.4985074996948242, 0.6446648240089417, 0.6074893474578857];[-2.22725510597229, -1.9569404125213623, -1.996073842048645, -2.4401822090148926, -3.155238151550293, -3.208604574203491];[];261.48769068717957
3300;[3.5628983974456787, 2.9049079418182373, 3.0041615962982178, 2.9995272159576416, 3.1087138652801514, 3.1522953510284424];[0.4286653399467468, 0.3753805160522461, 0.4671669006347656, 0.5979619026184082, 0.6219481825828552, 0.7099857926368713];[-2.204709529876709, -2.0393543243408203, -2.294297695159912, -2.676445484161377, -2.9576191902160645, -3.338012933731079];[];257.6690595149994
3350;[3.4647178649902344, 2.696308135986328, 2.5280187129974365, 2.441359519958496, 2.5855252742767334, 2.5131821632385254];[0.42730820178985596, 0.3610099256038666, 0.3316454589366913, 0.36619165539741516, 0.39465853571891785, 0.40958115458488464];[-2.1585211753845215, -2.0029773712158203, -2.0051515102386475, -2.2053439617156982, -2.4045045375823975, -2.4555463790893555];[];261.4007022380829
3400;[3.4300949573516846, 2.523437023162842, 2.651628017425537, 2.9205124378204346, 3.0754611492156982, 2.9313316345214844];[0.4225103259086609, 0.31065067648887634, 0.33960074186325073, 0.4269973337650299, 0.5168201923370361, 0.5359342098236084];[-2.153245210647583, -1.8574903011322021, -2.0039517879486084, -2.309196949005127, -2.630232810974121, -2.660761833190918];[];259.41065526008606
3450;[3.4317879676818848, 3.5186736583709717, 3.5637319087982178, 3.6801581382751465, 3.8233087062835693, 3.890897035598755];[0.42851898074150085, 0.5192989706993103, 0.538331151008606, 0.5282196998596191, 0.5833705067634583, 0.6084465384483337];[-2.1599225997924805, -2.365180015563965, -2.4271199703216553, -2.438709259033203, -2.6015279293060303, -2.723308801651001];[];261.26639437675476
3500;[3.43996524810791, 3.4595541954040527, 3.3191351890563965, 3.2700917720794678, 3.396228551864624, 3.5625433921813965];[0.4161004424095154, 0.4804525077342987, 0.5487657189369202, 0.5345306992530823, 0.5952476859092712, 0.6580114960670471];[-2.1366357803344727, -2.359067916870117, -2.4813618659973145, -2.4573538303375244, -2.694322347640991, -3.0099902153015137];[];259.73001527786255
3550;[3.530898094177246, 2.8107311725616455, 2.5498993396759033, 2.538708448410034, 2.569758653640747, 2.7310831546783447];[0.4299246668815613, 0.345844566822052, 0.3152003288269043, 0.35165292024612427, 0.34906694293022156, 0.43242064118385315];[-2.201012134552002, -1.9488441944122314, -1.8782902956008911, -1.961192011833191, -1.958349347114563, -2.2488338947296143];[];292.8361928462982
3600;[3.4477524757385254, 3.0580685138702393, 2.8388092517852783, 2.928618907928467, 3.01072096824646, 2.953248977661133];[0.4325738847255707, 0.44041213393211365, 0.44068193435668945, 0.4409771263599396, 0.4514140188694, 0.4273218512535095];[-2.174731731414795, -2.161499261856079, -2.156345844268799, -2.1975812911987305, -2.2454707622528076, -2.186375617980957];[];261.70925426483154
3650;[3.540844678878784, 3.2068991661071777, 3.3817715644836426, 3.2017571926116943, 3.1867291927337646, 3.2583863735198975];[0.4399881660938263, 0.4585173428058624, 0.5159164071083069, 0.5691424012184143, 0.5859720706939697, 0.609135091304779];[-2.20306396484375, -2.2192389965057373, -2.4782931804656982, -2.5477757453918457, -2.612797498703003, -2.7388272285461426];[];256.4523708820343
3700;[3.4027581214904785, 3.1850879192352295, 2.9374072551727295, 2.9035494327545166, 2.874192714691162, 3.0055325031280518];[0.43114277720451355, 0.4291406273841858, 0.46134576201438904, 0.5438602566719055, 0.5373478531837463, 0.5698302388191223];[-2.1527085304260254, -2.202731132507324, -2.209967851638794, -2.484748601913452, -2.4519307613372803, -2.6420490741729736];[];257.3647427558899
3750;[3.417722225189209, 3.2363526821136475, 3.619499444961548, 4.198365211486816, 4.366090774536133, 4.520139217376709];[0.4201606214046478, 0.3909190893173218, 0.5856402516365051, 0.727712094783783, 0.8193107843399048, 0.8927894234657288];[-2.120706558227539, -2.081587076187134, -2.6351420879364014, -3.566061496734619, -4.2528605461120605, -4.841238498687744];[];257.9039030075073
3800;[3.5380775928497314, 3.266248941421509, 3.5654566287994385, 3.608607769012451, 3.7146713733673096, 3.704155683517456];[0.4449352025985718, 0.4282536506652832, 0.5818429589271545, 0.6136043667793274, 0.6838023066520691, 0.7103744745254517];[-2.1953392028808594, -2.181429624557495, -2.649661064147949, -2.7895848751068115, -3.029477834701538, -3.284503221511841];[];258.249498128891
3850;[3.3782663345336914, 2.6952195167541504, 2.5456268787384033, 2.9012770652770996, 2.8679022789001465, 3.3330531120300293];[0.43335577845573425, 0.37107521295547485, 0.40881651639938354, 0.5530093908309937, 0.6326712965965271, 0.7699784636497498];[-2.1257143020629883, -2.0061535835266113, -2.0683469772338867, -2.6082422733306885, -3.0077080726623535, -3.9222378730773926];[];273.57979369163513
3900;[3.400075674057007, 3.011469841003418, 2.7998580932617188, 2.9537672996520996, 2.880450487136841, 2.817380905151367];[0.42518237233161926, 0.3861140012741089, 0.38596174120903015, 0.4301537871360779, 0.440238893032074, 0.4347846210002899];[-2.1462230682373047, -2.1036598682403564, -2.078364849090576, -2.1499528884887695, -2.162935495376587, -2.1339306831359863];[];259.7833173274994
3950;[3.5219907760620117, 3.3868370056152344, 3.5457375049591064, 3.6507773399353027, 3.814730644226074, 3.689380407333374];[0.43788301944732666, 0.4508015215396881, 0.4929348826408386, 0.5506054759025574, 0.6015889048576355, 0.5550516247749329];[-2.1906542778015137, -2.2284023761749268, -2.360332489013672, -2.5056283473968506, -2.6686506271362305, -2.5208373069763184];[];259.66520071029663
4000;[3.4889564514160156, 2.598186731338501, 2.6605775356292725, 2.6067886352539062, 2.4670917987823486, 2.5634336471557617];[0.419704794883728, 0.2834397256374359, 0.30941975116729736, 0.311262309551239, 0.29033854603767395, 0.3259032070636749];[-2.1676790714263916, -1.8172626495361328, -1.9319030046463013, -1.9356673955917358, -1.8311091661453247, -1.9638524055480957];[];260.60143852233887
4050;[3.568859577178955, 3.1443591117858887, 3.2926619052886963, 3.2463574409484863, 3.147986888885498, 3.3450937271118164];[0.4272952973842621, 0.4672534763813019, 0.5312935709953308, 0.5958331227302551, 0.6536340713500977, 0.6402579545974731];[-2.2002525329589844, -2.283085823059082, -2.511458158493042, -2.6647846698760986, -2.9216654300689697, -3.0277040004730225];[];257.5924961566925
4100;[3.4559199810028076, 2.7406208515167236, 2.528704881668091, 2.7895803451538086, 2.836042642593384, 2.955625057220459];[0.43601733446121216, 0.343158483505249, 0.35536956787109375, 0.4402155876159668, 0.5569924712181091, 0.6258754730224609];[-2.1943347454071045, -1.9660723209381104, -1.9412755966186523, -2.242997169494629, -2.672736883163452, -3.070197343826294];[];258.61496901512146
4150;[3.433300495147705, 2.7226250171661377, 2.793280839920044, 3.0496044158935547, 2.929128885269165, 3.203213691711426];[0.4243253767490387, 0.32866108417510986, 0.4330619275569916, 0.5376710891723633, 0.5040672421455383, 0.5679642558097839];[-2.129598617553711, -1.919158935546875, -2.1378707885742188, -2.4868180751800537, -2.3484418392181396, -2.6561226844787598];[];258.6637051105499
4200;[3.552973985671997, 2.6097664833068848, 2.371596574783325, 2.6814467906951904, 2.466066837310791, 2.4739017486572266];[0.4355594515800476, 0.2958897650241852, 0.33565080165863037, 0.4152758717536926, 0.3488624095916748, 0.3856007158756256];[-2.2056286334991455, -1.8229591846466064, -1.9697375297546387, -2.37764310836792, -2.194826364517212, -2.4172370433807373];[];261.3478293418884
4250;[3.439617872238159, 2.5623955726623535, 2.4981162548065186, 2.4062001705169678, 2.2434608936309814, 2.3680694103240967];[0.4486544132232666, 0.3002132177352905, 0.27942636609077454, 0.2863951027393341, 0.2714568078517914, 0.29929861426353455];[-2.158219337463379, -1.8601038455963135, -1.802495002746582, -1.9140704870224, -1.8685446977615356, -2.048947811126709];[];258.64496874809265
4300;[3.4404165744781494, 3.626387596130371, 3.5877020359039307, 3.5929839611053467, 3.821246862411499, 3.877462387084961];[0.4380873441696167, 0.5033183097839355, 0.5575904250144958, 0.5774897933006287, 0.6388067603111267, 0.6628698706626892];[-2.167135715484619, -2.3950374126434326, -2.5255672931671143, -2.5903759002685547, -2.84854793548584, -2.9472012519836426];[];257.7958846092224
4350;[3.5066659450531006, 3.1246068477630615, 2.9656424522399902, 2.971040964126587, 3.113551139831543, 3.100084066390991];[0.42971107363700867, 0.43864402174949646, 0.46522393822669983, 0.49506232142448425, 0.5148176550865173, 0.5587909817695618];[-2.201038360595703, -2.201751470565796, -2.2297451496124268, -2.3074605464935303, -2.3968687057495117, -2.5654807090759277];[];257.98823285102844
4400;[3.388012409210205, 3.458343505859375, 3.493959903717041, 3.461613655090332, 3.471173048019409, 3.397763967514038];[0.43449947237968445, 0.5257094502449036, 0.5473432540893555, 0.5916252732276917, 0.5784782767295837, 0.6016423106193542];[-2.1369526386260986, -2.3864378929138184, -2.5162158012390137, -2.593940019607544, -2.6267943382263184, -2.647481679916382];[];258.3382077217102
4450;[3.46403431892395, 3.2465476989746094, 3.33418869972229, 3.5077075958251953, 3.7200429439544678, 3.9155044555664062];[0.4295528829097748, 0.4451791048049927, 0.549180269241333, 0.6064971685409546, 0.6388895511627197, 0.6952576041221619];[-2.17692232131958, -2.1799983978271484, -2.509601593017578, -2.7792842388153076, -2.9401962757110596, -3.237727165222168];[];259.64738392829895
4500;[3.435029983520508, 3.386824607849121, 3.311246633529663, 3.197822332382202, 3.3290059566497803, 3.3799922466278076];[0.4312841594219208, 0.4977697432041168, 0.4494244456291199, 0.4806045591831207, 0.5070121884346008, 0.5432317852973938];[-2.1519405841827393, -2.256074905395508, -2.2337334156036377, -2.239867687225342, -2.3059580326080322, -2.453298330307007];[];261.2458369731903
4550;[3.4912192821502686, 2.955367088317871, 2.488593578338623, 2.3829550743103027, 2.2889316082000732, 2.404407262802124];[0.41575321555137634, 0.3662181496620178, 0.30377107858657837, 0.30467966198921204, 0.3068677484989166, 0.3379225432872772];[-2.1820414066314697, -2.0569326877593994, -1.888120174407959, -1.9783070087432861, -2.0357346534729004, -2.2538115978240967];[];260.3665175437927
4600;[3.322650909423828, 3.5812888145446777, 3.4246726036071777, 3.289874315261841, 3.3189291954040527, 3.4986045360565186];[0.43635958433151245, 0.5095316171646118, 0.5152944922447205, 0.49301040172576904, 0.5105008482933044, 0.5569204688072205];[-2.133258819580078, -2.421387195587158, -2.390828847885132, -2.306941270828247, -2.3721048831939697, -2.525285243988037];[];261.51296067237854
4650;[3.4254584312438965, 3.47086238861084, 3.637707471847534, 3.666599750518799, 3.584599494934082, 3.6727397441864014];[0.4274805188179016, 0.4630872309207916, 0.5138332843780518, 0.5618841052055359, 0.5671685338020325, 0.5764862298965454];[-2.1472837924957275, -2.233905076980591, -2.434011936187744, -2.540030002593994, -2.5549569129943848, -2.6245622634887695];[];258.6349024772644
4700;[3.4441146850585938, 2.7915050983428955, 2.6019699573516846, 2.7391746044158936, 2.8922863006591797, 3.306722640991211];[0.4355427324771881, 0.30746257305145264, 0.30247655510902405, 0.3531040847301483, 0.45057612657546997, 0.6300386786460876];[-2.167985439300537, -1.9017523527145386, -1.8346405029296875, -2.0158514976501465, -2.268341541290283, -2.9723401069641113];[];258.9871516227722
4750;[3.427764654159546, 2.8084146976470947, 2.8259663581848145, 2.9958174228668213, 2.947181224822998, 2.9010732173919678];[0.43967872858047485, 0.3365551233291626, 0.4320984184741974, 0.47504398226737976, 0.4904998242855072, 0.47232502698898315];[-2.1648216247558594, -1.9105690717697144, -2.086836576461792, -2.2615599632263184, -2.292203187942505, -2.2764439582824707];[];260.53813004493713
4800;[3.6132876873016357, 2.8161139488220215, 3.101245641708374, 3.098677635192871, 3.200756549835205, 3.596449851989746];[0.43190473318099976, 0.3578931391239166, 0.4868702292442322, 0.52524733543396, 0.6054777503013611, 0.7576653361320496];[-2.2278809547424316, -1.9735980033874512, -2.354593276977539, -2.504652500152588, -2.8300483226776123, -3.7344746589660645];[];258.49846291542053
4850;[3.4939403533935547, 3.328049421310425, 3.4254872798919678, 3.5644192695617676, 3.592474937438965, 3.4856786727905273];[0.42048031091690063, 0.47721967101097107, 0.5259949564933777, 0.5794836282730103, 0.627170979976654, 0.599695086479187];[-2.1906533241271973, -2.2244067192077637, -2.409292221069336, -2.5955841541290283, -2.77082896232605, -2.716765880584717];[];259.36338996887207
4900;[3.500035047531128, 2.6333720684051514, 2.588040590286255, 2.7425427436828613, 2.9120278358459473, 2.9886205196380615];[0.43954998254776, 0.32324525713920593, 0.45521676540374756, 0.5870139598846436, 0.6756008267402649, 0.7671428918838501];[-2.187502145767212, -1.8907634019851685, -2.2238821983337402, -2.7395896911621094, -3.338151454925537, -3.7778823375701904];[];259.67057371139526
4950;[3.6074352264404297, 3.591104030609131, 3.793375015258789, 3.8059794902801514, 3.6438238620758057, 3.8050179481506348];[0.4442906975746155, 0.5024033188819885, 0.5635597109794617, 0.6050778031349182, 0.5958030223846436, 0.6023128628730774];[-2.2326273918151855, -2.3827452659606934, -2.576528787612915, -2.701861619949341, -2.598017930984497, -2.7129673957824707];[];259.8892683982849
5000;[3.4515857696533203, 2.7255148887634277, 2.5027730464935303, 2.247955322265625, 2.3018758296966553, 2.107905387878418];[0.4284898042678833, 0.30110302567481995, 0.2769279479980469, 0.2472677379846573, 0.25740376114845276, 0.26289764046669006];[-2.155395984649658, -1.8907119035720825, -1.7994424104690552, -1.6982790231704712, -1.7457865476608276, -1.7047686576843262];[];258.19603061676025
5050;[3.4448494911193848, 2.7089478969573975, 2.4076457023620605, 2.3750648498535156, 2.5425825119018555, 2.2745866775512695];[0.42627382278442383, 0.32796552777290344, 0.3133753538131714, 0.3409149646759033, 0.3579474687576294, 0.3042357861995697];[-2.140512466430664, -1.9364961385726929, -1.8538810014724731, -2.07912540435791, -2.2006943225860596, -2.0551598072052];[];262.4767470359802
5100;[3.3854267597198486, 3.3305187225341797, 3.319871425628662, 2.9934141635894775, 3.210606336593628, 3.1483492851257324];[0.4483056366443634, 0.4704699218273163, 0.5647573471069336, 0.543676495552063, 0.6195136308670044, 0.6150018572807312];[-2.1356468200683594, -2.251917839050293, -2.644139289855957, -2.521468162536621, -2.8630259037017822, -2.946009874343872];[];261.9740960597992
5150;[3.388988733291626, 3.4632606506347656, 3.409240484237671, 3.538954496383667, 3.5939385890960693, 3.5097694396972656];[0.42629897594451904, 0.529960572719574, 0.5167178511619568, 0.5665594339370728, 0.5753100514411926, 0.5725507736206055];[-2.144418954849243, -2.415097951889038, -2.3841381072998047, -2.5485434532165527, -2.544002056121826, -2.529622793197632];[];257.4580309391022
5200;[3.482097625732422, 3.8250572681427, 3.958496570587158, 4.008447170257568, 4.043201446533203, 4.078700542449951];[0.44505175948143005, 0.5387538075447083, 0.553924024105072, 0.5858834981918335, 0.5917272567749023, 0.5908467769622803];[-2.1873252391815186, -2.415027379989624, -2.53184175491333, -2.569988965988159, -2.571774959564209, -2.567077398300171];[];257.17083859443665
5250;[3.4543895721435547, 3.258911371231079, 3.1975650787353516, 3.221693754196167, 3.3225207328796387, 3.2056429386138916];[0.4224918782711029, 0.5165083408355713, 0.527647852897644, 0.556589663028717, 0.5993300080299377, 0.6013506054878235];[-2.180452346801758, -2.3825252056121826, -2.444148540496826, -2.603023052215576, -2.762657403945923, -2.7492318153381348];[];273.0130627155304
5300;[3.384072780609131, 3.1485702991485596, 2.8360774517059326, 2.48180890083313, 2.6017231941223145, 2.464052677154541];[0.43511489033699036, 0.3670610785484314, 0.35215234756469727, 0.31011971831321716, 0.33914199471473694, 0.35501208901405334];[-2.12966251373291, -2.071338176727295, -2.0579328536987305, -1.8920683860778809, -2.1348536014556885, -2.066601514816284];[];263.3227777481079
5350;[3.5128014087677, 3.4056427478790283, 3.2846829891204834, 3.3421318531036377, 3.388211488723755, 3.3992366790771484];[0.43577641248703003, 0.5265753865242004, 0.5848972201347351, 0.5747579336166382, 0.5903545618057251, 0.6016584634780884];[-2.1909666061401367, -2.4434852600097656, -2.5709433555603027, -2.591369152069092, -2.666093111038208, -2.752187967300415];[];260.26084995269775
5400;[3.4227616786956787, 3.889863967895508, 4.120894908905029, 3.917579174041748, 4.060014247894287, 4.115961074829102];[0.419302374124527, 0.5500469207763672, 0.5922931432723999, 0.6299849152565002, 0.6251171827316284, 0.6254152655601501];[-2.13055157661438, -2.567257881164551, -2.728492021560669, -2.7450032234191895, -2.8194456100463867, -2.869716167449951];[];262.09950041770935
5450;[3.4153659343719482, 3.8175923824310303, 3.8532872200012207, 3.8920068740844727, 4.00579309463501, 4.349115371704102];[0.42600539326667786, 0.5891624093055725, 0.6083616018295288, 0.6360216736793518, 0.6704739928245544, 0.7609964609146118];[-2.1372056007385254, -2.6426188945770264, -2.805088996887207, -2.8914296627044678, -2.9957275390625, -3.457688808441162];[];258.91686606407166
5500;[3.3816285133361816, 3.7010855674743652, 3.8890576362609863, 3.8998281955718994, 3.679292678833008, 3.635690212249756];[0.43203434348106384, 0.5791128873825073, 0.639057457447052, 0.6623530387878418, 0.6298884153366089, 0.590623676776886];[-2.147369146347046, -2.5903103351593018, -2.824040174484253, -2.956223726272583, -2.8255343437194824, -2.705108165740967];[];258.8438227176666
5550;[3.5486812591552734, 2.627593994140625, 2.4935903549194336, 2.4485065937042236, 2.368095636367798, 2.437222957611084];[0.4252362549304962, 0.31507980823516846, 0.32568761706352234, 0.3438250422477722, 0.33741456270217896, 0.3613072633743286];[-2.1902449131011963, -1.9030861854553223, -1.9180413484573364, -1.9694076776504517, -1.9655042886734009, -2.042879819869995];[];262.4801273345947
5600;[3.37861967086792, 2.6633739471435547, 2.954225778579712, 2.8574633598327637, 3.1834702491760254, 3.104288101196289];[0.4175051152706146, 0.31284695863723755, 0.5088711977005005, 0.5705404877662659, 0.6515544056892395, 0.6347196102142334];[-2.123978853225708, -1.8604236841201782, -2.4607112407684326, -2.8069868087768555, -3.3246524333953857, -3.594128370285034];[];264.54863834381104
5650;[3.4458436965942383, 3.341295003890991, 3.558506727218628, 3.6723222732543945, 3.7789201736450195, 3.9557108879089355];[0.4161941409111023, 0.495722234249115, 0.5809706449508667, 0.6388378739356995, 0.6977348923683167, 0.715927004814148];[-2.1508853435516357, -2.3058784008026123, -2.6125683784484863, -2.842060089111328, -3.0808756351470947, -3.274362325668335];[];271.5182285308838
5700;[3.518735647201538, 2.5523502826690674, 2.3812570571899414, 2.337315320968628, 2.4449503421783447, 2.3742520809173584];[0.42927441000938416, 0.3011167347431183, 0.28047075867652893, 0.29999804496765137, 0.3151760697364807, 0.3317977488040924];[-2.1884829998016357, -1.8521422147750854, -1.7727397680282593, -1.8797340393066406, -1.9866070747375488, -2.050252676010132];[];264.7251296043396
5750;[3.495710849761963, 3.185899257659912, 3.210420846939087, 3.269989490509033, 3.0497474670410156, 3.3209950923919678];[0.43353694677352905, 0.4345562160015106, 0.5164316296577454, 0.5630666017532349, 0.5768883228302002, 0.6829747557640076];[-2.173147678375244, -2.176866054534912, -2.4367294311523438, -2.6313648223876953, -2.621551752090454, -3.2443947792053223];[];257.82560896873474
5800;[3.6056039333343506, 2.569683313369751, 2.526670217514038, 2.4762542247772217, 2.4662911891937256, 2.4573521614074707];[0.4248155355453491, 0.2946305572986603, 0.29175296425819397, 0.31603094935417175, 0.3190326988697052, 0.34570640325546265];[-2.218609094619751, -1.8388218879699707, -1.8599417209625244, -1.9815938472747803, -1.9965380430221558, -2.1264665126800537];[];269.8719336986542
5850;[3.4156088829040527, 3.4581735134124756, 3.4100053310394287, 3.3503599166870117, 3.389188051223755, 3.2982378005981445];[0.4235422909259796, 0.45182037353515625, 0.47813284397125244, 0.4981209337711334, 0.5120155215263367, 0.501976490020752];[-2.141894578933716, -2.2479541301727295, -2.297999620437622, -2.323791980743408, -2.33487606048584, -2.303346633911133];[];260.8656644821167
5900;[3.505112886428833, 3.347954511642456, 3.3164563179016113, 3.249492883682251, 3.4712228775024414, 3.4233572483062744];[0.42549750208854675, 0.4441700577735901, 0.44653481245040894, 0.4618123471736908, 0.49845030903816223, 0.5156508088111877];[-2.1845786571502686, -2.2057642936706543, -2.2144370079040527, -2.2113118171691895, -2.4003310203552246, -2.3956704139709473];[];261.1463785171509
5950;[3.426513195037842, 3.403555393218994, 3.536834239959717, 3.6150660514831543, 3.66261625289917, 3.9657623767852783];[0.42651665210723877, 0.511944055557251, 0.5076408386230469, 0.5478134751319885, 0.5790982842445374, 0.638662576675415];[-2.1390936374664307, -2.334073305130005, -2.379269599914551, -2.4848830699920654, -2.5874834060668945, -2.8760502338409424];[];275.57628774642944
6000;[3.5324230194091797, 3.3994874954223633, 3.4005088806152344, 3.4640986919403076, 3.343142032623291, 3.376314401626587];[0.4432600140571594, 0.5616048574447632, 0.6468427181243896, 0.72121661901474, 0.720501184463501, 0.7222285866737366];[-2.2023110389709473, -2.550631046295166, -3.003945827484131, -3.4363491535186768, -3.4419610500335693, -3.576491594314575];[];262.5880126953125
6050;[3.525528907775879, 2.741647481918335, 2.776625633239746, 2.689720630645752, 2.7488059997558594, 2.5727698802948];[0.42639636993408203, 0.31684285402297974, 0.3983958959579468, 0.36561819911003113, 0.40283751487731934, 0.37793806195259094];[-2.1861791610717773, -1.9275593757629395, -2.2552435398101807, -2.1167502403259277, -2.2469520568847656, -2.1338894367218018];[];267.25869393348694
6100;[3.5386545658111572, 3.1153554916381836, 3.4936881065368652, 3.596315383911133, 3.4257168769836426, 3.671473979949951];[0.42927420139312744, 0.40383628010749817, 0.5662989020347595, 0.6400688886642456, 0.631780207157135, 0.7039719223976135];[-2.185875177383423, -2.0694243907928467, -2.6244139671325684, -2.932800769805908, -2.898782730102539, -3.2699291706085205];[];259.6724019050598
6150;[3.391819715499878, 3.3382534980773926, 3.325078010559082, 3.296207904815674, 3.341294288635254, 3.2137718200683594];[0.4235442280769348, 0.4703139066696167, 0.49240392446517944, 0.5412347316741943, 0.5618961453437805, 0.5656917691230774];[-2.118706703186035, -2.278494119644165, -2.3841166496276855, -2.4701032638549805, -2.6124839782714844, -2.5957493782043457];[];275.71287631988525
6200;[3.3767919540405273, 2.8971097469329834, 2.649120807647705, 2.9345474243164062, 3.3710947036743164, 3.5695273876190186];[0.4224041700363159, 0.3326871395111084, 0.34651073813438416, 0.5036314129829407, 0.7774577736854553, 0.8402808904647827];[-2.12829852104187, -1.9925700426101685, -1.8956671953201294, -2.423224687576294, -3.9303581714630127, -4.830915451049805];[];262.28036975860596
6250;[3.4127135276794434, 2.667652130126953, 2.286827802658081, 2.5863149166107178, 2.688345193862915, 2.5610971450805664];[0.4282115697860718, 0.33672448992729187, 0.29362714290618896, 0.33820250630378723, 0.3625914752483368, 0.34545159339904785];[-2.147883415222168, -1.9744094610214233, -1.8080905675888062, -2.109016180038452, -2.253643751144409, -2.1883041858673096];[];261.8239345550537
6300;[3.496427297592163, 2.6030755043029785, 2.3076112270355225, 2.5598275661468506, 2.2938144207000732, 2.3666088581085205];[0.44612348079681396, 0.3113556504249573, 0.333210289478302, 0.41659432649612427, 0.42068397998809814, 0.4826385974884033];[-2.1842172145843506, -1.8831101655960083, -1.9015533924102783, -2.2084856033325195, -2.1891062259674072, -2.4002442359924316];[];275.40689301490784
6350;[3.510988473892212, 3.415188789367676, 3.603288173675537, 3.4747018814086914, 3.575666666030884, 3.6565072536468506];[0.4416903555393219, 0.476346492767334, 0.5166717171669006, 0.5070884823799133, 0.5298328995704651, 0.5459170937538147];[-2.1968064308166504, -2.247516393661499, -2.3983237743377686, -2.329474687576294, -2.3986074924468994, -2.5372462272644043];[];267.1674027442932
6400;[3.5146305561065674, 2.704972982406616, 2.5020885467529297, 2.7347044944763184, 2.676287889480591, 2.8929200172424316];[0.43778032064437866, 0.29130542278289795, 0.3165287673473358, 0.4239486753940582, 0.5236863493919373, 0.5790794491767883];[-2.175811529159546, -1.8389424085617065, -1.8547314405441284, -2.149940013885498, -2.4664578437805176, -2.7582478523254395];[];260.0260808467865
6450;[3.491072177886963, 2.6653666496276855, 2.443246841430664, 2.373234748840332, 2.352280616760254, 2.3608462810516357];[0.41797226667404175, 0.2980007231235504, 0.28330668807029724, 0.282217413187027, 0.2909954786300659, 0.35209184885025024];[-2.1565778255462646, -1.8558353185653687, -1.8403290510177612, -1.8238502740859985, -1.8749202489852905, -2.0377883911132812];[];262.20292615890503
6500;[3.45418643951416, 2.8486828804016113, 2.5800106525421143, 2.490072250366211, 2.5982117652893066, 2.3783092498779297];[0.42215070128440857, 0.3594750463962555, 0.3405584692955017, 0.36236998438835144, 0.40736889839172363, 0.38783136010169983];[-2.1604888439178467, -1.991190791130066, -1.9942210912704468, -2.1235671043395996, -2.4127018451690674, -2.3244330883026123];[];266.39669847488403
6550;[3.4759461879730225, 3.5551109313964844, 3.29489803314209, 3.4815123081207275, 3.4505810737609863, 3.504915952682495];[0.43682122230529785, 0.5499182939529419, 0.5312449932098389, 0.641727864742279, 0.6086781620979309, 0.6215705275535583];[-2.1770341396331787, -2.5025110244750977, -2.445751905441284, -2.800403594970703, -2.7607693672180176, -2.8107337951660156];[];259.82673358917236
6600;[3.4148435592651367, 3.4786009788513184, 3.4389452934265137, 3.3001503944396973, 3.3712804317474365, 3.188297986984253];[0.4393862783908844, 0.5198764801025391, 0.5662124752998352, 0.5385760068893433, 0.529204249382019, 0.5207479000091553];[-2.1478524208068848, -2.4217820167541504, -2.504523515701294, -2.433912992477417, -2.4908227920532227, -2.418560266494751];[];259.1699697971344
6650;[3.355729818344116, 2.57328462600708, 2.5608739852905273, 2.5136404037475586, 2.455564022064209, 2.233254909515381];[0.4229552149772644, 0.320191890001297, 0.34359025955200195, 0.3204633295536041, 0.2819044888019562, 0.2547047734260559];[-2.1251649856567383, -1.9196300506591797, -1.9985904693603516, -1.928972601890564, -1.8166308403015137, -1.729892373085022];[];257.20804595947266
6700;[3.38685941696167, 3.7201077938079834, 4.125102519989014, 4.045648574829102, 4.204559803009033, 4.146998882293701];[0.41247639060020447, 0.5224413275718689, 0.6065100431442261, 0.5847864151000977, 0.6360220313072205, 0.6808574795722961];[-2.1057310104370117, -2.3952925205230713, -2.6712207794189453, -2.625962734222412, -2.801102638244629, -2.90809965133667];[];269.5371026992798
6750;[3.471536874771118, 3.360146999359131, 3.380038022994995, 3.417341470718384, 3.42498779296875, 3.47424054145813];[0.44458886981010437, 0.4725472033023834, 0.5535168647766113, 0.565858781337738, 0.6084545850753784, 0.6452789902687073];[-2.16890025138855, -2.3018620014190674, -2.4716920852661133, -2.610433578491211, -2.7114508152008057, -2.8687915802001953];[];260.35489869117737
6800;[3.47160005569458, 3.4177544116973877, 3.313067674636841, 3.1696832180023193, 3.0240724086761475, 3.090787172317505];[0.42987900972366333, 0.4452265501022339, 0.4221166968345642, 0.4193316102027893, 0.4090055227279663, 0.4207289218902588];[-2.1651411056518555, -2.2150986194610596, -2.164132595062256, -2.1360621452331543, -2.0676190853118896, -2.096275806427002];[];265.56836700439453
6850;[3.4110498428344727, 3.4803125858306885, 3.5831658840179443, 3.778696298599243, 3.7634992599487305, 4.000423908233643];[0.4251982867717743, 0.4887392222881317, 0.5083489418029785, 0.5767719745635986, 0.5759502053260803, 0.6673997044563293];[-2.153019666671753, -2.3360202312469482, -2.3938205242156982, -2.6124773025512695, -2.6136703491210938, -2.9506616592407227];[];261.3263158798218
6900;[3.5187079906463623, 2.8026511669158936, 2.3540220260620117, 2.6367955207824707, 2.8001132011413574, 2.8219428062438965];[0.4233356714248657, 0.31774449348449707, 0.3117648661136627, 0.4914323687553406, 0.5839182138442993, 0.6710724234580994];[-2.2008421421051025, -1.945378065109253, -1.7939770221710205, -2.374037504196167, -2.86849308013916, -3.333287239074707];[];276.09378027915955
6950;[3.5780582427978516, 3.084880828857422, 3.0657687187194824, 3.5065317153930664, 3.895841360092163, 3.9483628273010254];[0.42360320687294006, 0.4112652540206909, 0.5745119452476501, 0.7589904069900513, 0.8370506763458252, 0.828785240650177];[-2.2075297832489014, -2.1078407764434814, -2.55871844291687, -3.498788833618164, -4.330327987670898, -4.331859588623047];[];260.49559259414673
7000;[3.4158263206481934, 2.602526903152466, 2.5831501483917236, 2.5176568031311035, 2.570124626159668, 2.588691473007202];[0.4285704493522644, 0.3098987638950348, 0.3180958926677704, 0.3307185173034668, 0.3654959201812744, 0.3758675158023834];[-2.149294376373291, -1.8885889053344727, -1.9309539794921875, -1.9591584205627441, -2.136720657348633, -2.232820749282837];[];273.1149845123291
7050;[3.4300379753112793, 3.640254259109497, 3.5704421997070312, 3.5218212604522705, 3.453503131866455, 3.460002899169922];[0.4253702163696289, 0.4981514811515808, 0.5040209889411926, 0.5107043385505676, 0.5056780576705933, 0.5284659266471863];[-2.1517746448516846, -2.370199203491211, -2.356901168823242, -2.377078056335449, -2.3677871227264404, -2.3568341732025146];[];269.68027925491333
7100;[3.410305976867676, 3.383439779281616, 3.48728084564209, 3.4758360385894775, 3.5878384113311768, 3.6354923248291016];[0.4376327693462372, 0.4365757405757904, 0.47798892855644226, 0.4929687976837158, 0.5207509398460388, 0.5566904544830322];[-2.152648448944092, -2.1926586627960205, -2.2955732345581055, -2.319409132003784, -2.4212522506713867, -2.5200486183166504];[];274.95292472839355
7150;[3.5161335468292236, 3.363577127456665, 3.4859659671783447, 3.4192306995391846, 3.3450839519500732, 3.3104681968688965];[0.43235188722610474, 0.4908613860607147, 0.546969473361969, 0.5981027483940125, 0.5813241004943848, 0.616176426410675];[-2.1999800205230713, -2.3411061763763428, -2.527878522872925, -2.6892781257629395, -2.681989908218384, -2.844677209854126];[];272.599867105484
7200;[3.5014235973358154, 3.141364336013794, 3.3937721252441406, 3.6477320194244385, 3.7274346351623535, 3.7952141761779785];[0.4243478775024414, 0.4666246175765991, 0.5932801365852356, 0.6481423377990723, 0.670345664024353, 0.693143367767334];[-2.1711623668670654, -2.261486530303955, -2.646617889404297, -2.935469388961792, -3.0252881050109863, -3.246002435684204];[];269.93349146842957
7250;[3.41520094871521, 3.7443723678588867, 3.753283977508545, 3.94991135597229, 4.018476486206055, 3.8966898918151855];[0.43882137537002563, 0.5295273661613464, 0.550266444683075, 0.6394306421279907, 0.6120628118515015, 0.6196177005767822];[-2.163580894470215, -2.450228214263916, -2.563106060028076, -2.7881598472595215, -2.7836153507232666, -2.770994186401367];[];270.2964885234833
7300;[3.3458776473999023, 3.155374765396118, 2.9486141204833984, 2.681398868560791, 2.633641004562378, 2.6679484844207764];[0.4245806336402893, 0.4112810790538788, 0.40438011288642883, 0.39160579442977905, 0.4289398789405823, 0.47199884057044983];[-2.1103062629699707, -2.1339664459228516, -2.1091880798339844, -2.0959222316741943, -2.2605087757110596, -2.3945627212524414];[];273.05582427978516
7350;[3.397529125213623, 3.3995370864868164, 3.341526746749878, 3.397103786468506, 3.537074089050293, 3.6671152114868164];[0.42025071382522583, 0.47502759099006653, 0.4972585141658783, 0.511563241481781, 0.5381798148155212, 0.581748366355896];[-2.1386537551879883, -2.2564263343811035, -2.2881200313568115, -2.3675174713134766, -2.4631807804107666, -2.6076502799987793];[];258.308824300766
7400;[3.4258272647857666, 3.2021074295043945, 3.1888506412506104, 3.1964542865753174, 3.175779104232788, 3.116619348526001];[0.42250290513038635, 0.42197877168655396, 0.409034788608551, 0.44096654653549194, 0.4529111981391907, 0.4442656636238098];[-2.1374926567077637, -2.0988259315490723, -2.108888626098633, -2.196739435195923, -2.199204683303833, -2.1784040927886963];[];265.11661171913147
7450;[3.468332529067993, 3.2125155925750732, 3.465379476547241, 3.6946017742156982, 3.8546409606933594, 4.423827171325684];[0.4213467240333557, 0.36770254373550415, 0.5253863334655762, 0.6337389349937439, 0.7509661316871643, 0.8972772359848022];[-2.1579253673553467, -2.0455703735351562, -2.403088092803955, -2.923762559890747, -3.671799898147583, -5.289944648742676];[];312.0489032268524
7500;[3.5145277976989746, 3.3189895153045654, 3.423689126968384, 3.4230687618255615, 3.4325108528137207, 3.464045524597168];[0.4435330033302307, 0.548073947429657, 0.5962149500846863, 0.6520272493362427, 0.7160595059394836, 0.7473880052566528];[-2.1853690147399902, -2.4895997047424316, -2.765115976333618, -3.070878744125366, -3.2844183444976807, -3.4920520782470703];[];272.90548300743103
7550;[3.49364972114563, 3.3467681407928467, 3.229614734649658, 3.4097366333007812, 3.293020725250244, 3.393233299255371];[0.4522863030433655, 0.4900551736354828, 0.5237088203430176, 0.57535719871521, 0.5614445209503174, 0.6043745875358582];[-2.174058675765991, -2.3345654010772705, -2.3797874450683594, -2.6123132705688477, -2.5172014236450195, -2.6947083473205566];[];271.8540737628937
7600;[3.4201762676239014, 3.2119977474212646, 3.436478853225708, 3.475353717803955, 3.7217767238616943, 4.080924034118652];[0.42099300026893616, 0.521631121635437, 0.5662418007850647, 0.606998860836029, 0.7128093242645264, 0.8060013651847839];[-2.1503331661224365, -2.347487211227417, -2.5539402961730957, -2.718881845474243, -3.168621301651001, -3.813375473022461];[];274.51377296447754
7650;[3.324361801147461, 3.5282862186431885, 3.637627124786377, 3.801544189453125, 4.006909370422363, 3.8349547386169434];[0.4284830391407013, 0.502720832824707, 0.4995495080947876, 0.5700058341026306, 0.5838384628295898, 0.5487074255943298];[-2.116255283355713, -2.290743827819824, -2.3588995933532715, -2.523512125015259, -2.6091055870056152, -2.521669864654541];[];277.5905375480652
7700;[3.4914183616638184, 3.278028726577759, 3.436177968978882, 3.5786855220794678, 3.714883327484131, 3.5996439456939697];[0.4202416241168976, 0.5596610307693481, 0.6087916493415833, 0.7034032940864563, 0.8229058384895325, 0.8644687533378601];[-2.1748931407928467, -2.497509479522705, -2.843379020690918, -3.404198169708252, -4.151134014129639, -4.417566776275635];[];256.77744698524475
7750;[3.4902026653289795, 3.3111748695373535, 3.146071195602417, 3.2370121479034424, 3.2077417373657227, 3.367899179458618];[0.43585360050201416, 0.47548237442970276, 0.46802547574043274, 0.48064345121383667, 0.5848196744918823, 0.638983964920044];[-2.162146806716919, -2.2660179138183594, -2.221346855163574, -2.2878191471099854, -2.616220235824585, -2.9098060131073];[];271.80913376808167
7800;[3.500040292739868, 3.159921646118164, 3.0963406562805176, 3.1290135383605957, 3.1264851093292236, 3.036863088607788];[0.4382328689098358, 0.4293358325958252, 0.4222637414932251, 0.40486785769462585, 0.38762158155441284, 0.4398648738861084];[-2.187696695327759, -2.1085455417633057, -2.119131088256836, -2.102095127105713, -2.132490873336792, -2.160080909729004];[];259.50970673561096
7850;[3.4770216941833496, 3.5551364421844482, 3.700575113296509, 3.6404082775115967, 3.6332945823669434, 3.7307050228118896];[0.4325808882713318, 0.4876234531402588, 0.5187125205993652, 0.5326358675956726, 0.5390269756317139, 0.5569570064544678];[-2.1807198524475098, -2.2724978923797607, -2.391045331954956, -2.412595748901367, -2.479658603668213, -2.5038959980010986];[];270.82131719589233
7900;[3.4245622158050537, 2.765573740005493, 2.598684549331665, 2.578026294708252, 2.5351805686950684, 2.678908109664917];[0.4227728843688965, 0.3477036654949188, 0.41522321105003357, 0.4021814465522766, 0.42038285732269287, 0.46343350410461426];[-2.167055368423462, -2.001771926879883, -2.1690175533294678, -2.2480270862579346, -2.454240322113037, -2.7639825344085693];[];270.91802167892456
7950;[3.5208237171173096, 3.018042802810669, 2.995002269744873, 3.113349676132202, 3.093498706817627, 3.2051920890808105];[0.4353019595146179, 0.33363667130470276, 0.4969562292098999, 0.6746620535850525, 0.7046234011650085, 0.7446800470352173];[-2.2185897827148438, -1.9486969709396362, -2.3508450984954834, -3.11315655708313, -3.3881208896636963, -3.654838800430298];[];262.6412649154663
8000;[3.4087133407592773, 3.0740389823913574, 2.951059341430664, 2.61470627784729, 2.4841630458831787, 2.385236978530884];[0.4271165132522583, 0.3600028157234192, 0.4175226092338562, 0.37792855501174927, 0.36405712366104126, 0.34127041697502136];[-2.1349101066589355, -2.026108741760254, -2.3419787883758545, -2.3028862476348877, -2.3520519733428955, -2.2758119106292725];[];262.7814984321594
8050;[3.4201412200927734, 3.4712424278259277, 3.546980857849121, 3.3742852210998535, 3.4154458045959473, 3.4810190200805664];[0.4235568046569824, 0.5020267367362976, 0.49352049827575684, 0.52958744764328, 0.5145760774612427, 0.5660929083824158];[-2.152250289916992, -2.3212103843688965, -2.399667263031006, -2.387698173522949, -2.4238085746765137, -2.5598161220550537];[];262.9029927253723
8100;[3.4205591678619385, 2.6243205070495605, 2.3756253719329834, 2.331512928009033, 2.4183661937713623, 2.4548721313476562];[0.42028412222862244, 0.3103850185871124, 0.295491099357605, 0.3442646265029907, 0.42659762501716614, 0.456930547952652];[-2.1421473026275635, -1.881264090538025, -1.821620225906372, -1.9560446739196777, -2.2278671264648438, -2.35056734085083];[];271.44414734840393
8150;[3.483809471130371, 3.3686182498931885, 3.3350954055786133, 3.2881381511688232, 3.4883999824523926, 3.4654345512390137];[0.4155814051628113, 0.47589248418807983, 0.489745169878006, 0.5070736408233643, 0.5396629571914673, 0.5419221520423889];[-2.1490190029144287, -2.2935078144073486, -2.30619740486145, -2.3458964824676514, -2.492758274078369, -2.4841225147247314];[];267.7623007297516
8200;[3.4265542030334473, 3.2770988941192627, 3.607116222381592, 3.5945091247558594, 3.5239901542663574, 3.4081835746765137];[0.44222769141197205, 0.419258177280426, 0.47440430521965027, 0.47888657450675964, 0.5068826675415039, 0.5090657472610474];[-2.1642885208129883, -2.113938331604004, -2.287278890609741, -2.32007098197937, -2.3290464878082275, -2.3240363597869873];[];263.3303413391113
8250;[3.5096325874328613, 2.986966133117676, 2.8999783992767334, 2.9920201301574707, 3.1427080631256104, 3.064579725265503];[0.4265439808368683, 0.4648890495300293, 0.4472287595272064, 0.5460721254348755, 0.5907305479049683, 0.6273822784423828];[-2.200293779373169, -2.2177317142486572, -2.2237067222595215, -2.5353469848632812, -2.7552011013031006, -2.81148362159729];[];271.06336665153503
8300;[3.419157028198242, 3.325385570526123, 3.3733572959899902, 3.4186336994171143, 3.507530689239502, 3.6143722534179688];[0.44192126393318176, 0.45513954758644104, 0.48752695322036743, 0.4916399419307709, 0.49043533205986023, 0.5381408333778381];[-2.1562514305114746, -2.206860303878784, -2.266988515853882, -2.2824742794036865, -2.3421695232391357, -2.4684267044067383];[];275.62578535079956
8350;[3.440568208694458, 3.424887180328369, 3.37784743309021, 3.3623430728912354, 3.3189237117767334, 3.3337790966033936];[0.4387984573841095, 0.535892128944397, 0.534650981426239, 0.5312050580978394, 0.5576794147491455, 0.5734239816665649];[-2.1828620433807373, -2.4486746788024902, -2.4665229320526123, -2.455746650695801, -2.5544872283935547, -2.6217141151428223];[];271.23390221595764
8400;[3.4663591384887695, 3.188296318054199, 2.938469886779785, 2.9482839107513428, 2.7787137031555176, 2.9514739513397217];[0.42127275466918945, 0.4881913661956787, 0.4630424976348877, 0.473013311624527, 0.46400415897369385, 0.46875032782554626];[-2.1589677333831787, -2.3256218433380127, -2.2082290649414062, -2.2860875129699707, -2.242980480194092, -2.338179111480713];[];272.23867416381836
8450;[3.5360963344573975, 3.070220470428467, 3.386383056640625, 3.6102981567382812, 3.5376510620117188, 3.5849177837371826];[0.43971049785614014, 0.45212119817733765, 0.6018707156181335, 0.7346805930137634, 0.7645792365074158, 0.8071513772010803];[-2.192559242248535, -2.2041738033294678, -2.7971689701080322, -3.4757494926452637, -3.5773210525512695, -3.8350830078125];[];260.80671310424805
8500;[3.4333226680755615, 3.561795473098755, 3.557119369506836, 3.476682186126709, 3.3119242191314697, 3.320645809173584];[0.43046343326568604, 0.4934350252151489, 0.50191330909729, 0.49759748578071594, 0.46146678924560547, 0.4844169020652771];[-2.172778844833374, -2.3506052494049072, -2.3781819343566895, -2.3197154998779297, -2.2301995754241943, -2.2909724712371826];[];272.60376048088074
8550;[3.4510583877563477, 2.883159875869751, 2.8725669384002686, 2.6758999824523926, 2.570627450942993, 2.3875513076782227];[0.429423451423645, 0.4558784067630768, 0.41837653517723083, 0.40342071652412415, 0.41436678171157837, 0.43536707758903503];[-2.1546132564544678, -2.228281021118164, -2.2126095294952393, -2.1665866374969482, -2.2130768299102783, -2.253995656967163];[];274.2892017364502
8600;[3.537524700164795, 3.1282424926757812, 3.261211633682251, 3.538161516189575, 3.8199539184570312, 4.085374355316162];[0.4289161264896393, 0.3821811378002167, 0.5206429958343506, 0.697735071182251, 0.877447247505188, 0.913136899471283];[-2.2009687423706055, -2.096494436264038, -2.4685404300689697, -3.2965035438537598, -4.502522945404053, -5.136186599731445];[];268.06822323799133
8650;[3.4902520179748535, 2.645958662033081, 2.641159772872925, 2.3979177474975586, 2.5074851512908936, 2.291745662689209];[0.4298435151576996, 0.33970969915390015, 0.34584882855415344, 0.33158549666404724, 0.3739883005619049, 0.3669005036354065];[-2.1816182136535645, -1.891175627708435, -2.0988047122955322, -2.0213866233825684, -2.2264533042907715, -2.1001229286193848];[];269.1703886985779
8700;[3.4459896087646484, 3.036888599395752, 3.403068780899048, 3.4867870807647705, 3.577923536300659, 3.752394676208496];[0.4349559545516968, 0.3857506513595581, 0.6356707215309143, 0.7278655767440796, 0.8120141625404358, 0.8488333821296692];[-2.1800506114959717, -2.0234413146972656, -2.932135820388794, -3.522210121154785, -4.0862016677856445, -4.60890007019043];[];271.2566146850586
8750;[3.5104923248291016, 3.7020657062530518, 3.7020161151885986, 3.407198190689087, 3.672635078430176, 3.5582077503204346];[0.43076255917549133, 0.5156941413879395, 0.5566142797470093, 0.5368432998657227, 0.5808767080307007, 0.5682007074356079];[-2.1839663982391357, -2.411836624145508, -2.529843807220459, -2.4128026962280273, -2.6105971336364746, -2.5516531467437744];[];275.3531928062439
8800;[3.4627010822296143, 3.7022759914398193, 3.768970012664795, 3.6788315773010254, 3.6940925121307373, 3.6653854846954346];[0.42997217178344727, 0.5308696031570435, 0.5465626120567322, 0.5765364766120911, 0.5810287594795227, 0.5900977253913879];[-2.172520637512207, -2.4598658084869385, -2.5888876914978027, -2.5768415927886963, -2.6366095542907715, -2.6738553047180176];[];269.69449162483215
8850;[3.55043625831604, 3.2217719554901123, 3.559119939804077, 3.94437837600708, 3.9034934043884277, 4.134064674377441];[0.4316394031047821, 0.392539381980896, 0.5922223925590515, 0.7422117590904236, 0.7817054986953735, 0.8335414528846741];[-2.1970880031585693, -2.101912498474121, -2.6655044555664062, -3.6591737270355225, -3.838433027267456, -4.222339153289795];[];274.1485872268677
8900;[3.452826499938965, 3.5349738597869873, 3.623128890991211, 3.8490171432495117, 3.9935054779052734, 4.38832950592041];[0.42510244250297546, 0.45351505279541016, 0.5410700440406799, 0.6408596038818359, 0.6496304273605347, 0.7117315530776978];[-2.1639912128448486, -2.299896717071533, -2.4688985347747803, -2.7563788890838623, -2.867220163345337, -3.1862363815307617];[];269.70547795295715
8950;[3.367286443710327, 3.0498785972595215, 2.752887725830078, 2.652208089828491, 2.604250907897949, 2.4046730995178223];[0.43160152435302734, 0.357051283121109, 0.39493632316589355, 0.44128453731536865, 0.4483693540096283, 0.4579622149467468];[-2.137305974960327, -1.991871953010559, -2.056936264038086, -2.1940758228302, -2.331937074661255, -2.2919485569000244];[];264.8322494029999
9000;[3.509927272796631, 3.5546767711639404, 3.3627820014953613, 3.282560110092163, 3.026637315750122, 3.050488233566284];[0.43090856075286865, 0.5594308972358704, 0.5385990738868713, 0.5378420948982239, 0.49668702483177185, 0.5079624652862549];[-2.1901438236236572, -2.5666491985321045, -2.4552059173583984, -2.4740145206451416, -2.3100709915161133, -2.3467013835906982];[];270.64450764656067
9050;[3.5327253341674805, 3.4966347217559814, 3.627819299697876, 3.6103086471557617, 3.772270679473877, 3.7063679695129395];[0.42746472358703613, 0.4590412974357605, 0.5103258490562439, 0.5167572498321533, 0.5449094772338867, 0.562436580657959];[-2.1952664852142334, -2.2526607513427734, -2.3799691200256348, -2.398146629333496, -2.499208450317383, -2.4958770275115967];[];264.39371728897095
9100;[3.367696523666382, 2.514056921005249, 2.395587921142578, 2.384256601333618, 2.3872158527374268, 2.14631724357605];[0.4286576509475708, 0.34473299980163574, 0.3657166063785553, 0.3675526976585388, 0.37749648094177246, 0.3350326120853424];[-2.1440486907958984, -1.9414656162261963, -2.116757392883301, -2.2440924644470215, -2.2433364391326904, -2.0332765579223633];[];261.69170355796814
9150;[3.388803243637085, 2.60091495513916, 2.498141288757324, 2.3866302967071533, 2.445249557495117, 2.3564093112945557];[0.4229702651500702, 0.2940658628940582, 0.291456013917923, 0.31127363443374634, 0.3238298296928406, 0.3337514400482178];[-2.1374030113220215, -1.8445252180099487, -1.8079382181167603, -1.9037367105484009, -2.0002028942108154, -2.0124590396881104];[];265.4970712661743
9200;[3.5300161838531494, 3.35503888130188, 3.200580358505249, 3.2020437717437744, 3.256044864654541, 3.266740083694458];[0.4437246024608612, 0.45740294456481934, 0.4590405821800232, 0.5000535845756531, 0.512080729007721, 0.5646019577980042];[-2.2258903980255127, -2.263979434967041, -2.250049591064453, -2.3312950134277344, -2.448853015899658, -2.503934860229492];[];265.38437390327454
9250;[3.492786407470703, 3.2292933464050293, 3.05371356010437, 3.006516218185425, 3.0538110733032227, 2.9741389751434326];[0.4328988194465637, 0.434679239988327, 0.44032925367355347, 0.46901413798332214, 0.5484294295310974, 0.583104133605957];[-2.1787405014038086, -2.1548876762390137, -2.1836423873901367, -2.266507863998413, -2.512723684310913, -2.60223388671875];[];275.2854950428009
9300;[3.4580459594726562, 2.782334089279175, 2.8488776683807373, 3.130122184753418, 3.1065220832824707, 3.3305578231811523];[0.427882581949234, 0.3439396023750305, 0.4367196559906006, 0.6281713843345642, 0.6744687557220459, 0.78823322057724];[-2.165567636489868, -1.944975733757019, -2.1717050075531006, -2.932569742202759, -3.1537256240844727, -3.9430553913116455];[];267.57813453674316
9350;[3.5503883361816406, 3.644906759262085, 3.792973279953003, 3.6243836879730225, 3.7080061435699463, 3.805131435394287];[0.4310784637928009, 0.5288619995117188, 0.5526790022850037, 0.5439252853393555, 0.5325323343276978, 0.5856946706771851];[-2.1908836364746094, -2.4094507694244385, -2.50358510017395, -2.4619932174682617, -2.484898090362549, -2.5775845050811768];[];261.19114327430725
9400;[3.467446804046631, 3.5630319118499756, 3.7564961910247803, 3.942970037460327, 3.928863286972046, 3.937326192855835];[0.43217605352401733, 0.4862539768218994, 0.5191930532455444, 0.5737226009368896, 0.5943589806556702, 0.6241190433502197];[-2.187335252761841, -2.331045627593994, -2.47869610786438, -2.612358331680298, -2.6698179244995117, -2.7190639972686768];[];270.54370760917664
9450;[3.485985040664673, 3.4846482276916504, 3.705594778060913, 3.6564605236053467, 3.6428184509277344, 3.749575614929199];[0.4293910562992096, 0.5018423199653625, 0.5426671504974365, 0.5615570545196533, 0.5680004954338074, 0.5906878709793091];[-2.175292730331421, -2.359175205230713, -2.478929281234741, -2.5449769496917725, -2.537177801132202, -2.662065029144287];[];275.6637752056122
9500;[3.4328224658966064, 3.383924722671509, 3.3325114250183105, 3.5219974517822266, 3.389883279800415, 3.49398136138916];[0.4145612120628357, 0.439515620470047, 0.4256821870803833, 0.4692041575908661, 0.4138001799583435, 0.4748668372631073];[-2.138206720352173, -2.154273509979248, -2.130605459213257, -2.242959499359131, -2.153355360031128, -2.2684741020202637];[];274.1925959587097
9550;[3.4682490825653076, 3.14569091796875, 2.9292075634002686, 3.1950907707214355, 3.3193159103393555, 3.4002583026885986];[0.4244554936885834, 0.42913931608200073, 0.418173223733902, 0.5826674699783325, 0.7090749144554138, 0.7399754524230957];[-2.1627941131591797, -2.217409372329712, -2.1089272499084473, -2.67350435256958, -3.27575421333313, -3.6646478176116943];[];272.01050567626953
9600;[3.472961902618408, 3.474290132522583, 3.6983699798583984, 3.6574277877807617, 3.930485486984253, 3.8722658157348633];[0.4330383241176605, 0.6312437057495117, 0.7255671620368958, 0.7464807629585266, 0.8104378581047058, 0.9269997477531433];[-2.180123805999756, -2.7724642753601074, -3.4758481979370117, -3.687894582748413, -4.263674259185791, -4.92769193649292];[];271.40623235702515
9650;[3.451794147491455, 2.7435708045959473, 2.749248743057251, 2.9557714462280273, 3.111574411392212, 3.155693769454956];[0.42521777749061584, 0.34564200043678284, 0.4458799660205841, 0.553154706954956, 0.6593928337097168, 0.7381346225738525];[-2.1597330570220947, -1.9491405487060547, -2.185978651046753, -2.65010404586792, -3.159618854522705, -3.591245412826538];[];273.4102985858917
9700;[3.6129822731018066, 2.829596757888794, 2.4522275924682617, 2.697566509246826, 2.435469388961792, 2.5540428161621094];[0.4114971458911896, 0.35045257210731506, 0.3117193281650543, 0.3877621591091156, 0.41097351908683777, 0.40331894159317017];[-2.2278079986572266, -2.0034587383270264, -1.854091763496399, -2.1451196670532227, -2.10481333732605, -2.1593539714813232];[];272.3460171222687
9750;[3.4657483100891113, 3.073803663253784, 3.3671743869781494, 3.844006299972534, 3.801779270172119, 3.8322527408599854];[0.4229542315006256, 0.36794739961624146, 0.523912250995636, 0.7807503342628479, 0.788317084312439, 0.8326066136360168];[-2.1522700786590576, -2.0231823921203613, -2.443157434463501, -3.7927801609039307, -4.043321132659912, -4.4480180740356445];[];269.958215713501
9800;[3.4745001792907715, 3.7109386920928955, 3.8016531467437744, 3.885115146636963, 3.811349630355835, 3.780080556869507];[0.43103888630867004, 0.4795898497104645, 0.5393865704536438, 0.5209636688232422, 0.5412889122962952, 0.5665736198425293];[-2.180635452270508, -2.3308935165405273, -2.4155540466308594, -2.434572458267212, -2.455240488052368, -2.495436191558838];[];272.2366280555725
9850;[3.5591089725494385, 3.5889148712158203, 3.6304101943969727, 3.742562770843506, 3.7938082218170166, 3.720604181289673];[0.4267617464065552, 0.48558810353279114, 0.5096863508224487, 0.5241248607635498, 0.5782939195632935, 0.5870727300643921];[-2.2096614837646484, -2.30820369720459, -2.356539011001587, -2.4757297039031982, -2.6430821418762207, -2.62355899810791];[];270.3592412471771
9900;[3.3933238983154297, 3.133856773376465, 3.558126449584961, 3.956757068634033, 4.111269474029541, 4.175745487213135];[0.43316057324409485, 0.3858208954334259, 0.536890983581543, 0.7229425311088562, 0.7687627673149109, 0.8070147037506104];[-2.1431241035461426, -2.0563693046569824, -2.5203397274017334, -3.49578595161438, -3.9599950313568115, -4.220402717590332];[];259.79955673217773
9950;[3.403292179107666, 2.5866074562072754, 2.507488250732422, 2.5851058959960938, 2.4780707359313965, 2.3775906562805176];[0.430907279253006, 0.28426459431648254, 0.28338780999183655, 0.377990186214447, 0.41558682918548584, 0.45266100764274597];[-2.139824628829956, -1.7786835432052612, -1.8513898849487305, -2.1178464889526367, -2.1818249225616455, -2.296560525894165];[];279.74670577049255
10000;[3.3262155055999756, 2.557748556137085, 2.546091318130493, 2.618833065032959, 2.393453359603882, 2.66221284866333];[0.43026137351989746, 0.29975003004074097, 0.33620721101760864, 0.3730810582637787, 0.34208163619041443, 0.39051902294158936];[-2.11252760887146, -1.8378788232803345, -2.0378735065460205, -2.3296384811401367, -2.1306850910186768, -2.4107346534729004];[];265.31582045555115
