Seed;RMSE History;MMD History;Log-Likelihood History;Max EIG History;Deployment Time
50;[3.4535317420959473, 3.4077982902526855, 3.5831284523010254, 3.7128052711486816, 3.9158618450164795, 3.7346537113189697];[0.44550904631614685, 0.4268198013305664, 0.44381585717201233, 0.47322478890419006, 0.5311827063560486, 0.5442405343055725];[-2.1841557025909424, -2.1304614543914795, -2.2282919883728027, -2.30492901802063, -2.478292226791382, -2.4815473556518555];[];320.65906286239624
100;[3.597290515899658, 3.9279682636260986, 3.4938929080963135, 3.6884207725524902, 3.9097862243652344, 3.8039071559906006];[0.4178268313407898, 0.4595147669315338, 0.4477202594280243, 0.4346402585506439, 0.4755411446094513, 0.4607445001602173];[-2.225539207458496, -2.35305118560791, -2.177518129348755, -2.215416669845581, -2.314220666885376, -2.253716468811035];[];321.2539999485016
150;[3.4319088459014893, 3.4577300548553467, 3.199338912963867, 3.1515631675720215, 3.1280486583709717, 3.4358458518981934];[0.43440350890159607, 0.4205264747142792, 0.4024052619934082, 0.37928491830825806, 0.3819233179092407, 0.438786119222641];[-2.1458182334899902, -2.1535301208496094, -2.088564395904541, -2.0697021484375, -2.063232183456421, -2.2115213871002197];[];327.4556050300598
200;[3.4882147312164307, 3.354631185531616, 3.3494393825531006, 3.2927772998809814, 3.3965256214141846, 3.3949429988861084];[0.43370386958122253, 0.40452873706817627, 0.3968998193740845, 0.40675708651542664, 0.4383911192417145, 0.437399685382843];[-2.181112289428711, -2.074181318283081, -2.0874977111816406, -2.1082992553710938, -2.1753575801849365, -2.2106070518493652];[];322.64903688430786
250;[3.4891486167907715, 3.195706605911255, 3.339101552963257, 3.3526129722595215, 3.3560619354248047, 3.4087510108947754];[0.43905624747276306, 0.3917849361896515, 0.39247050881385803, 0.39188075065612793, 0.4175620377063751, 0.4141446650028229];[-2.1856272220611572, -2.0605597496032715, -2.092869281768799, -2.109560251235962, -2.1231517791748047, -2.1785364151000977];[];323.4450988769531
300;[3.4684314727783203, 3.5299882888793945, 3.7201807498931885, 3.5565059185028076, 3.6176772117614746, 3.4029135704040527];[0.433230459690094, 0.47096341848373413, 0.4790644943714142, 0.4591912627220154, 0.4692930281162262, 0.47856101393699646];[-2.175381660461426, -2.2762413024902344, -2.3271615505218506, -2.2408111095428467, -2.295159101486206, -2.254514217376709];[];320.5552484989166
350;[3.426074743270874, 3.334026575088501, 3.252178430557251, 3.4804458618164062, 3.486159563064575, 3.384725332260132];[0.4136400818824768, 0.44027724862098694, 0.39700987935066223, 0.4225753843784332, 0.4439382255077362, 0.46208393573760986];[-2.1508469581604004, -2.1448540687561035, -2.090092420578003, -2.2007858753204346, -2.215567111968994, -2.196298599243164];[];326.7865388393402
400;[3.480447769165039, 3.3246119022369385, 3.459184169769287, 3.5995521545410156, 3.6099414825439453, 3.5957672595977783];[0.4406643807888031, 0.4267710745334625, 0.440292626619339, 0.4840275049209595, 0.46050533652305603, 0.46174687147140503];[-2.1900761127471924, -2.110671043395996, -2.1869864463806152, -2.3113367557525635, -2.2631874084472656, -2.3015077114105225];[];320.81645464897156
450;[3.629896402359009, 3.7111942768096924, 3.6575565338134766, 3.5622920989990234, 3.832181215286255, 3.649104118347168];[0.42785149812698364, 0.4553106129169464, 0.4000491201877594, 0.40343713760375977, 0.422087162733078, 0.40917834639549255];[-2.2236576080322266, -2.2197837829589844, -2.135491371154785, -2.096437931060791, -2.1826789379119873, -2.114778757095337];[];313.01191902160645
500;[3.3648812770843506, 3.389045000076294, 3.5203120708465576, 3.3870866298675537, 3.418409585952759, 3.233363628387451];[0.44050097465515137, 0.42897385358810425, 0.4355204701423645, 0.39729562401771545, 0.39230793714523315, 0.38372522592544556];[-2.117938995361328, -2.1552042961120605, -2.1801819801330566, -2.1053669452667236, -2.1264054775238037, -2.0545120239257812];[];318.58562207221985
550;[3.362457513809204, 3.495506763458252, 3.5445871353149414, 3.5329489707946777, 3.4533393383026123, 3.4477651119232178];[0.4273624122142792, 0.4347131550312042, 0.4696274399757385, 0.4730059802532196, 0.4328979551792145, 0.43125060200691223];[-2.1138741970062256, -2.188474416732788, -2.2240796089172363, -2.276308059692383, -2.2218918800354004, -2.2052557468414307];[];319.9885730743408
600;[3.4779739379882812, 3.4961273670196533, 3.4800186157226562, 3.584517002105713, 3.3279988765716553, 3.4750685691833496];[0.42433440685272217, 0.459071546792984, 0.4604172110557556, 0.4693162143230438, 0.4487639367580414, 0.43396127223968506];[-2.1737163066864014, -2.248692512512207, -2.250465154647827, -2.309666633605957, -2.172426462173462, -2.2080085277557373];[];329.00873851776123
650;[3.5407519340515137, 3.319445848464966, 3.517275810241699, 3.6534676551818848, 3.6786000728607178, 3.5609185695648193];[0.43656808137893677, 0.39698687195777893, 0.4254601299762726, 0.4101124405860901, 0.4191958010196686, 0.406246155500412];[-2.2121787071228027, -2.0845985412597656, -2.1727406978607178, -2.180105209350586, -2.194502592086792, -2.127354383468628];[];322.9202370643616
700;[3.4655158519744873, 3.443251848220825, 3.4665935039520264, 3.567301034927368, 3.6690163612365723, 3.679934501647949];[0.4309043884277344, 0.4308681786060333, 0.4503529667854309, 0.44200587272644043, 0.4996185302734375, 0.49799948930740356];[-2.1853156089782715, -2.1720075607299805, -2.224696397781372, -2.2387142181396484, -2.340651750564575, -2.334678888320923];[];1160.277906179428
750;[3.474484443664551, 3.4642553329467773, 3.4917473793029785, 3.3818533420562744, 3.3504621982574463, 3.749479055404663];[0.4471079111099243, 0.4250524938106537, 0.4403068423271179, 0.45440515875816345, 0.4423919916152954, 0.4466923773288727];[-2.1904795169830322, -2.180035352706909, -2.2058773040771484, -2.1951632499694824, -2.128613233566284, -2.2409234046936035];[];323.09305000305176
800;[3.5488901138305664, 3.550893545150757, 3.3148691654205322, 3.286945343017578, 3.3035898208618164, 3.2978856563568115];[0.4226207137107849, 0.4344492554664612, 0.40752068161964417, 0.4008278548717499, 0.3888944089412689, 0.37978458404541016];[-2.211388349533081, -2.1753432750701904, -2.1087613105773926, -2.088108777999878, -2.0760929584503174, -2.0559136867523193];[];322.8905415534973
850;[3.3409130573272705, 3.2842092514038086, 3.154536485671997, 3.317291021347046, 3.370497941970825, 3.200732946395874];[0.43717724084854126, 0.39548563957214355, 0.362289160490036, 0.378179132938385, 0.4032767415046692, 0.3951866328716278];[-2.1206741333007812, -2.0665221214294434, -1.9846932888031006, -2.0571625232696533, -2.0776360034942627, -2.0300302505493164];[];504.5375838279724
900;[3.5120975971221924, 3.44218111038208, 3.313314914703369, 3.4148998260498047, 3.2196152210235596, 3.0610744953155518];[0.43827444314956665, 0.4274735152721405, 0.4088819921016693, 0.39295557141304016, 0.37954679131507874, 0.38565608859062195];[-2.1942410469055176, -2.1488471031188965, -2.0765137672424316, -2.1330013275146484, -2.0409367084503174, -1.9981164932250977];[];321.0948648452759
950;[3.4888288974761963, 3.404207468032837, 3.228626012802124, 3.333683729171753, 3.3010611534118652, 3.295482635498047];[0.4305139482021332, 0.433865487575531, 0.4169626533985138, 0.3798677325248718, 0.374772310256958, 0.3850977122783661];[-2.1909918785095215, -2.157008171081543, -2.0697901248931885, -2.1003379821777344, -2.04995059967041, -2.0136492252349854];[];320.49704909324646
1000;[3.4790709018707275, 3.5365731716156006, 3.515603542327881, 3.739677906036377, 3.696458578109741, 3.570181131362915];[0.4421994388103485, 0.44069549441337585, 0.4398382306098938, 0.47517943382263184, 0.4813194274902344, 0.4620307683944702];[-2.195986032485962, -2.2122256755828857, -2.234740734100342, -2.2900493144989014, -2.3051698207855225, -2.248303174972534];[];319.623939037323
1050;[3.4341771602630615, 3.360015392303467, 3.5546913146972656, 3.4092564582824707, 3.428314685821533, 3.501474142074585];[0.4304201006889343, 0.42518842220306396, 0.46048590540885925, 0.4715580642223358, 0.46893036365509033, 0.4671415686607361];[-2.155642032623291, -2.1247172355651855, -2.253044605255127, -2.24345326423645, -2.264016628265381, -2.2773520946502686];[];320.6998815536499
1100;[3.5694146156311035, 3.474440813064575, 3.6114401817321777, 3.5332577228546143, 3.651948928833008, 3.813274621963501];[0.4306790828704834, 0.42867493629455566, 0.39881283044815063, 0.4118548631668091, 0.44136252999305725, 0.45269298553466797];[-2.2354342937469482, -2.135063648223877, -2.148944139480591, -2.1161532402038574, -2.176706075668335, -2.2221922874450684];[];318.1396837234497
1150;[3.4858319759368896, 3.6304357051849365, 3.47517466545105, 3.5821640491485596, 3.686884880065918, 3.770475149154663];[0.43737438321113586, 0.43690288066864014, 0.42622384428977966, 0.4441683292388916, 0.43541163206100464, 0.4930168092250824];[-2.1709494590759277, -2.207479476928711, -2.144221782684326, -2.2373552322387695, -2.247598648071289, -2.334916591644287];[];728.5091292858124
1200;[3.437978982925415, 3.488548517227173, 3.6680750846862793, 3.516842842102051, 3.839698553085327, 3.8628149032592773];[0.4222293496131897, 0.41758736968040466, 0.42558586597442627, 0.4242614805698395, 0.46467602252960205, 0.49609246850013733];[-2.1453921794891357, -2.1626315116882324, -2.1811416149139404, -2.141963005065918, -2.3003625869750977, -2.3262314796447754];[];325.2911560535431
1250;[3.4220948219299316, 3.4902379512786865, 3.3435754776000977, 3.4216668605804443, 3.3175415992736816, 3.306473731994629];[0.4305312931537628, 0.42802685499191284, 0.4267295002937317, 0.42602574825286865, 0.42136743664741516, 0.40951669216156006];[-2.1536736488342285, -2.195702075958252, -2.168267011642456, -2.2107534408569336, -2.1489439010620117, -2.1499650478363037];[];384.74474835395813
1300;[3.4729998111724854, 3.52054762840271, 3.5575311183929443, 3.5760138034820557, 3.5638256072998047, 3.588460683822632];[0.4191039800643921, 0.4387117326259613, 0.43897560238838196, 0.43820327520370483, 0.4608713388442993, 0.4385216236114502];[-2.148639678955078, -2.2035770416259766, -2.1993296146392822, -2.1907076835632324, -2.242628335952759, -2.2526631355285645];[];328.92006826400757
1350;[3.4616544246673584, 3.645686626434326, 3.610136032104492, 3.5343210697174072, 3.371873378753662, 3.2409558296203613];[0.43835362792015076, 0.4522743225097656, 0.45995792746543884, 0.4384738504886627, 0.4273204505443573, 0.4352159798145294];[-2.1895406246185303, -2.2592062950134277, -2.2558467388153076, -2.2760202884674072, -2.186831474304199, -2.211825370788574];[];547.5580849647522
1400;[3.5098540782928467, 3.374094009399414, 3.4115982055664062, 3.5418310165405273, 3.5076005458831787, 3.6120879650115967];[0.44667667150497437, 0.4200490415096283, 0.4395752251148224, 0.44351622462272644, 0.487688273191452, 0.4733695685863495];[-2.196889638900757, -2.12041974067688, -2.1856112480163574, -2.2301933765411377, -2.294424057006836, -2.3089301586151123];[];317.06662344932556
1450;[3.398092031478882, 3.6098506450653076, 3.427823543548584, 3.445239305496216, 3.225841999053955, 3.2297797203063965];[0.4274410307407379, 0.43459582328796387, 0.42476189136505127, 0.4220360517501831, 0.38911697268486023, 0.3854641020298004];[-2.136824607849121, -2.2538511753082275, -2.161482334136963, -2.1479732990264893, -2.043968915939331, -2.046499729156494];[];319.13749980926514
1500;[3.3999791145324707, 3.656566858291626, 3.6498491764068604, 3.4557361602783203, 3.490297317504883, 3.37322998046875];[0.42848700284957886, 0.4668422341346741, 0.46500125527381897, 0.4228273332118988, 0.40018898248672485, 0.4059162437915802];[-2.1453912258148193, -2.2717928886413574, -2.2461845874786377, -2.1409473419189453, -2.1268606185913086, -2.0486068725585938];[];773.5283567905426
1550;[3.435685157775879, 3.7107739448547363, 3.9084126949310303, 4.103809833526611, 4.246850490570068, 4.0254807472229];[0.42411941289901733, 0.46342119574546814, 0.5288214683532715, 0.5658678412437439, 0.5838783979415894, 0.5844767093658447];[-2.1512887477874756, -2.3089613914489746, -2.4974734783172607, -2.603756904602051, -2.6508896350860596, -2.684696912765503];[];329.6535723209381
1600;[3.5344862937927246, 3.568399429321289, 3.4856464862823486, 3.6321961879730225, 3.69836688041687, 3.6945102214813232];[0.437140554189682, 0.4863224923610687, 0.4963059723377228, 0.5064110159873962, 0.48132002353668213, 0.5418907999992371];[-2.198368787765503, -2.2909672260284424, -2.304617166519165, -2.3815438747406006, -2.3734238147735596, -2.4452333450317383];[];329.5262985229492
1650;[3.3729896545410156, 3.5249297618865967, 3.284090280532837, 3.542128562927246, 3.4456214904785156, 3.3843419551849365];[0.4261898100376129, 0.4474693536758423, 0.41731348633766174, 0.45935478806495667, 0.4341776371002197, 0.4201127290725708];[-2.128889560699463, -2.2056562900543213, -2.1101443767547607, -2.1854586601257324, -2.144423246383667, -2.1542398929595947];[];325.5809609889984
1700;[3.3907694816589355, 3.28730845451355, 3.3700437545776367, 3.690951108932495, 3.430140972137451, 3.332003116607666];[0.41682669520378113, 0.4232156276702881, 0.4313260018825531, 0.4622531235218048, 0.4132828116416931, 0.4288223087787628];[-2.115798234939575, -2.1258528232574463, -2.1609487533569336, -2.2563345432281494, -2.138669729232788, -2.1115527153015137];[];431.90074610710144
1750;[3.4865918159484863, 3.4840738773345947, 3.7450361251831055, 3.5737411975860596, 3.8646364212036133, 4.045839786529541];[0.43417859077453613, 0.41961726546287537, 0.4750646948814392, 0.4324004352092743, 0.48876339197158813, 0.4962303042411804];[-2.1764469146728516, -2.1566810607910156, -2.280776262283325, -2.17024302482605, -2.297098159790039, -2.3619558811187744];[];362.64671564102173
1800;[3.542616844177246, 3.4479482173919678, 3.5268988609313965, 3.3866772651672363, 3.2575690746307373, 3.4611196517944336];[0.43504461646080017, 0.41061779856681824, 0.46970102190971375, 0.44865259528160095, 0.45531007647514343, 0.49288704991340637];[-2.2129921913146973, -2.138784170150757, -2.287327766418457, -2.206695795059204, -2.177204132080078, -2.3617136478424072];[];321.2458734512329
1850;[3.523024320602417, 3.2897956371307373, 3.5689170360565186, 3.3813796043395996, 3.122147560119629, 3.2186789512634277];[0.43340134620666504, 0.4042993187904358, 0.4276246428489685, 0.4017653465270996, 0.35909759998321533, 0.38017886877059937];[-2.2051966190338135, -2.060908555984497, -2.1867055892944336, -2.1336991786956787, -2.004772663116455, -2.0375356674194336];[];321.3241813182831
1900;[3.5153372287750244, 3.593843698501587, 3.3749048709869385, 3.3031766414642334, 3.3690574169158936, 3.2309186458587646];[0.4438469111919403, 0.4269399642944336, 0.4173511266708374, 0.39893439412117004, 0.4020916223526001, 0.41202428936958313];[-2.202637195587158, -2.2113285064697266, -2.135052442550659, -2.0993525981903076, -2.1231491565704346, -2.0961713790893555];[];362.70911979675293
1950;[3.449302911758423, 3.231416940689087, 3.1558949947357178, 3.039299249649048, 2.919057607650757, 2.5911691188812256];[0.4420658349990845, 0.3776994049549103, 0.36283397674560547, 0.33732783794403076, 0.32052820920944214, 0.28813669085502625];[-2.188352108001709, -2.021009922027588, -1.9939955472946167, -1.94720458984375, -1.9317609071731567, -1.7845836877822876];[];327.24845719337463
2000;[3.5128579139709473, 3.3952791690826416, 3.606743335723877, 3.314620018005371, 3.581601858139038, 3.4235680103302];[0.43277543783187866, 0.4202010929584503, 0.44922125339508057, 0.4226701259613037, 0.44717711210250854, 0.4202999174594879];[-2.1851656436920166, -2.1293387413024902, -2.227795362472534, -2.139876365661621, -2.292102336883545, -2.1753251552581787];[];328.2432358264923
2050;[3.4718825817108154, 3.462064027786255, 3.6568384170532227, 3.6230688095092773, 3.853468894958496, 3.49397611618042];[0.435119092464447, 0.42248183488845825, 0.4581449031829834, 0.499467670917511, 0.5082653164863586, 0.4519495964050293];[-2.168713331222534, -2.1645898818969727, -2.274099349975586, -2.3151893615722656, -2.4086523056030273, -2.205169916152954];[];330.3281955718994
2100;[3.4577395915985107, 3.333890676498413, 3.47955322265625, 3.797482967376709, 3.5828280448913574, 3.4957327842712402];[0.4313388168811798, 0.44307681918144226, 0.45055142045021057, 0.503014087677002, 0.48217517137527466, 0.49160560965538025];[-2.1701595783233643, -2.1611640453338623, -2.207672119140625, -2.4231655597686768, -2.285891056060791, -2.3017005920410156];[];322.3323950767517
2150;[3.5250561237335205, 3.3440656661987305, 3.561098098754883, 3.6512396335601807, 3.7077598571777344, 3.6554858684539795];[0.42883846163749695, 0.40392327308654785, 0.4633448123931885, 0.5003806352615356, 0.45259377360343933, 0.49741342663764954];[-2.201998710632324, -2.0977895259857178, -2.2198305130004883, -2.3352017402648926, -2.259653329849243, -2.297548770904541];[];323.26501846313477
2200;[3.4772369861602783, 3.339562177658081, 3.4920406341552734, 3.384222984313965, 3.3016929626464844, 3.5131871700286865];[0.43342170119285583, 0.4185190498828888, 0.44753459095954895, 0.43711912631988525, 0.4228823482990265, 0.4301827549934387];[-2.167332649230957, -2.1248421669006348, -2.2643933296203613, -2.201387643814087, -2.129692554473877, -2.191781997680664];[];520.801456451416
2250;[3.447732448577881, 3.5642263889312744, 3.533219575881958, 3.5140607357025146, 3.389150619506836, 3.3400259017944336];[0.42744630575180054, 0.4359061121940613, 0.4289318323135376, 0.45296820998191833, 0.4573613703250885, 0.4412640333175659];[-2.1626577377319336, -2.1729679107666016, -2.2010648250579834, -2.252899646759033, -2.237624168395996, -2.228760242462158];[];397.14735102653503
2300;[3.4258675575256348, 3.4907970428466797, 3.5157597064971924, 3.4146595001220703, 3.4681098461151123, 3.6705238819122314];[0.43996262550354004, 0.39672014117240906, 0.4192309081554413, 0.389781653881073, 0.4196002185344696, 0.4473785161972046];[-2.155377149581909, -2.1245601177215576, -2.141785144805908, -2.093296766281128, -2.1515581607818604, -2.1867783069610596];[];338.3598017692566
2350;[3.479848861694336, 3.703437328338623, 3.794893264770508, 3.613025188446045, 3.5557684898376465, 3.4261317253112793];[0.4281454086303711, 0.47978511452674866, 0.4971931278705597, 0.462342232465744, 0.43511903285980225, 0.4381158947944641];[-2.1800904273986816, -2.2851552963256836, -2.346097946166992, -2.2302420139312744, -2.192106008529663, -2.1601080894470215];[];319.3561444282532
2400;[3.453928232192993, 3.3587777614593506, 3.5544028282165527, 3.8143389225006104, 3.950939416885376, 3.824260711669922];[0.42348501086235046, 0.41335633397102356, 0.4227430522441864, 0.46459877490997314, 0.5144690275192261, 0.5011758804321289];[-2.1593546867370605, -2.102808952331543, -2.174499273300171, -2.2740800380706787, -2.401465892791748, -2.3487374782562256];[];423.4960458278656
2450;[3.443373441696167, 3.588665008544922, 3.5704433917999268, 3.6442148685455322, 3.4423396587371826, 3.472419023513794];[0.4253566563129425, 0.43375301361083984, 0.4374707043170929, 0.4560196101665497, 0.423244446516037, 0.4272317886352539];[-2.157527446746826, -2.196589946746826, -2.1956756114959717, -2.2417869567871094, -2.150266170501709, -2.164839267730713];[];368.48654532432556
2500;[3.500199317932129, 3.5458693504333496, 3.548907995223999, 3.550184488296509, 3.4433658123016357, 3.4006741046905518];[0.4217135012149811, 0.4190989136695862, 0.43059128522872925, 0.4447364807128906, 0.40997087955474854, 0.4120946228504181];[-2.151613235473633, -2.171251058578491, -2.191246271133423, -2.2157540321350098, -2.1447741985321045, -2.100308656692505];[];618.2074980735779
2550;[3.422832489013672, 3.300032377243042, 3.431674003601074, 3.785630464553833, 3.6776790618896484, 3.737758159637451];[0.439088374376297, 0.40381503105163574, 0.41886648535728455, 0.4594880938529968, 0.49090778827667236, 0.4790771007537842];[-2.157212495803833, -2.076557159423828, -2.125187397003174, -2.2820985317230225, -2.315793991088867, -2.3246967792510986];[];368.4553642272949
2600;[3.394423484802246, 3.6684117317199707, 3.6554338932037354, 3.8159608840942383, 3.653517961502075, 3.544917106628418];[0.44063636660575867, 0.4808577299118042, 0.4986514747142792, 0.5141834020614624, 0.5395354628562927, 0.5162150859832764];[-2.1647140979766846, -2.299659490585327, -2.3612661361694336, -2.392918348312378, -2.452131509780884, -2.3694324493408203];[];496.00907278060913
2650;[3.442821979522705, 3.6517038345336914, 3.89742112159729, 4.038240909576416, 4.217245101928711, 4.152079105377197];[0.4292795956134796, 0.4549363851547241, 0.501562237739563, 0.5192508101463318, 0.5721827149391174, 0.5839357972145081];[-2.150250196456909, -2.215663194656372, -2.343902587890625, -2.4304347038269043, -2.621828317642212, -2.6249256134033203];[];332.96580386161804
2700;[3.5615553855895996, 3.5104939937591553, 3.7503585815429688, 3.755866289138794, 3.837226629257202, 4.033777236938477];[0.4321097135543823, 0.39551666378974915, 0.4484690725803375, 0.45357099175453186, 0.49600711464881897, 0.5324320793151855];[-2.211458683013916, -2.11490797996521, -2.254939556121826, -2.2839648723602295, -2.34576678276062, -2.4625110626220703];[];326.267795085907
2750;[3.5089309215545654, 3.8262317180633545, 3.7101268768310547, 3.59468412399292, 3.492814064025879, 3.504288673400879];[0.43499210476875305, 0.45897287130355835, 0.4488138258457184, 0.4381587505340576, 0.3968445956707001, 0.39501574635505676];[-2.196744441986084, -2.286691188812256, -2.236294984817505, -2.192808151245117, -2.0884742736816406, -2.094965934753418];[];333.86554646492004
2800;[3.548353433609009, 3.6169052124023438, 3.258734941482544, 3.326235055923462, 3.343355655670166, 3.2253196239471436];[0.42625173926353455, 0.42706987261772156, 0.38996070623397827, 0.3693449795246124, 0.3702942430973053, 0.35747644305229187];[-2.2053003311157227, -2.2222020626068115, -2.029081106185913, -2.0652594566345215, -2.065171957015991, -1.9664020538330078];[];329.02525544166565
2850;[3.4069786071777344, 3.373643159866333, 3.32442569732666, 3.2025370597839355, 3.448599100112915, 3.3053090572357178];[0.42313840985298157, 0.4118116796016693, 0.39062002301216125, 0.37341248989105225, 0.40880173444747925, 0.3974543809890747];[-2.1496262550354004, -2.11664080619812, -2.0671069622039795, -2.035533905029297, -2.1732065677642822, -2.1151769161224365];[];325.15094447135925
2900;[3.4786903858184814, 3.5099105834960938, 3.462782144546509, 3.429243564605713, 3.4810190200805664, 3.50734806060791];[0.4198276996612549, 0.3986997902393341, 0.40620943903923035, 0.4418085813522339, 0.44279590249061584, 0.4666150212287903];[-2.169485092163086, -2.1735281944274902, -2.1619951725006104, -2.1900947093963623, -2.2239694595336914, -2.273589611053467];[];318.4433717727661
2950;[3.457639694213867, 3.5934879779815674, 3.4541993141174316, 3.2054195404052734, 3.3107924461364746, 3.1579182147979736];[0.41961294412612915, 0.4580329358577728, 0.43046388030052185, 0.4130222201347351, 0.3781004846096039, 0.37235575914382935];[-2.1645867824554443, -2.2498369216918945, -2.184497356414795, -2.11700439453125, -2.1172451972961426, -2.0655112266540527];[];364.4150173664093
3000;[3.4256255626678467, 3.5385098457336426, 3.4628031253814697, 3.3707284927368164, 3.468855619430542, 3.3610360622406006];[0.4304555654525757, 0.4521240293979645, 0.42387381196022034, 0.43396496772766113, 0.4602372944355011, 0.43781158328056335];[-2.1510977745056152, -2.2211551666259766, -2.162019968032837, -2.1690714359283447, -2.2508063316345215, -2.172607660293579];[];332.6861152648926
3050;[3.5232760906219482, 3.3023719787597656, 3.3204188346862793, 3.4628264904022217, 3.435595750808716, 3.4322993755340576];[0.4335034191608429, 0.4035482704639435, 0.3919065594673157, 0.3957710862159729, 0.38859015703201294, 0.40682291984558105];[-2.183851718902588, -2.073528528213501, -2.0799028873443604, -2.094496011734009, -2.068244695663452, -2.121279239654541];[];322.84060311317444
3100;[3.5262510776519775, 3.228785753250122, 3.1639578342437744, 3.190420627593994, 3.295976161956787, 3.3368587493896484];[0.4273252487182617, 0.4106575846672058, 0.3968392014503479, 0.38905662298202515, 0.38015586137771606, 0.42389777302742004];[-2.1755728721618652, -2.0641231536865234, -2.055327892303467, -2.0771865844726562, -2.1015625, -2.161552906036377];[];318.00952100753784
3150;[3.481098175048828, 3.587646961212158, 3.630037784576416, 3.8284780979156494, 3.6332569122314453, 3.6650683879852295];[0.4412480592727661, 0.4411935806274414, 0.49890226125717163, 0.4810740649700165, 0.5122565627098083, 0.5329663157463074];[-2.1739420890808105, -2.2642276287078857, -2.3127527236938477, -2.3469724655151367, -2.3778889179229736, -2.4202897548675537];[];324.92848682403564
3200;[3.5564115047454834, 3.4663631916046143, 3.1924448013305664, 3.216888666152954, 3.2862496376037598, 3.091630458831787];[0.42679154872894287, 0.44337546825408936, 0.40533360838890076, 0.441642165184021, 0.4181300401687622, 0.39064496755599976];[-2.2020366191864014, -2.1898796558380127, -2.115776538848877, -2.1935837268829346, -2.181969404220581, -2.08974289894104];[];317.16695761680603
3250;[3.5460596084594727, 3.451467990875244, 3.3776051998138428, 3.364251136779785, 3.178800582885742, 3.3674662113189697];[0.44870391488075256, 0.40986648201942444, 0.40713363885879517, 0.3972267210483551, 0.36307162046432495, 0.391437292098999];[-2.22725510597229, -2.140280246734619, -2.1342501640319824, -2.1066761016845703, -2.01753306388855, -2.0850400924682617];[];323.240273475647
3300;[3.5628983974456787, 3.508216381072998, 3.4215080738067627, 3.4403491020202637, 3.25056791305542, 3.2500953674316406];[0.4286653399467468, 0.41685402393341064, 0.41306614875793457, 0.39579105377197266, 0.40016406774520874, 0.3916172683238983];[-2.204709529876709, -2.1441171169281006, -2.1564395427703857, -2.0959064960479736, -2.064547300338745, -2.04818058013916];[];314.28272247314453
3350;[3.4647178649902344, 3.2891526222229004, 3.2907462120056152, 3.4661600589752197, 3.5470011234283447, 3.718172788619995];[0.42730820178985596, 0.38401585817337036, 0.38973551988601685, 0.4054555594921112, 0.44373825192451477, 0.4710962176322937];[-2.1585211753845215, -2.0441157817840576, -2.0782053470611572, -2.1156983375549316, -2.2072489261627197, -2.304107904434204];[];321.4712498188019
3400;[3.4300949573516846, 3.5408215522766113, 3.6401257514953613, 3.5610873699188232, 3.470370292663574, 3.3882603645324707];[0.4225103259086609, 0.49207842350006104, 0.4615932106971741, 0.43303483724594116, 0.4399200975894928, 0.45494505763053894];[-2.153245210647583, -2.2686104774475098, -2.2600436210632324, -2.2069809436798096, -2.190653085708618, -2.193283796310425];[];323.9072697162628
3450;[3.4317879676818848, 3.4646553993225098, 3.7942519187927246, 3.544724941253662, 3.500931978225708, 3.47091007232666];[0.42851898074150085, 0.4288249611854553, 0.44443973898887634, 0.41602393984794617, 0.40141886472702026, 0.3933704197406769];[-2.1599225997924805, -2.119910717010498, -2.2444427013397217, -2.1395483016967773, -2.1200904846191406, -2.0835843086242676];[];323.7175872325897
3500;[3.43996524810791, 3.4967195987701416, 3.2170186042785645, 3.0369763374328613, 3.0624279975891113, 3.167283058166504];[0.4161004424095154, 0.4100627601146698, 0.39712414145469666, 0.3592723608016968, 0.35289424657821655, 0.3936377167701721];[-2.1366357803344727, -2.170728921890259, -2.071364641189575, -1.9605385065078735, -1.9914867877960205, -2.071113109588623];[];320.8901700973511
3550;[3.530898094177246, 3.4346976280212402, 3.3748910427093506, 3.3567190170288086, 3.46720290184021, 3.49682879447937];[0.4299246668815613, 0.4083729386329651, 0.4153978228569031, 0.39329323172569275, 0.42742571234703064, 0.41516709327697754];[-2.201012134552002, -2.1181881427764893, -2.115940809249878, -2.074810266494751, -2.1554574966430664, -2.182408094406128];[];328.17641401290894
3600;[3.4477524757385254, 3.3477251529693604, 3.5002379417419434, 3.3202426433563232, 3.3964052200317383, 3.668959856033325];[0.4325738847255707, 0.41627517342567444, 0.4275399148464203, 0.39253294467926025, 0.39518576860427856, 0.4445325434207916];[-2.174731731414795, -2.109602689743042, -2.1744048595428467, -2.1072423458099365, -2.1050491333007812, -2.206179141998291];[];328.515394449234
3650;[3.540844678878784, 3.240617513656616, 3.4001970291137695, 3.2919301986694336, 3.2846407890319824, 3.3335139751434326];[0.4399881660938263, 0.40660640597343445, 0.4296272099018097, 0.39326679706573486, 0.39213472604751587, 0.40216007828712463];[-2.20306396484375, -2.069770574569702, -2.167943000793457, -2.1151139736175537, -2.086244583129883, -2.069807529449463];[];319.3725850582123
3700;[3.4027581214904785, 3.4962050914764404, 3.5836946964263916, 3.4962668418884277, 3.3806519508361816, 3.436659097671509];[0.43114277720451355, 0.40754371881484985, 0.41163042187690735, 0.3989660441875458, 0.4075245261192322, 0.41318759322166443];[-2.1527085304260254, -2.1611826419830322, -2.149836540222168, -2.1318233013153076, -2.1058971881866455, -2.150148868560791];[];320.3331518173218
3750;[3.417722225189209, 3.3294034004211426, 3.4308183193206787, 3.2374765872955322, 3.2325973510742188, 3.1042301654815674];[0.4201606214046478, 0.38898956775665283, 0.43312978744506836, 0.4229948818683624, 0.40951529145240784, 0.3720855712890625];[-2.120706558227539, -2.101922035217285, -2.2142751216888428, -2.168931722640991, -2.1126582622528076, -2.0188565254211426];[];322.338427066803
3800;[3.5380775928497314, 3.541764259338379, 3.6008713245391846, 3.8005404472351074, 3.827202558517456, 3.9372549057006836];[0.4449352025985718, 0.41791170835494995, 0.4733799993991852, 0.5129706263542175, 0.5385072231292725, 0.5367249250411987];[-2.1953392028808594, -2.1720967292785645, -2.2768170833587646, -2.4496562480926514, -2.4703726768493652, -2.530306577682495];[];322.930969953537
3850;[3.3782663345336914, 3.270185947418213, 3.5265846252441406, 3.5461056232452393, 3.598379373550415, 3.5755562782287598];[0.43335577845573425, 0.39510393142700195, 0.4271620512008667, 0.4111103415489197, 0.42783328890800476, 0.4085295498371124];[-2.1257143020629883, -2.0671021938323975, -2.1977343559265137, -2.12937593460083, -2.1724138259887695, -2.144259452819824];[];320.182519197464
3900;[3.400075674057007, 3.6704251766204834, 3.7336626052856445, 3.9892547130584717, 3.702136278152466, 3.7910242080688477];[0.42518237233161926, 0.4433562755584717, 0.46255823969841003, 0.4835776388645172, 0.44281065464019775, 0.446274995803833];[-2.1462230682373047, -2.24139404296875, -2.254471778869629, -2.343881845474243, -2.1928255558013916, -2.2394375801086426];[];323.90255665779114
3950;[3.5219907760620117, 3.3864903450012207, 3.4000585079193115, 3.217724323272705, 3.089352607727051, 3.148195743560791];[0.43788301944732666, 0.4303992688655853, 0.4522969722747803, 0.4126463532447815, 0.36415207386016846, 0.3528929054737091];[-2.1906542778015137, -2.1865410804748535, -2.216132402420044, -2.076932430267334, -1.9957668781280518, -1.9926329851150513];[];323.48112893104553
4000;[3.4889564514160156, 3.5301718711853027, 3.375034809112549, 3.402560234069824, 3.5444931983947754, 3.6382906436920166];[0.419704794883728, 0.43993473052978516, 0.43375158309936523, 0.42103615403175354, 0.4253959059715271, 0.4499363303184509];[-2.1676790714263916, -2.20074200630188, -2.153660535812378, -2.13112473487854, -2.1819775104522705, -2.237377882003784];[];320.4986879825592
4050;[3.568859577178955, 3.448330879211426, 3.272329568862915, 3.5282177925109863, 3.4456074237823486, 3.2332167625427246];[0.4272952973842621, 0.43470239639282227, 0.430474191904068, 0.4588718116283417, 0.4526852071285248, 0.44118353724479675];[-2.2002525329589844, -2.2121856212615967, -2.1028571128845215, -2.259042263031006, -2.250476598739624, -2.109332323074341];[];318.56008553504944
4100;[3.4559199810028076, 3.3564529418945312, 3.120100736618042, 3.2704784870147705, 3.011641263961792, 3.0889861583709717];[0.43601733446121216, 0.4009724259376526, 0.3651939034461975, 0.36617711186408997, 0.333279013633728, 0.34194067120552063];[-2.1943347454071045, -2.12117600440979, -2.0100438594818115, -2.031777858734131, -1.9080592393875122, -1.9565885066986084];[];318.67693519592285
4150;[3.433300495147705, 3.3505613803863525, 3.485300302505493, 3.345582962036133, 3.439999580383301, 3.622375965118408];[0.4243253767490387, 0.42283234000205994, 0.4439486563205719, 0.3905344605445862, 0.41335368156433105, 0.41748347878456116];[-2.129598617553711, -2.1476621627807617, -2.189258337020874, -2.067023754119873, -2.119539499282837, -2.160275459289551];[];321.2556080818176
4200;[3.552973985671997, 3.439277410507202, 3.740844964981079, 3.7816579341888428, 3.876657724380493, 3.8048481941223145];[0.4355594515800476, 0.4100130796432495, 0.45631733536720276, 0.4723869264125824, 0.5168058276176453, 0.49021774530410767];[-2.2056286334991455, -2.0980334281921387, -2.272336959838867, -2.3081753253936768, -2.4334301948547363, -2.3694119453430176];[];333.7341184616089
4250;[3.439617872238159, 3.5810985565185547, 3.4843153953552246, 3.3523905277252197, 3.598273992538452, 3.632720708847046];[0.4486544132232666, 0.46074771881103516, 0.4494597613811493, 0.38954997062683105, 0.4141460955142975, 0.43246525526046753];[-2.158219337463379, -2.2328097820281982, -2.21431303024292, -2.0938427448272705, -2.1698262691497803, -2.1644866466522217];[];320.90641021728516
4300;[3.4404165744781494, 3.5785837173461914, 3.348557949066162, 3.408200263977051, 3.3774099349975586, 3.1418344974517822];[0.4380873441696167, 0.4134818911552429, 0.40426668524742126, 0.399618923664093, 0.41491827368736267, 0.3774224817752838];[-2.167135715484619, -2.155576705932617, -2.0902175903320312, -2.1241838932037354, -2.1005666255950928, -2.0100905895233154];[];323.49107456207275
4350;[3.5066659450531006, 3.744042158126831, 3.949502944946289, 3.6973788738250732, 3.9834418296813965, 3.9182984828948975];[0.42971107363700867, 0.47111284732818604, 0.5014351010322571, 0.49423447251319885, 0.5345648527145386, 0.5062034130096436];[-2.201038360595703, -2.307497501373291, -2.4345591068267822, -2.373417854309082, -2.4839847087860107, -2.438107967376709];[];315.61343598365784
4400;[3.388012409210205, 3.354583978652954, 3.2642483711242676, 3.273709535598755, 3.2254514694213867, 3.3386547565460205];[0.43449947237968445, 0.41863319277763367, 0.3927599787712097, 0.3591674268245697, 0.37096133828163147, 0.4167015254497528];[-2.1369526386260986, -2.1143336296081543, -2.068087100982666, -2.032269239425659, -2.020568370819092, -2.110353946685791];[];325.25013995170593
4450;[3.46403431892395, 3.342162847518921, 3.291430950164795, 3.1838250160217285, 3.314424753189087, 3.14164662361145];[0.4295528829097748, 0.41115057468414307, 0.4068162441253662, 0.38115137815475464, 0.39121270179748535, 0.38632282614707947];[-2.17692232131958, -2.112250566482544, -2.1091840267181396, -2.054049253463745, -2.118396043777466, -2.082460403442383];[];329.38708782196045
4500;[3.435029983520508, 3.5590484142303467, 3.683103561401367, 3.9644339084625244, 3.5857856273651123, 3.6240861415863037];[0.4312841594219208, 0.4861721396446228, 0.5039286613464355, 0.5114243030548096, 0.45808300375938416, 0.4711418151855469];[-2.1519405841827393, -2.2576839923858643, -2.3585684299468994, -2.4553322792053223, -2.26271653175354, -2.289580821990967];[];316.5717623233795
4550;[3.4912192821502686, 3.5337727069854736, 3.4296090602874756, 3.4711732864379883, 3.3686044216156006, 3.487342357635498];[0.41575321555137634, 0.43028461933135986, 0.436017245054245, 0.42590945959091187, 0.40641412138938904, 0.45596230030059814];[-2.1820414066314697, -2.2144553661346436, -2.175665855407715, -2.1497132778167725, -2.122577667236328, -2.22390079498291];[];321.2058961391449
4600;[3.322650909423828, 3.548495054244995, 3.4257023334503174, 3.669699192047119, 3.627243995666504, 3.6608433723449707];[0.43635958433151245, 0.41637516021728516, 0.430244117975235, 0.46285146474838257, 0.4727466106414795, 0.47441592812538147];[-2.133258819580078, -2.1585946083068848, -2.1220285892486572, -2.282360315322876, -2.2914037704467773, -2.263270616531372];[];320.38604736328125
4650;[3.4254584312438965, 3.212442636489868, 3.164539337158203, 3.256300449371338, 3.3146626949310303, 3.244140625];[0.4274805188179016, 0.3879753053188324, 0.3927125632762909, 0.40109822154045105, 0.4028765857219696, 0.41128969192504883];[-2.1472837924957275, -2.0497875213623047, -2.0422468185424805, -2.054581642150879, -2.1347289085388184, -2.203355312347412];[];321.110720872879
4700;[3.4441146850585938, 3.6049561500549316, 3.4193403720855713, 3.3449866771698, 3.1008124351501465, 3.0151169300079346];[0.4355427324771881, 0.40660223364830017, 0.3937208652496338, 0.37772929668426514, 0.34586915373802185, 0.32370105385780334];[-2.167985439300537, -2.1522817611694336, -2.0647568702697754, -2.076650857925415, -1.9969494342803955, -1.9348608255386353];[];316.5349006652832
4750;[3.427764654159546, 3.349133014678955, 3.506709337234497, 3.3631622791290283, 3.1257927417755127, 3.185741901397705];[0.43967872858047485, 0.42134952545166016, 0.42838019132614136, 0.3940456509590149, 0.3475583493709564, 0.34233585000038147];[-2.1648216247558594, -2.104475975036621, -2.1382875442504883, -2.0763871669769287, -1.9938842058181763, -2.0301461219787598];[];319.29142022132874
4800;[3.6132876873016357, 3.272724151611328, 3.3563692569732666, 3.6549603939056396, 3.93845796585083, 3.816739797592163];[0.43190473318099976, 0.39385610818862915, 0.42037829756736755, 0.4960230588912964, 0.5084493160247803, 0.514961838722229];[-2.2278809547424316, -2.069594144821167, -2.164384603500366, -2.3512184619903564, -2.4278197288513184, -2.404029130935669];[];319.22122073173523
4850;[3.4939403533935547, 3.451465368270874, 3.5674800872802734, 3.6957101821899414, 3.836627721786499, 3.907670259475708];[0.42048031091690063, 0.46332165598869324, 0.4499739408493042, 0.4899875521659851, 0.4942261874675751, 0.4740053415298462];[-2.1906533241271973, -2.2016594409942627, -2.1925995349884033, -2.2928833961486816, -2.3261849880218506, -2.3463969230651855];[];322.41399478912354
4900;[3.500035047531128, 3.3880019187927246, 3.3571841716766357, 3.668870210647583, 3.6140990257263184, 3.8039474487304688];[0.43954998254776, 0.4259452819824219, 0.4081498384475708, 0.4722544550895691, 0.4367072880268097, 0.464987576007843];[-2.187502145767212, -2.1285390853881836, -2.1248831748962402, -2.2320573329925537, -2.185382604598999, -2.3023173809051514];[];340.33032512664795
4950;[3.6074352264404297, 3.7271151542663574, 3.7603397369384766, 3.7715086936950684, 3.8540308475494385, 3.9778003692626953];[0.4442906975746155, 0.47222980856895447, 0.4942733645439148, 0.5335368514060974, 0.5691026449203491, 0.5485226511955261];[-2.2326273918151855, -2.2981011867523193, -2.3715360164642334, -2.451467275619507, -2.552993059158325, -2.563789129257202];[];318.527138710022
5000;[3.4515857696533203, 3.5436573028564453, 3.554786443710327, 3.7392971515655518, 3.5428106784820557, 3.50747013092041];[0.4284898042678833, 0.4212051331996918, 0.4437292516231537, 0.4821704924106598, 0.4666932225227356, 0.46342939138412476];[-2.155395984649658, -2.1837668418884277, -2.1816866397857666, -2.3151073455810547, -2.2380824089050293, -2.2903389930725098];[];339.93787956237793