Seed;RMSE History;MMD History;Log-Likelihood History;Max EIG History;Deployment Time
50;[3.5963945388793945, 3.7497806549072266, 3.9820477962493896, 3.9101619720458984, 4.247520446777344, 4.121990203857422];[0.2673826813697815, 0.2829838991165161, 0.2957286536693573, 0.28666529059410095, 0.3399253785610199, 0.3317147493362427];[-2.60251522064209, -2.689866065979004, -2.6847453117370605, -2.656790018081665, -2.8481943607330322, -2.820772171020508];[];319.1118109226227
50;[4.426402568817139, 4.60362434387207, 4.871456146240234, 4.8738179206848145, 5.145045757293701, 5.0006303787231445];[0.21169903874397278, 0.23775769770145416, 0.2299640029668808, 0.2203100025653839, 0.2713812291622162, 0.27178552746772766];[-3.230581521987915, -3.239246129989624, -3.3179831504821777, -3.3193557262420654, -3.4640634059906006, -3.3633854389190674];[];321.2609910964966
100;[3.735288619995117, 3.7881484031677246, 3.452833414077759, 3.4953300952911377, 3.6352858543395996, 3.455487012863159];[0.257673442363739, 0.2604261040687561, 0.2414751797914505, 0.22123776376247406, 0.24153810739517212, 0.22420759499073029];[-2.5990281105041504, -2.6041176319122314, -2.5426414012908936, -2.4468610286712646, -2.550522565841675, -2.4769952297210693];[];322.72995352745056
100;[4.835776329040527, 4.960996627807617, 4.343239784240723, 4.490960597991943, 4.630704879760742, 4.408337116241455];[0.19413888454437256, 0.19950948655605316, 0.1997273564338684, 0.1771160066127777, 0.20516306161880493, 0.19022485613822937];[-3.375126838684082, -3.397982358932495, -3.13986873626709, -3.1594741344451904, -3.2294230461120605, -3.1487646102905273];[];391.3794765472412
150;[3.5757877826690674, 3.415302276611328, 3.5208120346069336, 3.7108829021453857, 3.7298367023468018, 4.053287029266357];[0.25986701250076294, 0.21630994975566864, 0.23736226558685303, 0.26183271408081055, 0.2575879693031311, 0.331086665391922];[-2.5824029445648193, -2.45918345451355, -2.554711103439331, -2.611931324005127, -2.595315933227539, -2.8813347816467285];[];320.9867787361145
150;[4.472259998321533, 4.382687091827393, 4.400596618652344, 4.684791564941406, 4.706039905548096, 5.020010471343994];[0.20966465771198273, 0.16073143482208252, 0.19690260291099548, 0.20913515985012054, 0.20985227823257446, 0.28286829590797424];[-3.1632049083709717, -3.1637210845947266, -3.166687488555908, -3.293555736541748, -3.2867696285247803, -3.608229398727417];[];322.55367159843445
200;[3.6300575733184814, 3.3957176208496094, 3.5260350704193115, 3.4454965591430664, 3.58367919921875, 3.6335532665252686];[0.26128193736076355, 0.22611497342586517, 0.26401931047439575, 0.2516309320926666, 0.2961227297782898, 0.30779027938842773];[-2.5926427841186523, -2.4639649391174316, -2.6039462089538574, -2.6091084480285645, -2.7548904418945312, -2.8042502403259277];[];328.2166817188263
200;[4.565479278564453, 4.248223304748535, 4.453354358673096, 4.348647117614746, 4.524125576019287, 4.5755815505981445];[0.20539163053035736, 0.17584829032421112, 0.20884637534618378, 0.20553471148014069, 0.23820382356643677, 0.25303488969802856];[-3.2673463821411133, -3.080979108810425, -3.3653597831726074, -3.283539056777954, -3.4574673175811768, -3.5329344272613525];[];329.6978294849396
250;[3.6311590671539307, 3.545135498046875, 3.6544480323791504, 3.8597397804260254, 3.97116756439209, 3.993518352508545];[0.2639690935611725, 0.24633380770683289, 0.2688505947589874, 0.3091641068458557, 0.3160424530506134, 0.2952967584133148];[-2.6001079082489014, -2.546090841293335, -2.609149932861328, -2.7384305000305176, -2.7136728763580322, -2.6604084968566895];[];329.3445863723755
250;[4.5491437911987305, 4.435140609741211, 4.578842639923096, 4.805696964263916, 4.8071513175964355, 4.984229564666748];[0.2102264165878296, 0.20120197534561157, 0.21417276561260223, 0.24013957381248474, 0.2662222981452942, 0.24861326813697815];[-3.227867841720581, -3.1357455253601074, -3.2558786869049072, -3.480837821960449, -3.3483774662017822, -3.4130163192749023];[];330.2799415588379
300;[3.608785390853882, 3.8268439769744873, 3.7512922286987305, 3.6812744140625, 3.6422715187072754, 3.558789014816284];[0.2620380222797394, 0.32145607471466064, 0.3171316981315613, 0.2985944449901581, 0.2944243550300598, 0.2994985282421112];[-2.5871784687042236, -2.8437631130218506, -2.8302228450775146, -2.7623114585876465, -2.7197768688201904, -2.8374135494232178];[];322.9470820426941
300;[4.553678512573242, 4.76352596282959, 4.778104782104492, 4.648191452026367, 4.635063648223877, 4.492583751678467];[0.20786184072494507, 0.2856309711933136, 0.2896004617214203, 0.26996493339538574, 0.2674292027950287, 0.3012534976005554];[-3.237621545791626, -3.5701701641082764, -3.660402774810791, -3.6243984699249268, -3.6856606006622314, -3.7332844734191895];[];325.49983835220337
350;[3.5682172775268555, 3.6880483627319336, 3.6807775497436523, 3.6594483852386475, 3.4676811695098877, 3.472792387008667];[0.24421259760856628, 0.2907456159591675, 0.2649214267730713, 0.2565758526325226, 0.2343432605266571, 0.22620920836925507];[-2.5504534244537354, -2.7079718112945557, -2.6109325885772705, -2.579244375228882, -2.5222091674804688, -2.5158638954162598];[];326.6097996234894
350;[4.506901741027832, 4.541018962860107, 4.573493480682373, 4.64714241027832, 4.414710998535156, 4.328855514526367];[0.19590841233730316, 0.2482469528913498, 0.21811868250370026, 0.19550809264183044, 0.18740642070770264, 0.17511804401874542];[-3.2085630893707275, -3.29380464553833, -3.2224984169006348, -3.277387857437134, -3.18743634223938, -3.010098934173584];[];322.34905219078064
400;[3.6232104301452637, 3.595559597015381, 3.5885164737701416, 3.7776248455047607, 3.8369638919830322, 3.855644464492798];[0.2675291895866394, 0.2576228976249695, 0.2634710371494293, 0.30819782614707947, 0.3160380721092224, 0.3432047367095947];[-2.628702402114868, -2.5725021362304688, -2.5976436138153076, -2.7349836826324463, -2.779304265975952, -2.872948169708252];[];327.19293761253357
400;[4.562415599822998, 4.412010669708252, 4.50011682510376, 4.663797855377197, 4.795294761657715, 4.785638332366943];[0.21526625752449036, 0.20949280261993408, 0.21486200392246246, 0.2589062452316284, 0.26233357191085815, 0.25033074617385864];[-3.2425050735473633, -3.122451066970825, -3.2309365272521973, -3.4285356998443604, -3.486874580383301, -3.6309497356414795];[];325.3974509239197
450;[3.7663233280181885, 3.821882724761963, 3.920037031173706, 3.847510814666748, 3.91571044921875, 3.8344171047210693];[0.2668311297893524, 0.2949787378311157, 0.2611754238605499, 0.24150337278842926, 0.2488918900489807, 0.25626012682914734];[-2.5983407497406006, -2.7139062881469727, -2.5674736499786377, -2.4699058532714844, -2.524618625640869, -2.530564546585083];[];322.30038237571716
450;[4.84308385848999, 4.7097673416137695, 4.858423233032227, 4.665921688079834, 4.831800937652588, 4.729090213775635];[0.19913171231746674, 0.24182185530662537, 0.20793329179286957, 0.19095619022846222, 0.18977917730808258, 0.19655463099479675];[-3.3539881706237793, -3.2961266040802, -3.2068095207214355, -2.991182327270508, -3.0945942401885986, -3.0417134761810303];[];327.50271463394165
500;[3.508882761001587, 3.6873512268066406, 3.9290318489074707, 4.05058479309082, 4.220439910888672, 4.0649871826171875];[0.25678908824920654, 0.27489203214645386, 0.33568111062049866, 0.35844841599464417, 0.361507773399353, 0.35668855905532837];[-2.552490711212158, -2.6453793048858643, -2.9378933906555176, -3.015882968902588, -3.063502788543701, -3.0397346019744873];[];324.0525155067444
500;[4.289403438568115, 4.577761173248291, 4.87642240524292, 5.036045074462891, 5.231359958648682, 5.028177738189697];[0.21325765550136566, 0.23724965751171112, 0.3057161569595337, 0.32205817103385925, 0.3247819244861603, 0.328879177570343];[-3.0696234703063965, -3.3475899696350098, -3.667576551437378, -3.8032851219177246, -3.8731985092163086, -3.8916642665863037];[];328.4598309993744
550;[3.5074756145477295, 3.7783823013305664, 3.882617235183716, 3.7753889560699463, 3.5952649116516113, 3.6058828830718994];[0.2489609271287918, 0.27812814712524414, 0.3155534565448761, 0.3071942627429962, 0.2510410249233246, 0.28329843282699585];[-2.563462018966675, -2.680797576904297, -2.860776662826538, -2.821697950363159, -2.5907175540924072, -2.7433676719665527];[];328.77537083625793
550;[4.351565837860107, 4.705991268157959, 4.743332862854004, 4.67186975479126, 4.6074910163879395, 4.635590553283691];[0.20682527124881744, 0.21985478699207306, 0.2697308361530304, 0.25891533493995667, 0.19503213465213776, 0.2204301953315735];[-3.1306111812591553, -3.279999017715454, -3.425379991531372, -3.4637019634246826, -3.2790510654449463, -3.4902749061584473];[];327.4916195869446
600;[3.617435932159424, 3.5566890239715576, 3.531587600708008, 3.54217267036438, 3.178544759750366, 3.3262031078338623];[0.2547748386859894, 0.26204168796539307, 0.25320595502853394, 0.25275862216949463, 0.20298868417739868, 0.21656471490859985];[-2.543565273284912, -2.5866072177886963, -2.5874135494232178, -2.579214572906494, -2.3665897846221924, -2.4301869869232178];[];318.9959981441498
600;[4.563321113586426, 4.476239204406738, 4.475945949554443, 4.570655345916748, 4.055480003356934, 4.351682186126709];[0.19733910262584686, 0.21602459251880646, 0.19821807742118835, 0.1872728168964386, 0.15007741749286652, 0.14770089089870453];[-3.2397382259368896, -3.315239429473877, -3.239204168319702, -3.3208444118499756, -3.0125811100006104, -3.134591817855835];[];335.17435812950134
650;[3.680776834487915, 3.6275200843811035, 3.6529793739318848, 3.922133684158325, 3.9298222064971924, 4.127450942993164];[0.2660680115222931, 0.2649848163127899, 0.2983718812465668, 0.3564586341381073, 0.3836148679256439, 0.42829814553260803];[-2.624011516571045, -2.665900945663452, -2.761748790740967, -3.0130667686462402, -3.1427931785583496, -3.4069406986236572];[];326.447016954422
650;[4.647861480712891, 4.527509689331055, 4.5454840660095215, 4.860654354095459, 4.819173812866211, 4.888821125030518];[0.20702391862869263, 0.20714078843593597, 0.20552682876586914, 0.24836920201778412, 0.2713274359703064, 0.30830076336860657];[-3.303933620452881, -3.1542184352874756, -3.3369100093841553, -3.600151777267456, -3.700974702835083, -3.890205144882202];[];325.88719606399536
700;[3.6097609996795654, 3.6500842571258545, 3.648164749145508, 3.5477654933929443, 3.5985665321350098, 3.6714119911193848];[0.26129427552223206, 0.28423741459846497, 0.3114177882671356, 0.3186197578907013, 0.36521443724632263, 0.3719731271266937];[-2.6213600635528564, -2.6959781646728516, -2.854832410812378, -2.9519219398498535, -3.260740280151367, -3.291367769241333];[];323.4546432495117
700;[4.549201965332031, 4.56756591796875, 4.5810933113098145, 4.513354778289795, 4.475214958190918, 4.605632781982422];[0.20686805248260498, 0.23079915344715118, 0.2448396533727646, 0.2536906599998474, 0.31417974829673767, 0.3191629946231842];[-3.2490110397338867, -3.3162591457366943, -3.4999921321868896, -3.6727168560028076, -3.821683168411255, -3.819542646408081];[];316.9072690010071
750;[3.6174590587615967, 3.5474112033843994, 3.533154010772705, 3.362757682800293, 3.36449933052063, 3.6269760131835938];[0.27185893058776855, 0.2533622980117798, 0.26545450091362, 0.22658376395702362, 0.23820704221725464, 0.2515036463737488];[-2.628617763519287, -2.574007272720337, -2.619412422180176, -2.4936840534210205, -2.4913880825042725, -2.5391621589660645];[];323.46276473999023
750;[4.464746475219727, 4.515544891357422, 4.50263786315918, 4.217298984527588, 4.156776428222656, 4.604764461517334];[0.2118217796087265, 0.19720032811164856, 0.21226969361305237, 0.17826524376869202, 0.19452813267707825, 0.1902259737253189];[-3.257805109024048, -3.275886297225952, -3.287135601043701, -3.086796522140503, -3.07096266746521, -3.327061414718628];[];323.5679557323456
800;[3.689725637435913, 3.580610990524292, 3.400560140609741, 3.189026117324829, 3.249983310699463, 3.242993116378784];[0.26083558797836304, 0.2592189311981201, 0.23535647988319397, 0.19797126948833466, 0.2104848176240921, 0.2122417688369751];[-2.595075845718384, -2.6188137531280518, -2.5002171993255615, -2.3755056858062744, -2.4079012870788574, -2.4240059852600098];[];317.65159702301025
800;[4.729539394378662, 4.545677185058594, 4.296913146972656, 4.121908187866211, 4.199818134307861, 4.187678337097168];[0.19635504484176636, 0.20326858758926392, 0.17747610807418823, 0.13811513781547546, 0.14459167420864105, 0.15331584215164185];[-3.3301219940185547, -3.218536138534546, -3.1485183238983154, -3.0176498889923096, -3.112635850906372, -3.1557650566101074];[];320.7916238307953
850;[3.485654354095459, 3.48984694480896, 3.3603262901306152, 3.4153051376342773, 3.3057315349578857, 3.3361384868621826];[0.2553580105304718, 0.23172780871391296, 0.21117478609085083, 0.23036447167396545, 0.20808692276477814, 0.19748716056346893];[-2.545236825942993, -2.477398633956909, -2.414541244506836, -2.4750401973724365, -2.41884446144104, -2.392197847366333];[];326.72377824783325
850;[4.289032459259033, 4.41755485534668, 4.2869439125061035, 4.360801696777344, 4.218319416046143, 4.174123764038086];[0.20825296640396118, 0.16904428601264954, 0.1513483226299286, 0.15634030103683472, 0.14066152274608612, 0.143532857298851];[-3.125176429748535, -3.118680953979492, -3.045961856842041, -3.1881158351898193, -2.990818977355957, -2.8223657608032227];[];330.31667160987854
900;[3.6521084308624268, 3.753777265548706, 3.6515324115753174, 3.816322088241577, 3.62355899810791, 3.6898765563964844];[0.26608631014823914, 0.2520492672920227, 0.24773894250392914, 0.27575013041496277, 0.2504435181617737, 0.2783874571323395];[-2.5824172496795654, -2.5600175857543945, -2.5332083702087402, -2.6298885345458984, -2.593318223953247, -2.6817173957824707];[];324.8125329017639
900;[4.568271636962891, 4.631192684173584, 4.516817569732666, 4.837124824523926, 4.5489654541015625, 4.4784626960754395];[0.2045658826828003, 0.2028050273656845, 0.19181212782859802, 0.2005390077829361, 0.19330808520317078, 0.22582997381687164];[-3.25089693069458, -3.0939767360687256, -3.0479283332824707, -3.2961509227752686, -3.1329946517944336, -3.1309895515441895];[];329.60778164863586
950;[3.6300199031829834, 3.5454249382019043, 3.3731181621551514, 3.5269644260406494, 3.442243814468384, 3.4527854919433594];[0.2616720199584961, 0.24473389983177185, 0.23332299292087555, 0.2352786809206009, 0.23481307923793793, 0.24968449771404266];[-2.5981719493865967, -2.5100016593933105, -2.5074760913848877, -2.4825801849365234, -2.4922242164611816, -2.53961181640625];[];322.6216230392456
950;[4.594725608825684, 4.410464286804199, 4.195720672607422, 4.498836994171143, 4.398568630218506, 4.244484901428223];[0.20112431049346924, 0.18656763434410095, 0.1815527081489563, 0.1425868719816208, 0.15555863082408905, 0.1758962720632553];[-3.283466339111328, -3.127901554107666, -2.995861768722534, -3.1488075256347656, -3.163038969039917, -3.0976204872131348];[];322.27766942977905
1000;[3.622077465057373, 3.8699793815612793, 3.9447810649871826, 4.209920883178711, 4.112984657287598, 4.069724082946777];[0.2682129442691803, 0.32170262932777405, 0.3350259065628052, 0.39436715841293335, 0.3874416947364807, 0.39525437355041504];[-2.6014387607574463, -2.8565542697906494, -2.8911359310150146, -3.116659164428711, -3.084135055541992, -3.1786978244781494];[];323.35437989234924
1000;[4.494184494018555, 4.818171977996826, 4.871757984161377, 5.142948150634766, 5.0685505867004395, 5.056491851806641];[0.2082267701625824, 0.26728200912475586, 0.2751955986022949, 0.34013617038726807, 0.34640607237815857, 0.38280171155929565];[-3.245577573776245, -3.5032079219818115, -3.6286425590515137, -3.9201042652130127, -3.95396089553833, -4.140560626983643];[];319.8505005836487
1050;[3.576441764831543, 3.7139158248901367, 3.8438122272491455, 3.7000718116760254, 3.670847177505493, 4.067971706390381];[0.25606638193130493, 0.29459044337272644, 0.32033056020736694, 0.2933693528175354, 0.2941153645515442, 0.3740605413913727];[-2.5687875747680664, -2.7422609329223633, -2.8195459842681885, -2.7423512935638428, -2.7462944984436035, -3.124209403991699];[];329.8069806098938
1050;[4.451945781707764, 4.574380874633789, 4.762725353240967, 4.534556865692139, 4.550299167633057, 4.961010456085205];[0.2002708464860916, 0.2534029185771942, 0.25819024443626404, 0.23988686501979828, 0.2431601583957672, 0.31779518723487854];[-3.2074716091156006, -3.3164048194885254, -3.451608657836914, -3.35465669631958, -3.426983594894409, -3.870232105255127];[];326.91693782806396
1100;[3.7101995944976807, 3.83766508102417, 3.8978826999664307, 3.9633281230926514, 4.189179420471191, 4.178277969360352];[0.26536527276039124, 0.3217003047466278, 0.31109318137168884, 0.3476133644580841, 0.3866746127605438, 0.3883261978626251];[-2.661566972732544, -2.7913362979888916, -2.798795461654663, -2.9228389263153076, -3.157500982284546, -3.2027127742767334];[];320.09791827201843
1100;[4.738216400146484, 4.66170597076416, 4.851912975311279, 4.830967903137207, 5.002941608428955, 5.066188812255859];[0.20669153332710266, 0.26479464769363403, 0.24537719786167145, 0.2841136157512665, 0.3184380531311035, 0.31955987215042114];[-3.3664164543151855, -3.382540225982666, -3.47979736328125, -3.4776182174682617, -3.6047792434692383, -3.695572853088379];[];325.64073729515076
1150;[3.6267149448394775, 3.6629652976989746, 3.4982364177703857, 3.4195876121520996, 3.5256941318511963, 3.4580276012420654];[0.2643422782421112, 0.2564988136291504, 0.23718979954719543, 0.2190033197402954, 0.23694060742855072, 0.22016222774982452];[-2.577927827835083, -2.5991382598876953, -2.468801259994507, -2.4290270805358887, -2.502828598022461, -2.447495222091675];[];329.07448625564575
1150;[4.508154392242432, 4.652801990509033, 4.354275226593018, 4.388729572296143, 4.562296390533447, 4.39087438583374];[0.2066076397895813, 0.20398375391960144, 0.18521609902381897, 0.16617923974990845, 0.17189738154411316, 0.16798873245716095];[-3.20666766166687, -3.28055477142334, -3.1164441108703613, -3.08864164352417, -3.272768497467041, -3.0441839694976807];[];337.66961336135864
1200;[3.5793163776397705, 3.8103487491607666, 3.887232780456543, 3.822263479232788, 4.13975715637207, 4.023317337036133];[0.25035664439201355, 0.28915587067604065, 0.31469401717185974, 0.3266774117946625, 0.38351279497146606, 0.3950378894805908];[-2.554374933242798, -2.71928071975708, -2.785550117492676, -2.844693660736084, -3.1304774284362793, -3.100341796875];[];324.4818892478943
1200;[4.489647388458252, 4.772770881652832, 4.832548141479492, 4.727767467498779, 5.154934883117676, 4.865633487701416];[0.1981641948223114, 0.23952318727970123, 0.2618987560272217, 0.27631881833076477, 0.32077568769454956, 0.34130099415779114];[-3.213181257247925, -3.382906198501587, -3.5113697052001953, -3.5281078815460205, -3.9231629371643066, -3.816810131072998];[];330.37838435173035
1250;[3.566922903060913, 3.761030673980713, 3.661911725997925, 3.8485665321350098, 3.6866655349731445, 4.095698833465576];[0.2553302049636841, 0.2745771110057831, 0.2733299434185028, 0.2936427891254425, 0.2740234434604645, 0.3441161513328552];[-2.591588020324707, -2.6293962001800537, -2.651186227798462, -2.7658305168151855, -2.636671543121338, -2.943948268890381];[];331.87927055358887
1250;[4.458588600158691, 4.7908244132995605, 4.560724258422852, 4.861817836761475, 4.589232921600342, 4.977858543395996];[0.2068166434764862, 0.21763333678245544, 0.22775688767433167, 0.23919843137264252, 0.2195645123720169, 0.25780272483825684];[-3.1899917125701904, -3.34085750579834, -3.3284125328063965, -3.4898581504821777, -3.3033347129821777, -3.5342094898223877];[];324.5758023262024
1300;[3.6118323802948, 3.6648926734924316, 3.742502450942993, 3.589754104614258, 3.7733583450317383, 3.8111491203308105];[0.24983172118663788, 0.2754316031932831, 0.31465864181518555, 0.2863328158855438, 0.3535599708557129, 0.3589843809604645];[-2.5422728061676025, -2.6831514835357666, -2.8441004753112793, -2.711890697479248, -3.067321300506592, -3.118619918823242];[];334.0521664619446
1300;[4.544381618499756, 4.621635437011719, 4.692614555358887, 4.568171977996826, 4.681674480438232, 4.839607238769531];[0.1943472921848297, 0.22237034142017365, 0.2697955071926117, 0.23943699896335602, 0.30501046776771545, 0.3051525950431824];[-3.2010395526885986, -3.389486074447632, -3.561359405517578, -3.443392276763916, -3.6575353145599365, -3.880361557006836];[];330.4926083087921
1350;[3.6039624214172363, 3.686405658721924, 3.619295597076416, 3.739758253097534, 3.5024075508117676, 3.5147345066070557];[0.26403504610061646, 0.25857847929000854, 0.24624894559383392, 0.2571859359741211, 0.23687255382537842, 0.25668567419052124];[-2.616603374481201, -2.5771756172180176, -2.5428707599639893, -2.5931873321533203, -2.5017504692077637, -2.5897889137268066];[];324.8813478946686
1350;[4.511346340179443, 4.658318519592285, 4.572065353393555, 4.848211765289307, 4.462355136871338, 4.470383167266846];[0.2119612991809845, 0.19369082152843475, 0.18822887539863586, 0.18641068041324615, 0.1638341248035431, 0.19342343509197235];[-3.2257184982299805, -3.2626583576202393, -3.1552929878234863, -3.2415130138397217, -3.1390578746795654, -3.181917428970337];[];331.38787508010864
1400;[3.650102138519287, 3.814517021179199, 3.6861469745635986, 3.921938180923462, 4.01687479019165, 4.287172794342041];[0.27073660492897034, 0.2984820604324341, 0.2645947337150574, 0.3251853883266449, 0.3640630543231964, 0.43656980991363525];[-2.6019928455352783, -2.732391595840454, -2.6147429943084717, -2.919908046722412, -3.0775725841522217, -3.4731831550598145];[];329.55527663230896
1400;[4.560184955596924, 4.681585311889648, 4.5913920402526855, 4.880727767944336, 4.839656829833984, 5.211460590362549];[0.21379640698432922, 0.2469915747642517, 0.20643335580825806, 0.26980164647102356, 0.311238169670105, 0.37435126304626465];[-3.2434680461883545, -3.384509325027466, -3.2333996295928955, -3.6230428218841553, -3.6394903659820557, -4.160117149353027];[];352.8500838279724
1450;[3.5402982234954834, 3.816035270690918, 3.5432333946228027, 3.666356086730957, 3.4456074237823486, 3.4197475910186768];[0.25257691740989685, 0.27614691853523254, 0.24320130050182343, 0.2605440020561218, 0.23510195314884186, 0.22652915120124817];[-2.541140556335449, -2.654580593109131, -2.534882068634033, -2.6552820205688477, -2.5561141967773438, -2.540853261947632];[];319.02976393699646
1450;[4.4011030197143555, 4.81816291809082, 4.462187767028809, 4.577395439147949, 4.311745643615723, 4.304347515106201];[0.19939535856246948, 0.21180027723312378, 0.18541835248470306, 0.21293070912361145, 0.19118741154670715, 0.1818917691707611];[-3.1752822399139404, -3.3847572803497314, -3.134216070175171, -3.225998640060425, -3.0855071544647217, -3.0997602939605713];[];324.2267289161682
1500;[3.5438339710235596, 3.607550621032715, 3.5786197185516357, 3.5610363483428955, 3.4767489433288574, 3.309868097305298];[0.25220444798469543, 0.2615306079387665, 0.26493996381759644, 0.25514987111091614, 0.2218136042356491, 0.21546946465969086];[-2.569445848464966, -2.5968096256256104, -2.59399151802063, -2.5347652435302734, -2.4212558269500732, -2.4331018924713135];[];337.4293313026428
1500;[4.41405725479126, 4.581578254699707, 4.491202354431152, 4.414248943328857, 4.445450782775879, 4.138810157775879];[0.2037876546382904, 0.20241937041282654, 0.20954059064388275, 0.19875530898571014, 0.1560591459274292, 0.17187491059303284];[-3.1789028644561768, -3.276794672012329, -3.2502059936523438, -3.1465420722961426, -3.0959134101867676, -3.0097713470458984];[];321.6176161766052
1550;[3.578303575515747, 3.4547524452209473, 3.563380479812622, 3.5136895179748535, 3.6578540802001953, 3.624191999435425];[0.25237199664115906, 0.2235661894083023, 0.25483062863349915, 0.2568356692790985, 0.2697519361972809, 0.26546260714530945];[-2.563507318496704, -2.493109703063965, -2.593489646911621, -2.6298441886901855, -2.6541738510131836, -2.693932056427002];[];340.52714252471924
1550;[4.497660160064697, 4.489058494567871, 4.542452812194824, 4.461945533752441, 4.648979663848877, 4.61082649230957];[0.20278304815292358, 0.16783908009529114, 0.20519690215587616, 0.19866909086704254, 0.22177425026893616, 0.23083826899528503];[-3.2107324600219727, -3.1991710662841797, -3.3000237941741943, -3.3110413551330566, -3.317948818206787, -3.405738592147827];[];344.2635531425476
1600;[3.6749260425567627, 3.651284694671631, 3.444334030151367, 3.515580177307129, 3.5058019161224365, 3.2757534980773926];[0.2660389244556427, 0.26211491227149963, 0.23901857435703278, 0.2737935781478882, 0.25346142053604126, 0.2562215030193329];[-2.6191234588623047, -2.586522102355957, -2.5233230590820312, -2.687297821044922, -2.652740240097046, -2.669010639190674];[];324.4760510921478
1600;[4.629818916320801, 4.535882949829102, 4.3224053382873535, 4.4183478355407715, 4.526887893676758, 4.077478408813477];[0.209043487906456, 0.21442805230617523, 0.19435283541679382, 0.21016621589660645, 0.1933836042881012, 0.20286601781845093];[-3.254244089126587, -3.193613290786743, -3.100813150405884, -3.353865146636963, -3.3536105155944824, -3.173600435256958];[];337.20352053642273
1650;[3.514031171798706, 3.565859317779541, 3.3788089752197266, 3.3691670894622803, 3.3274424076080322, 3.388450860977173];[0.24914565682411194, 0.24945470690727234, 0.24392394721508026, 0.2269919514656067, 0.2295515239238739, 0.22880078852176666];[-2.547884702682495, -2.534975528717041, -2.525249719619751, -2.472210645675659, -2.5273475646972656, -2.5186948776245117];[];327.07193517684937
1650;[4.363096237182617, 4.515466213226318, 4.256895065307617, 4.2991509437561035, 4.311207294464111, 4.369132995605469];[0.2015141248703003, 0.2100600004196167, 0.218902587890625, 0.20684537291526794, 0.22378097474575043, 0.21612432599067688];[-3.160426139831543, -3.2315495014190674, -3.267350673675537, -3.180756092071533, -3.2978241443634033, -3.3297481536865234];[];338.83625173568726
1700;[3.5350751876831055, 3.5818917751312256, 3.5850422382354736, 3.6825034618377686, 3.539895534515381, 3.566311836242676];[0.24358528852462769, 0.2639802098274231, 0.26946645975112915, 0.2840175926685333, 0.2583453953266144, 0.2845222055912018];[-2.5522022247314453, -2.6219429969787598, -2.6501924991607666, -2.7051773071289062, -2.6096041202545166, -2.7532644271850586];[];337.95052886009216
1700;[4.444063663482666, 4.443727016448975, 4.4560651779174805, 4.576898097991943, 4.45384407043457, 4.359529972076416];[0.20169690251350403, 0.2136564403772354, 0.21402813494205475, 0.22664134204387665, 0.19939307868480682, 0.24412810802459717];[-3.136622428894043, -3.1648480892181396, -3.2230031490325928, -3.3356096744537354, -3.1992337703704834, -3.2645328044891357];[];320.8102195262909
1750;[3.6268913745880127, 3.7359418869018555, 3.803541898727417, 3.9509072303771973, 4.229623794555664, 4.233622074127197];[0.2613126337528229, 0.26943862438201904, 0.31176525354385376, 0.33538633584976196, 0.39897620677948, 0.3953951895236969];[-2.6004369258880615, -2.6108133792877197, -2.8104724884033203, -2.8761892318725586, -3.1036009788513184, -3.080373764038086];[];382.1860725879669
1750;[4.570635795593262, 4.6557297706604, 4.7242751121521, 4.807091236114502, 5.028276443481445, 5.0887346267700195];[0.2091721147298813, 0.21397145092487335, 0.25495877861976624, 0.27035316824913025, 0.32856878638267517, 0.32280465960502625];[-3.2433409690856934, -3.2762022018432617, -3.4551563262939453, -3.5343499183654785, -3.700943946838379, -3.794994592666626];[];322.7462508678436
1800;[3.681302070617676, 3.589796543121338, 3.7454581260681152, 3.7034802436828613, 3.7094078063964844, 3.6561532020568848];[0.2662461996078491, 0.2422766238451004, 0.30606314539909363, 0.28947997093200684, 0.30202022194862366, 0.27733784914016724];[-2.5967931747436523, -2.539822816848755, -2.8120176792144775, -2.7609968185424805, -2.755537986755371, -2.6636602878570557];[];321.9219365119934
1800;[4.664119720458984, 4.550638198852539, 4.7144775390625, 4.6463093757629395, 4.519635200500488, 4.599161148071289];[0.20342330634593964, 0.1835871785879135, 0.2580786645412445, 0.2412244826555252, 0.2517971992492676, 0.2197728008031845];[-3.3032634258270264, -3.218597888946533, -3.51969838142395, -3.401630401611328, -3.311842203140259, -3.3137080669403076];[];323.2913815975189
1850;[3.662456750869751, 3.442758321762085, 3.666762590408325, 3.77907133102417, 3.556077480316162, 3.5848264694213867];[0.2643778324127197, 0.22996588051319122, 0.2730509340763092, 0.2864726483821869, 0.24519813060760498, 0.2563014030456543];[-2.6045451164245605, -2.4802584648132324, -2.653667449951172, -2.6538755893707275, -2.5430893898010254, -2.563476800918579];[];320.0851094722748
1850;[4.6438703536987305, 4.286991119384766, 4.644312381744385, 4.734176158905029, 4.452853679656982, 4.476541042327881];[0.2037002295255661, 0.18707409501075745, 0.2234577089548111, 0.22305819392204285, 0.1964181363582611, 0.2105826735496521];[-3.3178138732910156, -3.0778815746307373, -3.3570661544799805, -3.377403736114502, -3.1726644039154053, -3.1226119995117188];[];323.3313057422638
1900;[3.6580874919891357, 3.5849359035491943, 3.42677640914917, 3.38632869720459, 3.4416990280151367, 3.178267240524292];[0.27029120922088623, 0.2308325618505478, 0.21787023544311523, 0.21042342483997345, 0.21607252955436707, 0.1827636957168579];[-2.6112778186798096, -2.473734140396118, -2.4548559188842773, -2.4174184799194336, -2.446613311767578, -2.3593499660491943];[];331.0368685722351
1900;[4.598054885864258, 4.6301469802856445, 4.369074821472168, 4.3130035400390625, 4.428480625152588, 4.083176136016846];[0.21076777577400208, 0.17138627171516418, 0.16553232073783875, 0.16626746952533722, 0.1688120812177658, 0.15298907458782196];[-3.281412363052368, -3.185293674468994, -3.010460376739502, -3.0513916015625, -3.1136474609375, -2.9649648666381836];[];322.3374853134155
1950;[3.5931787490844727, 3.6716206073760986, 3.64290452003479, 3.5661590099334717, 3.527024269104004, 3.463500499725342];[0.26527151465415955, 0.2887687683105469, 0.2625887989997864, 0.2561586797237396, 0.254464715719223, 0.2580236792564392];[-2.6334261894226074, -2.729781150817871, -2.597992181777954, -2.582474946975708, -2.5841965675354004, -2.6072089672088623];[];318.7246880531311
1950;[4.485859394073486, 4.520727157592773, 4.493872165679932, 4.463883876800537, 4.4176530838012695, 4.233550071716309];[0.21618449687957764, 0.23591600358486176, 0.2068803608417511, 0.19690363109111786, 0.18299448490142822, 0.19331960380077362];[-3.201754093170166, -3.2947564125061035, -3.1290910243988037, -3.118680238723755, -3.147542715072632, -3.073852777481079];[];342.50190114974976
2000;[3.6531195640563965, 3.521934986114502, 3.7653605937957764, 3.6387972831726074, 3.8420464992523193, 3.8926780223846436];[0.2606130540370941, 0.2711261808872223, 0.29267072677612305, 0.2923002243041992, 0.3038465678691864, 0.3254290819168091];[-2.5878100395202637, -2.6414997577667236, -2.7189114093780518, -2.712670087814331, -2.754899740219116, -2.872993230819702];[];331.9770290851593
2000;[4.6075921058654785, 4.420896530151367, 4.720554828643799, 4.4949564933776855, 4.843122959136963, 4.792484760284424];[0.20711781084537506, 0.22120541334152222, 0.2325334995985031, 0.2386825829744339, 0.24710281193256378, 0.2729443907737732];[-3.2195446491241455, -3.277153253555298, -3.3997812271118164, -3.3886053562164307, -3.4612224102020264, -3.4781126976013184];[];323.6869819164276
2050;[3.612387180328369, 3.7334816455841064, 3.827836513519287, 3.950167655944824, 4.17350959777832, 3.867993116378784];[0.26149284839630127, 0.2925712764263153, 0.3133978843688965, 0.3618725836277008, 0.36304914951324463, 0.33449655771255493];[-2.5646402835845947, -2.7468793392181396, -2.817716598510742, -3.0589423179626465, -3.024900197982788, -2.9506630897521973];[];320.47851371765137
2050;[4.5103302001953125, 4.682338714599609, 4.842736721038818, 4.857727527618408, 5.13902473449707, 4.762981414794922];[0.20371133089065552, 0.2465418428182602, 0.2635034918785095, 0.33852940797805786, 0.32674935460090637, 0.31829383969306946];[-3.2491159439086914, -3.4101526737213135, -3.5571563243865967, -3.7348806858062744, -3.8704183101654053, -3.743135452270508];[];229751.37547397614
2100;[3.599548101425171, 3.3294472694396973, 3.404505729675293, 3.632115364074707, 3.3177833557128906, 3.3434383869171143];[0.25677576661109924, 0.2364271879196167, 0.2300611287355423, 0.270321786403656, 0.23403005301952362, 0.2668856382369995];[-2.5908877849578857, -2.5302493572235107, -2.491523027420044, -2.6401448249816895, -2.5166420936584473, -2.6668453216552734];[];320.67190957069397
2100;[4.491759777069092, 4.210141658782959, 4.3657636642456055, 4.7167649269104, 4.239830017089844, 4.296595573425293];[0.20470908284187317, 0.20411993563175201, 0.1869787871837616, 0.2152111977338791, 0.19143015146255493, 0.23972256481647491];[-3.2196011543273926, -3.1651206016540527, -3.234518527984619, -3.4865689277648926, -3.2968454360961914, -3.4580180644989014];[];322.5974426269531
2150;[3.6637442111968994, 3.8038339614868164, 4.040275573730469, 4.036491394042969, 4.095290184020996, 3.833113193511963];[0.26037028431892395, 0.28952932357788086, 0.3223702609539032, 0.32364651560783386, 0.3231421411037445, 0.314111590385437];[-2.593810558319092, -2.6950745582580566, -2.825019598007202, -2.835484266281128, -2.8116304874420166, -2.7761001586914062];[];318.7343957424164
2150;[4.654428482055664, 4.693061351776123, 4.912656307220459, 4.957114219665527, 5.098903179168701, 4.656955718994141];[0.2018919289112091, 0.23979297280311584, 0.2825371325016022, 0.2862357199192047, 0.27855852246284485, 0.30317267775535583];[-3.294337511062622, -3.344636917114258, -3.3588500022888184, -3.4453628063201904, -3.5850107669830322, -3.487215280532837];[];324.0965790748596
2200;[3.6172220706939697, 3.85429048538208, 3.9895496368408203, 3.999444007873535, 3.886880874633789, 3.9255709648132324];[0.25883081555366516, 0.3097616136074066, 0.3220123052597046, 0.3266808092594147, 0.32601040601730347, 0.3200695812702179];[-2.5696094036102295, -2.7451939582824707, -2.8366074562072754, -2.8623266220092773, -2.8686745166778564, -2.8119609355926514];[];321.61351251602173
2200;[4.5291242599487305, 4.707895278930664, 4.93644380569458, 4.910825252532959, 4.7872467041015625, 4.83994722366333];[0.20606039464473724, 0.248590350151062, 0.26312974095344543, 0.27957916259765625, 0.28070610761642456, 0.26065734028816223];[-3.183070659637451, -3.4089179039001465, -3.5428545475006104, -3.486070394515991, -3.518435478210449, -3.4881656169891357];[];323.9170160293579
2250;[3.588677167892456, 3.815800666809082, 3.7566959857940674, 3.860867738723755, 3.7695422172546387, 3.7716124057769775];[0.25480684638023376, 0.3018728494644165, 0.29161807894706726, 0.309940904378891, 0.2984156012535095, 0.2984771430492401];[-2.562932014465332, -2.7338950634002686, -2.712580680847168, -2.7917847633361816, -2.7416319847106934, -2.7593328952789307];[];316.3347828388214
2250;[4.480414867401123, 4.749624252319336, 4.762233257293701, 4.806585788726807, 4.694215774536133, 4.783926010131836];[0.2013235241174698, 0.2618034780025482, 0.24139806628227234, 0.26147449016571045, 0.25078004598617554, 0.24702802300453186];[-3.2379093170166016, -3.3970532417297363, -3.5337705612182617, -3.5399105548858643, -3.4910099506378174, -3.5760583877563477];[];324.03831028938293
2300;[3.5687663555145264, 3.8537046909332275, 3.884991407394409, 3.911109685897827, 3.936906576156616, 3.7976527214050293];[0.2603127062320709, 0.28541654348373413, 0.2966262400150299, 0.2820882499217987, 0.30052974820137024, 0.30057764053344727];[-2.585052251815796, -2.690971612930298, -2.7092397212982178, -2.650780200958252, -2.700284957885742, -2.7467262744903564];[];320.76076459884644
2300;[4.4274187088012695, 4.849832057952881, 4.798288345336914, 4.8392205238342285, 4.814224720001221, 4.600608825683594];[0.21348518133163452, 0.22592325508594513, 0.2346053123474121, 0.2181675136089325, 0.230452761054039, 0.23840858042240143];[-3.163858652114868, -3.395319938659668, -3.3201487064361572, -3.238285779953003, -3.258047580718994, -3.214092969894409];[];322.1527624130249
2350;[3.6215760707855225, 3.6329891681671143, 3.6470868587493896, 3.7002298831939697, 3.5517945289611816, 3.656043767929077];[0.2589963376522064, 0.26758649945259094, 0.29911643266677856, 0.311775803565979, 0.27181464433670044, 0.3295757472515106];[-2.5926408767700195, -2.635094165802002, -2.747938394546509, -2.817094326019287, -2.6863505840301514, -2.9480860233306885];[];319.5822672843933
2350;[4.5949883460998535, 4.5507988929748535, 4.534240245819092, 4.584568977355957, 4.51944637298584, 4.5269365310668945];[0.20288735628128052, 0.2158360481262207, 0.25291287899017334, 0.2631514370441437, 0.23027603328227997, 0.27871304750442505];[-3.253073215484619, -3.280355453491211, -3.3963356018066406, -3.480084180831909, -3.4422152042388916, -3.5879387855529785];[];322.3859748840332
2400;[3.5978002548217773, 3.791220188140869, 4.110945701599121, 4.341201305389404, 4.288473606109619, 4.408615589141846];[0.25451192259788513, 0.28313538432121277, 0.2964169681072235, 0.34151217341423035, 0.37093406915664673, 0.3839053511619568];[-2.579883337020874, -2.644742250442505, -2.7043957710266113, -2.8470299243927, -2.990828275680542, -3.073922872543335];[];319.7889347076416
2400;[4.541221618652344, 4.700874328613281, 5.060972213745117, 5.2077226638793945, 5.133531093597412, 5.238351821899414];[0.20090338587760925, 0.22402694821357727, 0.24098211526870728, 0.27433231472969055, 0.30387747287750244, 0.3119707405567169];[-3.220750570297241, -3.242569923400879, -3.333266496658325, -3.4574780464172363, -3.599414110183716, -3.6082944869995117];[];319.6848511695862
2450;[3.5860595703125, 3.660531997680664, 3.5567688941955566, 3.6656484603881836, 3.477135181427002, 3.5165457725524902];[0.2523287236690521, 0.2605069577693939, 0.24519269168376923, 0.2690271735191345, 0.2607142925262451, 0.2614852786064148];[-2.588787078857422, -2.5729286670684814, -2.54034423828125, -2.593456506729126, -2.5886518955230713, -2.6250193119049072];[];322.4236104488373
2450;[4.512325286865234, 4.652027130126953, 4.506015300750732, 4.603391647338867, 4.409910678863525, 4.415914535522461];[0.2040064036846161, 0.1998526155948639, 0.18974100053310394, 0.21045397222042084, 0.20075154304504395, 0.1952134370803833];[-3.2193567752838135, -3.2533199787139893, -3.1903021335601807, -3.2264320850372314, -3.282289743423462, -3.205108880996704];[];321.61900639533997
2500;[3.6408989429473877, 3.6095917224884033, 3.549804210662842, 3.48262357711792, 3.4788198471069336, 3.3897500038146973];[0.2526012361049652, 0.2575509548187256, 0.26589229702949524, 0.25691932439804077, 0.2398083359003067, 0.23675471544265747];[-2.5476982593536377, -2.593888521194458, -2.6181209087371826, -2.541044235229492, -2.469970703125, -2.502955913543701];[];323.84509897232056
2500;[4.603919506072998, 4.608709335327148, 4.531283855438232, 4.414254188537598, 4.429114818572998, 4.273077964782715];[0.19755636155605316, 0.19796890020370483, 0.20546133816242218, 0.19306036829948425, 0.1660943180322647, 0.18852251768112183];[-3.1826441287994385, -3.270508050918579, -3.3320376873016357, -3.274538516998291, -3.2782466411590576, -3.221750259399414];[];320.2701358795166
