Seed;RMSE History;MMD History;Log-Likelihood History;Max EIG History;Deployment Time
50;[3.4535317420959473, 2.2370710372924805, 2.315359592437744, 2.2996139526367188, 2.279493808746338, 2.2007882595062256];[0.44550904631614685, 0.3048962950706482, 0.4121784567832947, 0.3922482430934906, 0.40847882628440857, 0.3972150683403015];[-2.1841557025909424, -2.0742099285125732, -3.6120245456695557, -3.7689054012298584, -4.024434566497803, -3.89298939704895];[];335.22159147262573
100;[3.597290515899658, 3.6785359382629395, 1.8927490711212158, 1.4122581481933594, 1.3584260940551758, 1.3375765085220337];[0.4178268313407898, 0.4617796242237091, 0.23642539978027344, 0.09892278909683228, 0.07903677225112915, 0.07750139385461807];[-2.225539207458496, -2.349234104156494, -1.6328870058059692, -1.3251638412475586, -1.2760224342346191, -1.2616215944290161];[];336.0640950202942
150;[3.4319088459014893, 3.0116147994995117, 3.060115098953247, 2.3814828395843506, 1.9088094234466553, 1.8188246488571167];[0.43440350890159607, 0.37357378005981445, 0.5816441774368286, 0.4076840579509735, 0.2538154423236847, 0.23873166739940643];[-2.1458182334899902, -2.0561728477478027, -2.6261801719665527, -2.1673977375030518, -1.8106542825698853, -1.9494324922561646];[];333.4330608844757
200;[3.4882147312164307, 2.0296804904937744, 2.03407621383667, 1.9636093378067017, 2.144059658050537, 2.0324487686157227];[0.43370386958122253, 0.30554312467575073, 0.35786929726600647, 0.3370451331138611, 0.3651043474674225, 0.35313618183135986];[-2.181112289428711, -2.095828056335449, -2.6129841804504395, -2.7635838985443115, -3.281552791595459, -3.0425944328308105];[];331.7681996822357
250;[3.4891486167907715, 2.336090087890625, 2.5228700637817383, 2.5826547145843506, 2.1776387691497803, 2.3963119983673096];[0.43905624747276306, 0.3230147361755371, 0.5459293127059937, 0.5550403594970703, 0.4312715232372284, 0.46930360794067383];[-2.1856272220611572, -2.03898549079895, -4.118847846984863, -4.697360515594482, -3.889279365539551, -4.45452880859375];[];332.9256122112274
300;[3.4684314727783203, 2.4666662216186523, 2.2999773025512695, 2.161149263381958, 2.249438762664795, 2.0895092487335205];[0.433230459690094, 0.47761601209640503, 0.4058372378349304, 0.38378357887268066, 0.3897855281829834, 0.3706260323524475];[-2.175381660461426, -2.55975604057312, -3.160196304321289, -3.337345600128174, -3.809713840484619, -3.6996469497680664];[];352.09643363952637
350;[3.426074743270874, 3.6051418781280518, 4.616918563842773, 1.5073680877685547, 1.244520664215088, 1.1870672702789307];[0.4136400818824768, 0.5182394981384277, 0.7201706171035767, 0.037368569523096085, 0.0189172625541687, 0.014082595705986023];[-2.1508469581604004, -2.3521475791931152, -3.0966572761535645, -1.2074414491653442, -1.0858296155929565, -1.03997802734375];[];335.86609721183777
400;[3.480447769165039, 4.097996234893799, 1.6648364067077637, 1.5660516023635864, 1.5763534307479858, 1.408260464668274];[0.4406643807888031, 0.5961877703666687, 0.08240368962287903, 0.37169650197029114, 0.3769156336784363, 0.1964743286371231];[-2.1900761127471924, -2.610938787460327, -1.2955456972122192, -2.2257637977600098, -2.4244368076324463, -1.702328085899353];[];333.22335863113403
450;[3.629896402359009, 2.5446414947509766, 2.728447198867798, 2.362743616104126, 2.4441518783569336, 2.4325432777404785];[0.42785149812698364, 0.3382755219936371, 0.6686068773269653, 0.5938225984573364, 0.5613698363304138, 0.529353678226471];[-2.2236576080322266, -2.028578758239746, -4.454705238342285, -4.264878749847412, -4.471991539001465, -4.550151824951172];[];332.1762535572052
500;[3.3648812770843506, 2.240039110183716, 2.267241954803467, 2.3621675968170166, 2.3495614528656006, 2.220111846923828];[0.44050097465515137, 0.4136754870414734, 0.42183130979537964, 0.46245941519737244, 0.4477371871471405, 0.42303377389907837];[-2.117938995361328, -2.2795495986938477, -3.2213022708892822, -3.812603235244751, -4.023310661315918, -3.9305708408355713];[];341.5755262374878
550;[3.362457513809204, 2.3135533332824707, 2.317129373550415, 2.540889024734497, 2.752627372741699, 2.78831148147583];[0.4273624122142792, 0.284310519695282, 0.43275779485702515, 0.544786810874939, 0.6315733790397644, 0.6232717633247375];[-2.1138741970062256, -1.920106291770935, -3.583845615386963, -5.19627046585083, -6.260505199432373, -6.7100830078125];[];334.2826910018921
600;[3.4779739379882812, 2.565868616104126, 2.525505781173706, 2.605703353881836, 2.241896390914917, 2.4882025718688965];[0.42433440685272217, 0.3646489977836609, 0.4139736294746399, 0.48171013593673706, 0.43857571482658386, 0.5008743405342102];[-2.1737163066864014, -2.0082058906555176, -3.0001091957092285, -4.357950210571289, -4.00047492980957, -4.591634750366211];[];331.5978002548218
650;[3.5407519340515137, 2.1980247497558594, 2.1192288398742676, 2.144336462020874, 2.042813301086426, 1.8965871334075928];[0.43656808137893677, 0.3200068771839142, 0.38123151659965515, 0.42046284675598145, 0.34325549006462097, 0.2987476885318756];[-2.2121787071228027, -2.109245538711548, -2.5346813201904297, -2.8024840354919434, -2.8060879707336426, -2.745087146759033];[];329.2369406223297
700;[3.4655158519744873, 2.298448085784912, 2.3126485347747803, 2.218212127685547, 2.048280954360962, 2.125549077987671];[0.4309043884277344, 0.5031112432479858, 0.5907372832298279, 0.6079685688018799, 0.6064900159835815, 0.603341817855835];[-2.1853156089782715, -2.7672839164733887, -3.3948659896850586, -3.596649169921875, -3.5124690532684326, -3.519810438156128];[];335.3346073627472
750;[3.474484443664551, 3.0536937713623047, 2.3199784755706787, 2.0909218788146973, 1.8718276023864746, 2.144258737564087];[0.4471079111099243, 0.655532717704773, 0.5427696704864502, 0.5351414084434509, 0.4436410069465637, 0.4545595645904541];[-2.1904795169830322, -2.8748090267181396, -3.21061110496521, -3.40755033493042, -3.0656042098999023, -3.5354504585266113];[];330.5289890766144
800;[3.5488901138305664, 3.0666606426239014, 2.8242015838623047, 2.760511875152588, 2.2768280506134033, 2.048204183578491];[0.4226207137107849, 0.593111515045166, 0.809443473815918, 0.8381686806678772, 0.5672858953475952, 0.4296998083591461];[-2.211388349533081, -2.7472331523895264, -4.624472618103027, -5.4176483154296875, -3.509694814682007, -2.9978981018066406];[];336.15438628196716
850;[3.3409130573272705, 2.684919595718384, 2.6752655506134033, 2.7516913414001465, 2.4312169551849365, 2.1906161308288574];[0.43717724084854126, 0.41629040241241455, 0.5967183113098145, 0.6405079364776611, 0.459788054227829, 0.37403202056884766];[-2.1206741333007812, -2.447387933731079, -4.608148097991943, -5.360808849334717, -4.419917583465576, -4.0986857414245605];[];332.7805688381195
900;[3.5120975971221924, 3.663153886795044, 1.89467191696167, 2.0144314765930176, 1.796347737312317, 1.6912086009979248];[0.43827444314956665, 0.46244433522224426, 0.18225885927677155, 0.2709842026233673, 0.2515311539173126, 0.2513260245323181];[-2.1942410469055176, -2.2358672618865967, -1.5148483514785767, -2.111574411392212, -2.056993007659912, -2.1231093406677246];[];332.4462468624115
950;[3.4888288974761963, 2.537144660949707, 2.7742714881896973, 3.1243672370910645, 2.7633163928985596, 2.5197525024414062];[0.4305139482021332, 0.339012086391449, 0.6646888852119446, 0.7234660387039185, 0.5662307739257812, 0.5016186237335205];[-2.1909918785095215, -1.9865837097167969, -6.352850437164307, -8.048418045043945, -6.7581939697265625, -6.853720188140869];[];333.1455502510071
1000;[3.4790709018707275, 2.608219623565674, 2.135549306869507, 1.963582158088684, 2.07746958732605, 1.9402984380722046];[0.4421994388103485, 0.5933015942573547, 0.43591076135635376, 0.2824571132659912, 0.36391958594322205, 0.3262978196144104];[-2.195986032485962, -3.02983021736145, -2.7605533599853516, -2.503552198410034, -3.1692495346069336, -2.922611713409424];[];333.48989605903625
1050;[3.4341771602630615, 2.3937859535217285, 1.9745609760284424, 1.7184914350509644, 1.6758356094360352, 1.638916015625];[0.4304201006889343, 0.34585389494895935, 0.2921065092086792, 0.2155095934867859, 0.19288229942321777, 0.15961818397045135];[-2.155642032623291, -1.8971773386001587, -2.132122755050659, -1.9347518682479858, -2.0191798210144043, -2.081988573074341];[];335.2937114238739
1100;[3.5694146156311035, 2.1780316829681396, 2.151214122772217, 2.0595502853393555, 1.987208366394043, 2.069924831390381];[0.4306790828704834, 0.3997775912284851, 0.38160428404808044, 0.40866416692733765, 0.4348721504211426, 0.44895800948143005];[-2.2354342937469482, -2.3905482292175293, -2.734050750732422, -2.9086875915527344, -2.9709911346435547, -3.1329784393310547];[];346.9814262390137
1150;[3.4858319759368896, 2.504281759262085, 2.3902060985565186, 2.6536409854888916, 2.7612578868865967, 2.5410754680633545];[0.43737438321113586, 0.33234310150146484, 0.4577481150627136, 0.54775071144104, 0.5811942219734192, 0.5430792570114136];[-2.1709494590759277, -2.10941481590271, -4.079441070556641, -5.6022748947143555, -6.4071044921875, -6.161594390869141];[];335.12479400634766
1200;[3.437978982925415, 2.541576623916626, 2.2274961471557617, 2.1817688941955566, 2.3530213832855225, 2.0397257804870605];[0.4222293496131897, 0.34505364298820496, 0.35193634033203125, 0.38199448585510254, 0.4164622724056244, 0.36860549449920654];[-2.1453921794891357, -2.0628390312194824, -2.7401931285858154, -3.358201742172241, -3.885030508041382, -3.5131802558898926];[];323.92999792099
1250;[3.4220948219299316, 3.649322271347046, 3.2465600967407227, 2.3135931491851807, 1.6583019495010376, 1.7023183107376099];[0.4305312931537628, 0.4797184467315674, 0.5852815508842468, 0.3422629237174988, 0.14540597796440125, 0.21926282346248627];[-2.1536736488342285, -2.3267993927001953, -2.6249661445617676, -2.0108895301818848, -1.504380226135254, -1.784271001815796];[];341.9165029525757
1300;[3.4729998111724854, 2.3323450088500977, 1.912291169166565, 1.8144099712371826, 1.7689579725265503, 1.8196965456008911];[0.4191039800643921, 0.2892846465110779, 0.25523751974105835, 0.24331526458263397, 0.24927224218845367, 0.2510611414909363];[-2.148639678955078, -2.0294811725616455, -2.014543056488037, -2.0289340019226074, -2.18179988861084, -2.330049991607666];[];332.358202457428
1350;[3.4616544246673584, 3.6819417476654053, 3.1491713523864746, 2.2234017848968506, 1.6974796056747437, 1.5708837509155273];[0.43835362792015076, 0.5776898860931396, 0.47108978033065796, 0.2582457363605499, 0.20446795225143433, 0.1600489318370819];[-2.1895406246185303, -2.6369540691375732, -2.2697315216064453, -1.9204626083374023, -1.7592068910598755, -1.60404372215271];[];330.4277648925781
1400;[3.5098540782928467, 2.3866090774536133, 1.597685694694519, 1.5920169353485107, 1.4915696382522583, 1.5269571542739868];[0.44667667150497437, 0.3445647358894348, 0.12567327916622162, 0.14190158247947693, 0.15167762339115143, 0.1385868340730667];[-2.196889638900757, -1.9598149061203003, -1.4601706266403198, -1.5700329542160034, -1.6042853593826294, -1.6009620428085327];[];342.7361698150635
1450;[3.398092031478882, 2.5678627490997314, 2.273602247238159, 2.1782381534576416, 1.7550150156021118, 1.6602842807769775];[0.4274410307407379, 0.3869260251522064, 0.38192883133888245, 0.38309118151664734, 0.3147457540035248, 0.2787063419818878];[-2.136824607849121, -2.3644611835479736, -3.3066396713256836, -3.2890515327453613, -2.2660746574401855, -2.0846481323242188];[];359.20456862449646
1500;[3.3999791145324707, 2.6632635593414307, 2.4135043621063232, 2.276975631713867, 2.4873111248016357, 2.1440274715423584];[0.42848700284957886, 0.3774479329586029, 0.4921131730079651, 0.474513977766037, 0.5287857055664062, 0.4450066387653351];[-2.1453912258148193, -2.3559322357177734, -3.789278030395508, -3.8968489170074463, -4.619777679443359, -4.205589294433594];[];395.32794404029846
1550;[3.435685157775879, 2.9320900440216064, 3.021170139312744, 3.205876350402832, 2.987337827682495, 2.6877992153167725];[0.42411941289901733, 0.5002021193504333, 0.6909993886947632, 0.8473378419876099, 0.8042629957199097, 0.742771327495575];[-2.1512887477874756, -2.41805100440979, -3.2747092247009277, -4.4154510498046875, -4.076284885406494, -3.81815242767334];[];365.27440190315247
1600;[3.5344862937927246, 3.6350326538085938, 1.699834942817688, 1.603421688079834, 1.6308774948120117, 1.4364838600158691];[0.437140554189682, 0.49682867527008057, 0.17146684229373932, 0.21770182251930237, 0.18890875577926636, 0.19250616431236267];[-2.198368787765503, -2.315415859222412, -1.449729084968567, -1.6602592468261719, -1.6638555526733398, -1.5669128894805908];[];335.9690763950348
1650;[3.3729896545410156, 2.3274118900299072, 2.0051779747009277, 2.0707168579101562, 2.000032424926758, 1.9933041334152222];[0.4261898100376129, 0.40917453169822693, 0.38845258951187134, 0.40158307552337646, 0.38550853729248047, 0.41874536871910095];[-2.128889560699463, -2.3431503772735596, -2.636244058609009, -2.9438228607177734, -2.885193347930908, -2.9513986110687256];[];361.25178050994873
1700;[3.3907694816589355, 2.4727859497070312, 2.5268094539642334, 2.4939630031585693, 2.4332988262176514, 2.2439565658569336];[0.41682669520378113, 0.36445939540863037, 0.5859929919242859, 0.5817025899887085, 0.552360475063324, 0.5539125800132751];[-2.115798234939575, -2.1322824954986572, -4.653902530670166, -4.971696376800537, -4.828553199768066, -4.764247417449951];[];366.9561777114868
1750;[3.4865918159484863, 3.0100791454315186, 2.5133144855499268, 2.1527276039123535, 1.9521664381027222, 1.9657621383666992];[0.43417859077453613, 0.6139699816703796, 0.5418927073478699, 0.4214133322238922, 0.29244565963745117, 0.27644383907318115];[-2.1764469146728516, -2.7598464488983154, -3.585467576980591, -3.1820836067199707, -2.8906469345092773, -3.0325686931610107];[];375.3497350215912
1800;[3.542616844177246, 4.141442775726318, 3.87467098236084, 2.426755428314209, 1.4348055124282837, 1.5269463062286377];[0.43504461646080017, 0.83537358045578, 0.8430107831954956, 0.4730304479598999, 0.10835109651088715, 0.13112427294254303];[-2.2129921913146973, -4.437563896179199, -4.454937934875488, -2.3368186950683594, -1.3100563287734985, -1.5011426210403442];[];339.675710439682
1850;[3.523024320602417, 2.473393440246582, 1.9930130243301392, 1.875196933746338, 1.7744379043579102, 1.7450981140136719];[0.43340134620666504, 0.36252132058143616, 0.29683932662010193, 0.2643411457538605, 0.2862488031387329, 0.2646593749523163];[-2.2051966190338135, -1.9688929319381714, -1.9815422296524048, -2.033493995666504, -2.2211110591888428, -2.135265827178955];[];324.2303719520569
1900;[3.5153372287750244, 3.4370956420898438, 3.397411584854126, 2.340101480484009, 1.5354148149490356, 1.2234874963760376];[0.4438469111919403, 0.4122512936592102, 0.46853870153427124, 0.2771419584751129, 0.14757487177848816, 0.03280648961663246];[-2.202637195587158, -2.16007399559021, -2.249835968017578, -1.728210210800171, -1.418979525566101, -1.07966947555542];[];456.6547794342041
1950;[3.449302911758423, 2.1642794609069824, 2.302912950515747, 2.3979618549346924, 2.3995466232299805, 2.065095901489258];[0.4420658349990845, 0.28518128395080566, 0.42041096091270447, 0.4645873010158539, 0.50332111120224, 0.42113903164863586];[-2.188352108001709, -1.95858633518219, -3.1952013969421387, -3.723112106323242, -4.084346294403076, -3.4797520637512207];[];332.8494827747345
2000;[3.5128579139709473, 3.778062105178833, 1.957870602607727, 1.677117943763733, 1.94217050075531, 1.791574478149414];[0.43277543783187866, 0.6930862665176392, 0.19884034991264343, 0.22624251246452332, 0.33099862933158875, 0.3157806098461151];[-2.1851656436920166, -3.0414233207702637, -1.605711817741394, -1.7071559429168701, -2.1898813247680664, -2.134101629257202];[];331.8957860469818
2050;[3.4718825817108154, 2.5727620124816895, 2.437725782394409, 2.0206313133239746, 2.1245956420898438, 1.907177448272705];[0.435119092464447, 0.534652590751648, 0.5215804576873779, 0.3322460651397705, 0.34887760877609253, 0.3184494078159332];[-2.168713331222534, -2.710580348968506, -3.1461188793182373, -2.794255256652832, -3.21528959274292, -2.915146827697754];[];361.0800778865814
2100;[3.4577395915985107, 2.322357416152954, 1.825588583946228, 2.185403347015381, 1.894073247909546, 1.9190529584884644];[0.4313388168811798, 0.4332047700881958, 0.20910339057445526, 0.3331029415130615, 0.30098941922187805, 0.3400734066963196];[-2.1701595783233643, -2.315561294555664, -1.9129647016525269, -2.7840092182159424, -2.5979814529418945, -2.8170888423919678];[];329.20501017570496
2150;[3.5250561237335205, 2.8634371757507324, 2.6323578357696533, 2.1592905521392822, 2.1427078247070312, 1.8070733547210693];[0.42883846163749695, 0.43993252515792847, 0.477923184633255, 0.40614524483680725, 0.43089377880096436, 0.4074613153934479];[-2.201998710632324, -2.170366048812866, -2.286761999130249, -2.4211044311523438, -2.7168331146240234, -2.4719347953796387];[];319.5312542915344
2200;[3.4772369861602783, 3.133359670639038, 3.2681922912597656, 1.9820468425750732, 1.861636757850647, 1.8169705867767334];[0.43342170119285583, 0.41439008712768555, 0.5660367608070374, 0.19983066618442535, 0.27725860476493835, 0.24081337451934814];[-2.167332649230957, -2.1205708980560303, -2.5972900390625, -1.6388659477233887, -2.1631152629852295, -2.173384666442871];[];334.5868237018585
2250;[3.447732448577881, 2.801201820373535, 2.4067091941833496, 2.0668952465057373, 1.9485715627670288, 2.070685863494873];[0.42744630575180054, 0.5432905554771423, 0.46529605984687805, 0.3109038770198822, 0.27868324518203735, 0.30023321509361267];[-2.1626577377319336, -2.58066987991333, -2.8289549350738525, -2.7278597354888916, -2.7463436126708984, -3.1024255752563477];[];331.0358612537384
2300;[3.4258675575256348, 4.038228988647461, 3.3057260513305664, 1.8577327728271484, 1.7298469543457031, 1.5599045753479004];[0.43996262550354004, 0.7521937489509583, 0.6056285500526428, 0.20223325490951538, 0.21569183468818665, 0.16377410292625427];[-2.155377149581909, -3.6131680011749268, -2.7217509746551514, -1.660580039024353, -1.8682465553283691, -1.7188071012496948];[];326.0404944419861
2350;[3.479848861694336, 2.396063804626465, 2.0358457565307617, 2.045109510421753, 2.0117201805114746, 2.041999101638794];[0.4281454086303711, 0.3230780363082886, 0.32194072008132935, 0.34602078795433044, 0.3270200788974762, 0.35141000151634216];[-2.1800904273986816, -2.1507937908172607, -2.7258381843566895, -3.048264503479004, -3.0250463485717773, -3.3896355628967285];[];350.8087351322174
2400;[3.453928232192993, 2.8993163108825684, 2.5344250202178955, 2.2873828411102295, 2.046308755874634, 2.1268436908721924];[0.42348501086235046, 0.38993775844573975, 0.46003058552742004, 0.44105100631713867, 0.3185863792896271, 0.3376616835594177];[-2.1593546867370605, -2.050205707550049, -2.922726631164551, -3.344480514526367, -3.0149154663085938, -3.3978655338287354];[];340.60601019859314
2450;[3.443373441696167, 2.722134828567505, 2.5679736137390137, 2.595954418182373, 2.4849205017089844, 2.4582767486572266];[0.4253566563129425, 0.3684520125389099, 0.5413824915885925, 0.5540969371795654, 0.5373185276985168, 0.48619699478149414];[-2.157527446746826, -2.2401785850524902, -4.543213367462158, -5.265100955963135, -5.479269504547119, -5.549108028411865];[];338.4976463317871
2500;[3.500199317932129, 2.815345048904419, 2.755697250366211, 2.481621742248535, 2.4415998458862305, 2.1993696689605713];[0.4217135012149811, 0.49907153844833374, 0.6315064430236816, 0.5383582711219788, 0.49178346991539, 0.4171445369720459];[-2.151613235473633, -2.686258316040039, -4.9208221435546875, -4.742278575897217, -5.119126796722412, -4.6138997077941895];[];333.966317653656
2550;[3.422832489013672, 3.0847370624542236, 2.2249670028686523, 2.258929967880249, 1.7549426555633545, 1.3981356620788574];[0.439088374376297, 0.5096629858016968, 0.4955328404903412, 0.5944690108299255, 0.2868761718273163, 0.08743887394666672];[-2.157212495803833, -2.3827757835388184, -2.4981634616851807, -3.435009241104126, -2.187944173812866, -1.4203139543533325];[];327.044926404953
2600;[3.394423484802246, 2.807638645172119, 2.6717090606689453, 2.188819646835327, 1.9037359952926636, 1.844300627708435];[0.44063636660575867, 0.5097207427024841, 0.6310301423072815, 0.357260137796402, 0.26812705397605896, 0.27163127064704895];[-2.1647140979766846, -2.508909225463867, -3.101292371749878, -2.4374494552612305, -2.423072576522827, -2.4673452377319336];[];444.0311710834503
2650;[3.442821979522705, 2.415801525115967, 2.4143686294555664, 2.3716421127319336, 2.4089486598968506, 2.309748649597168];[0.4292795956134796, 0.34287554025650024, 0.4467490613460541, 0.43603479862213135, 0.4934358298778534, 0.4994966387748718];[-2.150250196456909, -2.123319149017334, -3.6510114669799805, -3.9682209491729736, -4.690572738647461, -4.720329284667969];[];328.0005352497101
2700;[3.5615553855895996, 3.103304147720337, 3.0561044216156006, 2.6956076622009277, 2.4380829334259033, 2.3089520931243896];[0.4321097135543823, 0.6443120241165161, 0.857455849647522, 0.7559956908226013, 0.7197174429893494, 0.6659266948699951];[-2.211458683013916, -2.850051164627075, -4.567187309265137, -4.568193435668945, -4.456301689147949, -4.149113178253174];[];344.4848976135254
2750;[3.5089309215545654, 2.3695855140686035, 2.1988770961761475, 2.0712504386901855, 2.079747200012207, 2.0033769607543945];[0.43499210476875305, 0.4487230181694031, 0.3793647885322571, 0.384310245513916, 0.36566242575645447, 0.33841508626937866];[-2.196744441986084, -2.760707378387451, -3.0374338626861572, -3.1855077743530273, -3.360629081726074, -3.2030203342437744];[];337.22254252433777
2800;[3.548353433609009, 2.459138870239258, 1.927605390548706, 2.159008502960205, 2.319354295730591, 2.030075788497925];[0.42625173926353455, 0.3346116840839386, 0.3145216703414917, 0.35740602016448975, 0.4186975061893463, 0.3851526379585266];[-2.2053003311157227, -2.2009387016296387, -2.4942409992218018, -2.9768118858337402, -3.68669056892395, -3.418124198913574];[];621.5947434902191
2850;[3.4069786071777344, 2.987888813018799, 1.9697116613388062, 1.9019228219985962, 2.0063536167144775, 1.7541968822479248];[0.42313840985298157, 0.6003454327583313, 0.2690318524837494, 0.3263256549835205, 0.29550865292549133, 0.19476152956485748];[-2.1496262550354004, -2.789283037185669, -1.9055794477462769, -2.226026773452759, -2.414735794067383, -2.20212459564209];[];334.40233397483826
2900;[3.4786903858184814, 2.3467040061950684, 2.2026426792144775, 1.9841305017471313, 2.0974321365356445, 1.944937825202942];[0.4198276996612549, 0.3267059624195099, 0.3524938225746155, 0.31416118144989014, 0.34244969487190247, 0.31280872225761414];[-2.169485092163086, -2.216756820678711, -2.598775625228882, -2.556974172592163, -2.8493525981903076, -2.696526527404785];[];338.7769317626953
2950;[3.457639694213867, 2.813861131668091, 2.1746973991394043, 1.9443938732147217, 2.0446465015411377, 1.9407559633255005];[0.41961294412612915, 0.3778836131095886, 0.2967497706413269, 0.3092558979988098, 0.3162398636341095, 0.31298312544822693];[-2.1645867824554443, -2.0677149295806885, -2.0186235904693604, -2.3857250213623047, -2.5346057415008545, -2.582895517349243];[];344.56857419013977
3000;[3.4256255626678467, 2.6141324043273926, 2.9162240028381348, 2.917571783065796, 2.9778833389282227, 2.670321226119995];[0.4304555654525757, 0.3871234655380249, 0.6970357894897461, 0.7352855801582336, 0.763767659664154, 0.7058757543563843];[-2.1510977745056152, -2.2501344680786133, -5.847082138061523, -7.319063663482666, -8.174417495727539, -7.306904315948486];[];328.9065537452698
3050;[3.5232760906219482, 2.3725006580352783, 2.3220415115356445, 2.215773105621338, 2.009150981903076, 2.1796441078186035];[0.4335034191608429, 0.3248812258243561, 0.4729962944984436, 0.39930182695388794, 0.3336644768714905, 0.3923497796058655];[-2.183851718902588, -2.106792688369751, -3.381082057952881, -3.2895572185516357, -2.8615801334381104, -3.363516092300415];[];376.7558960914612
3100;[3.5262510776519775, 3.006110429763794, 2.202833890914917, 1.8716187477111816, 1.914047122001648, 1.9207146167755127];[0.4273252487182617, 0.4254896342754364, 0.3802246153354645, 0.24601370096206665, 0.24839168787002563, 0.24890507757663727];[-2.1755728721618652, -2.088010311126709, -2.2826499938964844, -2.0707485675811768, -2.2783396244049072, -2.3854148387908936];[];342.4297208786011
3150;[3.481098175048828, 3.4472815990448, 1.8121495246887207, 1.6807780265808105, 1.613010048866272, 1.5169745683670044];[0.4412480592727661, 0.4044232666492462, 0.1829313039779663, 0.1685212403535843, 0.18520185351371765, 0.1680360734462738];[-2.1739420890808105, -2.172386646270752, -1.4947021007537842, -1.641798973083496, -1.6829115152359009, -1.6160485744476318];[];333.5117681026459
3200;[3.5564115047454834, 3.2888588905334473, 2.0694992542266846, 1.8055554628372192, 1.9881303310394287, 1.7657537460327148];[0.42679154872894287, 0.43331658840179443, 0.22202080488204956, 0.2247595638036728, 0.27322232723236084, 0.2256363034248352];[-2.2020366191864014, -2.152054786682129, -1.658532977104187, -1.8662198781967163, -2.2475428581237793, -2.0136499404907227];[];341.17740964889526
3250;[3.5460596084594727, 2.906938076019287, 2.992002010345459, 2.902273178100586, 2.198368549346924, 2.0163495540618896];[0.44870391488075256, 0.5643355846405029, 0.8482725620269775, 0.8618927597999573, 0.515363872051239, 0.35749590396881104];[-2.22725510597229, -2.64739727973938, -5.138638019561768, -5.824965000152588, -3.291938543319702, -2.7097997665405273];[];331.6201274394989
3300;[3.5628983974456787, 2.429413318634033, 2.033604621887207, 1.99593186378479, 1.837762713432312, 1.8391016721725464];[0.4286653399467468, 0.3464353680610657, 0.28388696908950806, 0.28611981868743896, 0.2547264099121094, 0.25849804282188416];[-2.204709529876709, -2.132249593734741, -2.3970234394073486, -2.596266984939575, -2.6084911823272705, -2.825221061706543];[];388.3776607513428
3350;[3.4647178649902344, 2.2369344234466553, 2.1061673164367676, 2.173063278198242, 2.1401312351226807, 2.33553409576416];[0.42730820178985596, 0.32833683490753174, 0.34022143483161926, 0.35275620222091675, 0.3734460175037384, 0.4014890789985657];[-2.1585211753845215, -2.183521032333374, -2.7916057109832764, -3.145045280456543, -3.280381917953491, -3.732856273651123];[];328.97895312309265
3400;[3.4300949573516846, 2.599276304244995, 2.024625539779663, 1.7658249139785767, 1.823294758796692, 1.8145328760147095];[0.4225103259086609, 0.5303309559822083, 0.3439740538597107, 0.1937045454978943, 0.30297258496284485, 0.30395421385765076];[-2.153245210647583, -2.486475944519043, -2.282398223876953, -1.943191647529602, -2.459298849105835, -2.520620346069336];[];361.1126708984375
3450;[3.4317879676818848, 3.4966413974761963, 2.468153476715088, 1.870021939277649, 2.0403122901916504, 1.9929585456848145];[0.42851898074150085, 0.5103893280029297, 0.2707383632659912, 0.24324502050876617, 0.3647007942199707, 0.3489627242088318];[-2.1599225997924805, -2.339543342590332, -1.798493504524231, -1.973602056503296, -2.7018802165985107, -2.7333545684814453];[];337.41641116142273
3500;[3.43996524810791, 2.770134210586548, 1.9117636680603027, 1.6272846460342407, 1.6943460702896118, 1.6682175397872925];[0.4161004424095154, 0.48566126823425293, 0.2745134234428406, 0.17363852262496948, 0.19583262503147125, 0.19162192940711975];[-2.1366357803344727, -2.4836981296539307, -1.915982723236084, -1.6170130968093872, -1.8272697925567627, -1.814807653427124];[];333.7943067550659
3550;[3.530898094177246, 2.351332902908325, 2.3122458457946777, 2.2226922512054443, 2.1195361614227295, 2.358792781829834];[0.4299246668815613, 0.3131563365459442, 0.44391199946403503, 0.4238007664680481, 0.4344038963317871, 0.5214152932167053];[-2.201012134552002, -2.0664868354797363, -3.5710294246673584, -3.4149303436279297, -3.5128791332244873, -4.20551061630249];[];329.7946515083313
3600;[3.4477524757385254, 2.470106601715088, 2.23897385597229, 2.216276168823242, 1.9760037660598755, 1.8613066673278809];[0.4325738847255707, 0.38562971353530884, 0.3670361042022705, 0.39469918608665466, 0.2949618101119995, 0.24561993777751923];[-2.174731731414795, -2.166590929031372, -2.8961665630340576, -3.2546510696411133, -2.910022020339966, -2.849931240081787];[];331.800724029541
3650;[3.540844678878784, 2.831906795501709, 2.8604493141174316, 2.848069429397583, 2.769719123840332, 2.6148829460144043];[0.4399881660938263, 0.4384900629520416, 0.637393057346344, 0.6822341084480286, 0.6984840035438538, 0.6897372603416443];[-2.20306396484375, -2.235445499420166, -3.0397567749023438, -3.4232101440429688, -3.5065524578094482, -3.4273035526275635];[];327.7744836807251
3700;[3.4027581214904785, 2.7326574325561523, 2.405867576599121, 2.3173866271972656, 2.1590700149536133, 2.011770248413086];[0.43114277720451355, 0.4065172076225281, 0.5094051957130432, 0.5775322914123535, 0.5686885714530945, 0.3928074836730957];[-2.1527085304260254, -2.2020163536071777, -2.9754326343536377, -3.299774646759033, -3.3014838695526123, -2.979924201965332];[];329.1004822254181
3750;[3.417722225189209, 3.0807557106018066, 2.5910542011260986, 2.4496850967407227, 2.2384870052337646, 2.173424005508423];[0.4201606214046478, 0.37556642293930054, 0.3414560556411743, 0.4822884500026703, 0.4426144063472748, 0.43804407119750977];[-2.120706558227539, -2.044586181640625, -2.059898853302002, -3.4233779907226562, -3.4751272201538086, -3.536731243133545];[];435.2798354625702
3800;[3.5380775928497314, 2.995734214782715, 2.420606851577759, 2.3228447437286377, 2.1201834678649902, 2.2303709983825684];[0.4449352025985718, 0.4086815118789673, 0.3547237515449524, 0.381670206785202, 0.3572543263435364, 0.4189748167991638];[-2.1953392028808594, -2.1416687965393066, -2.1126482486724854, -3.028348445892334, -3.181468963623047, -3.879974842071533];[];328.76697278022766
3850;[3.3782663345336914, 2.2165770530700684, 2.263012170791626, 2.134155750274658, 2.2737743854522705, 2.231846570968628];[0.43335577845573425, 0.32485345005989075, 0.3760577142238617, 0.3610641360282898, 0.3854973614215851, 0.39444366097450256];[-2.1257143020629883, -2.218426465988159, -2.8876426219940186, -3.100327491760254, -3.5499086380004883, -3.685537338256836];[];329.4134922027588
3900;[3.400075674057007, 2.5564069747924805, 1.8678826093673706, 1.9870491027832031, 1.9312728643417358, 1.9812428951263428];[0.42518237233161926, 0.3611021339893341, 0.2827369272708893, 0.2738240659236908, 0.24889880418777466, 0.25484389066696167];[-2.1462230682373047, -2.3436172008514404, -2.4029390811920166, -2.767507791519165, -3.1170859336853027, -3.1909358501434326];[];326.980295419693
3950;[3.5219907760620117, 3.586181879043579, 2.7658891677856445, 1.7153619527816772, 1.6180825233459473, 1.6471058130264282];[0.43788301944732666, 0.5216065049171448, 0.4901379644870758, 0.16792219877243042, 0.1611211597919464, 0.18354672193527222];[-2.1906542778015137, -2.432717800140381, -2.3084053993225098, -1.517899751663208, -1.563949704170227, -1.6845879554748535];[];326.1188998222351
4000;[3.4889564514160156, 2.4711203575134277, 1.7665377855300903, 1.6351866722106934, 1.6353230476379395, 1.8383468389511108];[0.419704794883728, 0.3692770302295685, 0.1849452555179596, 0.15927648544311523, 0.15114325284957886, 0.20264571905136108];[-2.1676790714263916, -2.0471651554107666, -1.6770424842834473, -1.6523536443710327, -1.7418729066848755, -2.1870315074920654];[];335.42212748527527
4050;[3.568859577178955, 2.548515558242798, 1.729444146156311, 1.8627156019210815, 1.7658313512802124, 1.476707100868225];[0.4272952973842621, 0.47892895340919495, 0.22711960971355438, 0.23388859629631042, 0.2289293110370636, 0.17005053162574768];[-2.2002525329589844, -2.5194449424743652, -1.795009732246399, -2.053434371948242, -2.0760321617126465, -1.7550567388534546];[];332.2048614025116
4100;[3.4559199810028076, 2.347951650619507, 1.9276156425476074, 2.2306952476501465, 2.0279629230499268, 2.0272843837738037];[0.43601733446121216, 0.31848862767219543, 0.2769947946071625, 0.36901670694351196, 0.3407741189002991, 0.32685649394989014];[-2.1943347454071045, -2.111708879470825, -2.1438510417938232, -3.0207226276397705, -2.857928991317749, -2.8202364444732666];[];332.7485806941986
4150;[3.433300495147705, 2.966118574142456, 2.669698476791382, 1.7648096084594727, 1.6945618391036987, 1.6908680200576782];[0.4243253767490387, 0.6157633662223816, 0.735792338848114, 0.23564119637012482, 0.20152989029884338, 0.1851549595594406];[-2.129598617553711, -2.670541286468506, -3.454987049102783, -1.7476028203964233, -1.7315177917480469, -1.7297228574752808];[];327.72549986839294
4200;[3.552973985671997, 2.487691879272461, 2.8267886638641357, 2.6109812259674072, 2.5225491523742676, 2.4880173206329346];[0.4355594515800476, 0.39717358350753784, 0.6526917815208435, 0.5471622347831726, 0.5191332101821899, 0.4638883173465729];[-2.2056286334991455, -2.2105836868286133, -5.036553859710693, -4.777980327606201, -5.001060485839844, -5.091978549957275];[];327.622353553772
4250;[3.439617872238159, 2.3744287490844727, 2.394123077392578, 1.960549235343933, 2.0780444145202637, 1.9378374814987183];[0.4486544132232666, 0.37382856011390686, 0.5114810466766357, 0.2727823853492737, 0.28100475668907166, 0.2679489254951477];[-2.158219337463379, -2.1858551502227783, -3.3910465240478516, -2.43802547454834, -2.966057538986206, -2.7692883014678955];[];333.36887764930725
4300;[3.4404165744781494, 3.7223734855651855, 4.288708686828613, 3.8339765071868896, 3.117053508758545, 1.5987658500671387];[0.4380873441696167, 0.5355812311172485, 0.7741655707359314, 0.6878261566162109, 0.4925048351287842, 0.11560902744531631];[-2.167135715484619, -2.4987621307373047, -3.4908554553985596, -2.9947855472564697, -2.2780978679656982, -1.332660436630249];[];333.0734689235687
4350;[3.5066659450531006, 2.5297060012817383, 2.1426901817321777, 1.839627742767334, 2.0043606758117676, 1.9697670936584473];[0.42971107363700867, 0.39600756764411926, 0.28091302514076233, 0.2732648551464081, 0.33355772495269775, 0.2932588756084442];[-2.201038360595703, -2.234349250793457, -2.377638578414917, -2.2626397609710693, -2.682830333709717, -2.694333791732788];[];332.98044085502625
4400;[3.388012409210205, 3.5544252395629883, 2.698709011077881, 1.4665147066116333, 1.4122700691223145, 1.3654401302337646];[0.43449947237968445, 0.5590252876281738, 0.4041890501976013, 0.05925145000219345, 0.07069490104913712, 0.08851730078458786];[-2.1369526386260986, -2.4929373264312744, -2.0297114849090576, -1.2139239311218262, -1.245888113975525, -1.286474585533142];[];322.8799216747284
4450;[3.46403431892395, 2.9244766235351562, 2.561523199081421, 1.8515009880065918, 2.0537588596343994, 1.9403154850006104];[0.4295528829097748, 0.4232984483242035, 0.4113543927669525, 0.20953020453453064, 0.3309689462184906, 0.3339537978172302];[-2.17692232131958, -2.1341440677642822, -2.115192413330078, -1.7244017124176025, -2.49710750579834, -2.5339324474334717];[];330.6609046459198
4500;[3.435029983520508, 3.394742250442505, 2.337401866912842, 2.0587639808654785, 1.8264657258987427, 1.9099211692810059];[0.4312841594219208, 0.49781352281570435, 0.38757988810539246, 0.29007336497306824, 0.23421920835971832, 0.2610494792461395];[-2.1519405841827393, -2.2565884590148926, -2.0127813816070557, -2.069122791290283, -2.074615478515625, -2.363938093185425];[];331.11096596717834
4550;[3.4912192821502686, 3.1421756744384766, 2.279531955718994, 2.4140779972076416, 2.308466911315918, 2.195756196975708];[0.41575321555137634, 0.6515756845474243, 0.5325508713722229, 0.5464970469474792, 0.49541211128234863, 0.4749615490436554];[-2.1820414066314697, -3.0445926189422607, -3.625776529312134, -4.272213935852051, -4.169898986816406, -4.0398945808410645];[];329.7075123786926
4600;[3.322650909423828, 3.9574315547943115, 2.7689764499664307, 1.6959972381591797, 1.5261578559875488, 1.4021985530853271];[0.43635958433151245, 0.6435195207595825, 0.36219507455825806, 0.16333746910095215, 0.11054482311010361, 0.09534171968698502];[-2.133258819580078, -2.914984941482544, -1.9235154390335083, -1.494946002960205, -1.3918694257736206, -1.3280671834945679];[];331.2018852233887
4650;[3.4254584312438965, 3.512356996536255, 1.6647238731384277, 1.5167968273162842, 1.5912363529205322, 1.6087840795516968];[0.4274805188179016, 0.4764696955680847, 0.14501413702964783, 0.11601008474826813, 0.13171488046646118, 0.15653644502162933];[-2.1472837924957275, -2.26888370513916, -1.3893330097198486, -1.3762824535369873, -1.5117051601409912, -1.5932743549346924];[];328.2963833808899
4700;[3.4441146850585938, 2.649564504623413, 2.5162644386291504, 2.5119338035583496, 2.2046282291412354, 2.100883722305298];[0.4355427324771881, 0.40941351652145386, 0.620830774307251, 0.592674195766449, 0.4205171465873718, 0.3651304841041565];[-2.167985439300537, -2.2838218212127686, -3.9216675758361816, -4.154596328735352, -3.234035015106201, -3.0490000247955322];[];324.5369987487793
4750;[3.427764654159546, 2.3812599182128906, 2.275020122528076, 2.322197675704956, 2.2325730323791504, 2.4685304164886475];[0.43967872858047485, 0.31358227133750916, 0.4509851634502411, 0.4047761857509613, 0.4161907434463501, 0.47367802262306213];[-2.1648216247558594, -2.006699800491333, -3.2947659492492676, -3.6126363277435303, -3.705103874206543, -4.441078186035156];[];331.9573380947113
4800;[3.6132876873016357, 2.2733778953552246, 2.1306488513946533, 1.9396545886993408, 2.1372666358947754, 1.918035864830017];[0.43190473318099976, 0.300686240196228, 0.33428874611854553, 0.3270267844200134, 0.3696487843990326, 0.3333117663860321];[-2.2278809547424316, -1.9914615154266357, -2.6287615299224854, -2.6760170459747314, -2.9435160160064697, -2.750988245010376];[];336.0597252845764
4850;[3.4939403533935547, 2.8675501346588135, 2.6159682273864746, 2.2472002506256104, 2.0333526134490967, 1.551870346069336];[0.42048031091690063, 0.5533591508865356, 0.5184728503227234, 0.46559736132621765, 0.38171178102493286, 0.12435030937194824];[-2.1906533241271973, -2.4897382259368896, -2.4078853130340576, -2.217288017272949, -2.0308871269226074, -1.4544320106506348];[];336.5677213668823
4900;[3.500035047531128, 2.326171398162842, 2.087815046310425, 2.1049106121063232, 2.242232084274292, 2.299424409866333];[0.43954998254776, 0.3317877948284149, 0.3515775203704834, 0.3600609004497528, 0.4564701020717621, 0.43137338757514954];[-2.187502145767212, -2.1462650299072266, -2.939192295074463, -3.362531900405884, -4.073285102844238, -4.0880351066589355];[];337.72433519363403
4950;[3.6074352264404297, 3.721212863922119, 1.758096694946289, 1.6616849899291992, 1.573226809501648, 1.4482367038726807];[0.4442906975746155, 0.5431325435638428, 0.10217581689357758, 0.3297363519668579, 0.3121371567249298, 0.16537247598171234];[-2.2326273918151855, -2.5024163722991943, -1.3571524620056152, -1.9650810956954956, -1.9822490215301514, -1.5569050312042236];[];342.9551661014557
5000;[3.4515857696533203, 2.8582985401153564, 1.9672904014587402, 1.9522746801376343, 1.775909185409546, 1.795188307762146];[0.4284898042678833, 0.5196402668952942, 0.2781371474266052, 0.26437094807624817, 0.21801812946796417, 0.21171653270721436];[-2.155395984649658, -2.5539746284484863, -2.1181797981262207, -2.200993061065674, -2.1711084842681885, -2.3282532691955566];[];331.4956488609314
