Seed;RMSE History;MMD History;Log-Likelihood History;Max EIG History;Deployment Time
50;[3.518050193786621, 2.7931323051452637, 2.4706172943115234, 2.323913812637329, 2.4169540405273438, 2.319135904312134];[0.3292688727378845, 0.2702561616897583, 0.24562163650989532, 0.23990276455879211, 0.28214526176452637, 0.262666255235672];[-2.347703695297241, -2.29652738571167, -2.3595025539398193, -2.395930767059326, -2.6617069244384766, -2.607511520385742];[];363.2226195335388
50;[3.7702865600585938, 3.0645322799682617, 2.734712839126587, 2.6229450702667236, 2.7226293087005615, 2.6313910484313965];[0.289466917514801, 0.21857774257659912, 0.18396742641925812, 0.18479490280151367, 0.22139418125152588, 0.20772916078567505];[-2.377535104751587, -2.2390570640563965, -2.4497358798980713, -2.5253870487213135, -2.865108013153076, -2.8257265090942383];[];289.0182454586029
100;[3.659580945968628, 3.737891674041748, 3.5797371864318848, 3.54085111618042, 3.618518114089966, 3.868187427520752];[0.31416648626327515, 0.3628145158290863, 0.3881199359893799, 0.4169054925441742, 0.42671650648117065, 0.48395976424217224];[-2.374498128890991, -2.5236728191375732, -2.5829055309295654, -2.6283931732177734, -2.718696117401123, -2.911492109298706];[];282.40925121307373
100;[4.006771564483643, 4.148853778839111, 3.95662784576416, 3.862126350402832, 3.9984564781188965, 4.214843273162842];[0.258314311504364, 0.3193680942058563, 0.35056474804878235, 0.3914646804332733, 0.39250463247299194, 0.44501644372940063];[-2.436501979827881, -2.622267961502075, -2.680692434310913, -2.688800096511841, -2.818193197250366, -2.997713565826416];[];256.3480792045593
150;[3.497097969055176, 3.20029616355896, 3.2027812004089355, 3.3101675510406494, 3.3260436058044434, 3.1504993438720703];[0.32012543082237244, 0.2673097550868988, 0.32855600118637085, 0.3878561854362488, 0.41510167717933655, 0.44865840673446655];[-2.320436954498291, -2.2261645793914795, -2.4207658767700195, -2.623278856277466, -2.7464985847473145, -2.8812577724456787];[];256.8350737094879
150;[3.7729921340942383, 3.588860273361206, 3.678499937057495, 3.872795820236206, 3.931363344192505, 3.7345504760742188];[0.28246140480041504, 0.211201474070549, 0.29865387082099915, 0.3793903589248657, 0.4185605049133301, 0.48182007670402527];[-2.3357129096984863, -2.2429707050323486, -2.492609977722168, -2.8007900714874268, -2.987738847732544, -3.153428077697754];[];325.6846354007721
200;[3.5523300170898438, 2.6549086570739746, 2.6938703060150146, 2.935065984725952, 2.898813009262085, 3.102034330368042];[0.32133498787879944, 0.3020532429218292, 0.3849581182003021, 0.42614978551864624, 0.4604737162590027, 0.5482776165008545];[-2.3463809490203857, -2.460526943206787, -2.899609327316284, -3.124094009399414, -3.2858145236968994, -3.899993658065796];[];287.621835231781
200;[3.841989278793335, 2.8923985958099365, 2.9119210243225098, 3.2368345260620117, 3.1590328216552734, 3.4389989376068115];[0.2777068316936493, 0.23561030626296997, 0.3268711566925049, 0.3489302396774292, 0.39504900574684143, 0.49329638481140137];[-2.3814196586608887, -2.381591796875, -2.7184784412384033, -3.062744617462158, -3.148176670074463, -3.870918035507202];[];263.0609276294708
250;[3.553293466567993, 2.879005193710327, 2.9504048824310303, 3.0772721767425537, 2.89302396774292, 2.940122365951538];[0.32453498244285583, 0.22273871302604675, 0.28457972407341003, 0.4715580344200134, 0.4744653105735779, 0.47056615352630615];[-2.351017951965332, -2.07427978515625, -2.2495734691619873, -3.042098045349121, -3.250450611114502, -3.3297994136810303];[];277.8958537578583
250;[3.8362362384796143, 3.135329246520996, 3.1901562213897705, 3.3113021850585938, 3.153857946395874, 3.2353906631469727];[0.2837018370628357, 0.16944420337677002, 0.18883922696113586, 0.3399987816810608, 0.3587990403175354, 0.3552105128765106];[-2.3730008602142334, -2.10360050201416, -2.2978675365448, -3.3746275901794434, -3.8005130290985107, -3.953734874725342];[];282.4586727619171
300;[3.531836748123169, 3.410968065261841, 3.279642343521118, 3.142174482345581, 3.3596479892730713, 3.347599744796753];[0.32167282700538635, 0.4660477936267853, 0.45310860872268677, 0.4191395938396454, 0.4866645336151123, 0.5554367899894714];[-2.3390114307403564, -3.0283377170562744, -2.943986654281616, -2.8081181049346924, -3.1499686241149902, -3.5308120250701904];[];278.1385610103607
300;[3.8254170417785645, 3.7746806144714355, 3.6479146480560303, 3.493264675140381, 3.7389581203460693, 3.684715509414673];[0.2792637348175049, 0.4731602668762207, 0.46649500727653503, 0.43772709369659424, 0.48557037115097046, 0.5607073903083801];[-2.3687820434570312, -3.2277143001556396, -3.1891257762908936, -3.0405783653259277, -3.4250102043151855, -3.7610576152801514];[];286.08287739753723
350;[3.4902820587158203, 3.686399459838867, 3.725205421447754, 3.694509744644165, 3.7926502227783203, 4.046910285949707];[0.3032425343990326, 0.41127118468284607, 0.4261438250541687, 0.4387953281402588, 0.46941083669662476, 0.505264163017273];[-2.3089499473571777, -2.590549945831299, -2.654238224029541, -2.708030939102173, -2.8115639686584473, -2.94917368888855];[];288.7097330093384
350;[3.7810158729553223, 3.9683279991149902, 4.0364298820495605, 3.9927144050598145, 4.078566074371338, 4.369632720947266];[0.2617441713809967, 0.384164959192276, 0.3916749954223633, 0.41021451354026794, 0.43453338742256165, 0.45999348163604736];[-2.341439723968506, -2.6143369674682617, -2.699880838394165, -2.7489960193634033, -2.8737523555755615, -3.0248987674713135];[];288.1311151981354
400;[3.5450050830841064, 3.8395302295684814, 4.249799728393555, 4.320397853851318, 4.392580986022949, 4.537112236022949];[0.3272956609725952, 0.41289088129997253, 0.46934258937835693, 0.48077401518821716, 0.5083308219909668, 0.5333436727523804];[-2.3653807640075684, -2.573500394821167, -2.809135913848877, -2.8198039531707764, -2.8878495693206787, -2.960522413253784];[];277.842481136322
400;[3.8365018367767334, 4.098752498626709, 4.555190086364746, 4.598371982574463, 4.641748905181885, 4.794589042663574];[0.28688350319862366, 0.3903937339782715, 0.44042712450027466, 0.43686941266059875, 0.46902570128440857, 0.4950624704360962];[-2.384373426437378, -2.636580467224121, -2.9286158084869385, -2.9733877182006836, -3.0426583290100098, -3.1244025230407715];[];276.88959670066833
450;[3.6915128231048584, 3.408843994140625, 4.720915794372559, 5.920015335083008, 6.811778545379639, 7.508869171142578];[0.32362547516822815, 0.26616907119750977, 0.5549526214599609, 0.8457192182540894, 0.9894197583198547, 1.1101607084274292];[-2.373487710952759, -2.1817402839660645, -3.2440755367279053, -5.91748046875, -8.853883743286133, -11.285508155822754];[];286.7682309150696
450;[4.029263496398926, 3.663210868835449, 4.935000419616699, 6.095726013183594, 7.023196697235107, 7.6563029289245605];[0.267217755317688, 0.21578478813171387, 0.49652186036109924, 0.7799413800239563, 0.913019597530365, 1.0345205068588257];[-2.4298970699310303, -2.1892828941345215, -3.220625162124634, -5.731400012969971, -8.76246452331543, -11.18195915222168];[];276.2199869155884
500;[3.429854393005371, 3.2832155227661133, 2.984260320663452, 2.918184518814087, 2.801799774169922, 2.759756565093994];[0.3201182782649994, 0.4395267069339752, 0.40235084295272827, 0.41122761368751526, 0.4115668833255768, 0.3847062587738037];[-2.289767026901245, -2.9176080226898193, -2.8540117740631104, -2.944472074508667, -2.9589688777923584, -2.9650373458862305];[];320.2079336643219
500;[3.66644024848938, 3.614675998687744, 3.311607837677002, 3.284381151199341, 3.147289276123047, 3.1496787071228027];[0.29034972190856934, 0.4397766888141632, 0.42053496837615967, 0.4151115417480469, 0.4109647572040558, 0.37978774309158325];[-2.2939422130584717, -3.0819520950317383, -2.9604079723358154, -3.1078133583068848, -3.127523183822632, -3.2102396488189697];[];282.6060309410095
550;[3.4279885292053223, 2.771883249282837, 2.429213762283325, 2.569995403289795, 2.4290430545806885, 2.421529531478882];[0.31024667620658875, 0.24211499094963074, 0.2415507435798645, 0.2700677514076233, 0.29081493616104126, 0.30597546696662903];[-2.2929978370666504, -2.228370189666748, -2.327472448348999, -2.478778600692749, -2.6157760620117188, -2.7177910804748535];[];277.24194717407227
550;[3.6865522861480713, 3.0495193004608154, 2.7377431392669678, 2.9541327953338623, 2.7556979656219482, 2.7837464809417725];[0.27847549319267273, 0.1526682823896408, 0.16058923304080963, 0.17768439650535583, 0.2032686471939087, 0.23297946155071259];[-2.3015549182891846, -2.1240804195404053, -2.1722967624664307, -2.3828208446502686, -2.42261004447937, -2.584038019180298];[];287.92303800582886
600;[3.540910005569458, 3.185065507888794, 3.5242855548858643, 3.5525295734405518, 3.716221332550049, 3.839778423309326];[0.31453534960746765, 0.3112563192844391, 0.49296656250953674, 0.5939781665802002, 0.634377658367157, 0.7513180375099182];[-2.319356679916382, -2.3350296020507812, -3.088886022567749, -3.8019962310791016, -4.123337745666504, -5.011850357055664];[];296.53586173057556
600;[3.8338539600372314, 3.4931371212005615, 3.354414463043213, 3.2719130516052246, 3.5198254585266113, 3.4636127948760986];[0.2677205502986908, 0.26970842480659485, 0.3227505385875702, 0.41908717155456543, 0.45513322949409485, 0.5532171130180359];[-2.3706183433532715, -2.373777151107788, -2.5064406394958496, -2.9662814140319824, -3.3739805221557617, -3.768143653869629];[];283.2378797531128
650;[3.604032278060913, 2.775893211364746, 2.8690884113311768, 2.8986783027648926, 2.804797410964966, 3.0745365619659424];[0.32569724321365356, 0.363440603017807, 0.4218006432056427, 0.5104966759681702, 0.524567723274231, 0.6134771704673767];[-2.375779390335083, -2.8327395915985107, -3.1417813301086426, -3.760434150695801, -3.9378695487976074, -4.461276531219482];[];291.04831314086914
650;[3.9040536880493164, 2.9486138820648193, 2.9736337661743164, 2.9908885955810547, 2.8437392711639404, 3.0375592708587646];[0.2791663408279419, 0.19844035804271698, 0.21632345020771027, 0.300273597240448, 0.3053955137729645, 0.3627806603908539];[-2.4164435863494873, -2.2557075023651123, -2.4317798614501953, -2.78116512298584, -2.807199239730835, -3.156221866607666];[];285.3274540901184
700;[3.5309722423553467, 3.619870662689209, 3.9569807052612305, 4.237203121185303, 4.646838665008545, 4.981982707977295];[0.3201204836368561, 0.5842303037643433, 0.7186844944953918, 0.7582345008850098, 0.8721755146980286, 0.9283173680305481];[-2.3599231243133545, -3.7506494522094727, -4.903253078460693, -5.381053924560547, -6.55072546005249, -7.439609050750732];[];313.1318197250366
700;[3.8213300704956055, 4.060853481292725, 4.486996173858643, 4.863220691680908, 5.268766403198242, 5.625946998596191];[0.2770443856716156, 0.5923475623130798, 0.7433426380157471, 0.7893301248550415, 0.8936535716056824, 0.9413604140281677];[-2.3834190368652344, -4.017549514770508, -5.535975933074951, -6.283361911773682, -7.818600177764893, -8.934603691101074];[];262.80990743637085
750;[3.5392649173736572, 2.98055362701416, 2.894444227218628, 2.836338758468628, 2.95021653175354, 3.652573347091675];[0.3328361511230469, 0.259731262922287, 0.24224789440631866, 0.21790741384029388, 0.2923179566860199, 0.5532412528991699];[-2.3656411170959473, -2.1530258655548096, -2.15663480758667, -2.119866132736206, -2.341137170791626, -3.5614781379699707];[];288.7051956653595
750;[3.797492265701294, 3.1772170066833496, 3.1071085929870605, 3.0606939792633057, 2.827427625656128, 2.9066452980041504];[0.289719820022583, 0.17133386433124542, 0.1694713830947876, 0.16586749255657196, 0.1380014270544052, 0.13569903373718262];[-2.391772985458374, -2.223954677581787, -2.3398241996765137, -2.352992534637451, -2.17222261428833, -2.2083168029785156];[];255.9872453212738
800;[3.612802028656006, 3.1749026775360107, 3.2393877506256104, 3.747572183609009, 4.942728519439697, 5.479776382446289];[0.31813952326774597, 0.260934054851532, 0.2505514621734619, 0.3367127776145935, 0.6316768527030945, 0.7708746194839478];[-2.3637871742248535, -2.1728906631469727, -2.1316442489624023, -2.3768908977508545, -3.7974116802215576, -5.361891269683838];[];256.5170953273773
800;[3.937373638153076, 3.319740056991577, 3.13925838470459, 3.1791629791259766, 3.255567789077759, 3.3106486797332764];[0.2629055678844452, 0.18170543015003204, 0.18324014544487, 0.2728062868118286, 0.30221331119537354, 0.3383755385875702];[-2.410005569458008, -2.2397074699401855, -2.2695913314819336, -2.6736361980438232, -2.906372547149658, -3.0800020694732666];[];274.06983613967896
850;[3.40629506111145, 3.1011149883270264, 3.260587453842163, 3.3841323852539062, 3.636711835861206, 3.7337470054626465];[0.31851717829704285, 0.247993603348732, 0.28556108474731445, 0.35907718539237976, 0.47348764538764954, 0.5342156887054443];[-2.2892351150512695, -2.1561083793640137, -2.279611825942993, -2.5262348651885986, -2.988922357559204, -3.293637752532959];[];391.7806131839752
850;[3.6515612602233887, 3.3495237827301025, 3.4988784790039062, 3.5932750701904297, 3.785066843032837, 3.8162829875946045];[0.2851385772228241, 0.17519611120224, 0.23426172137260437, 0.30515697598457336, 0.41244199872016907, 0.4661613404750824];[-2.3090617656707764, -2.2012298107147217, -2.2708795070648193, -2.4778831005096436, -2.8447985649108887, -3.0678203105926514];[];278.04929280281067
900;[3.5753185749053955, 3.747628688812256, 3.802919387817383, 3.7900280952453613, 3.8765177726745605, 3.9794065952301025];[0.3263450264930725, 0.3625529110431671, 0.394591361284256, 0.3818090260028839, 0.4132298529148102, 0.4215433895587921];[-2.3481249809265137, -2.4462578296661377, -2.552204132080078, -2.55165696144104, -2.6415600776672363, -2.6646952629089355];[];315.3278410434723
900;[3.856558322906494, 4.033995151519775, 4.102458477020264, 4.161618232727051, 4.224729061126709, 4.342944622039795];[0.2791967988014221, 0.3272798955440521, 0.3506277799606323, 0.33140829205513, 0.37584906816482544, 0.37818777561187744];[-2.386396646499634, -2.4637629985809326, -2.5922701358795166, -2.627981662750244, -2.6909337043762207, -2.7367310523986816];[];297.71271085739136
950;[3.552725076675415, 3.2461671829223633, 3.127751350402832, 3.2046968936920166, 3.6724112033843994, 3.5253043174743652];[0.3211316168308258, 0.24299074709415436, 0.2852725386619568, 0.46078088879585266, 0.723426878452301, 0.7124617099761963];[-2.3535826206207275, -2.116464138031006, -2.216911554336548, -2.6322224140167236, -4.276782989501953, -4.666260719299316];[];282.4626386165619
950;[3.852540969848633, 3.513230085372925, 3.382014513015747, 3.4341750144958496, 3.8954501152038574, 3.7443182468414307];[0.2726131081581116, 0.1871475726366043, 0.19540417194366455, 0.3635769188404083, 0.5866532325744629, 0.5694085359573364];[-2.3935117721557617, -2.139040470123291, -2.2633864879608154, -2.7759804725646973, -4.907993316650391, -5.309873104095459];[];256.77010846138
1000;[3.5437560081481934, 3.6650710105895996, 3.579024076461792, 3.6340835094451904, 3.7148563861846924, 3.7760374546051025];[0.3287908434867859, 0.5137245059013367, 0.5340761542320251, 0.5636307597160339, 0.5680468082427979, 0.5692803263664246];[-2.3553853034973145, -3.2204811573028564, -3.33603572845459, -3.4707281589508057, -3.5195560455322266, -3.53714656829834];[];258.85558819770813
1000;[3.809922695159912, 4.201192855834961, 4.1247053146362305, 4.2081379890441895, 4.288634300231934, 4.372756481170654];[0.2840760350227356, 0.5491478443145752, 0.5848590731620789, 0.6189501881599426, 0.6157411336898804, 0.609286367893219];[-2.3852202892303467, -3.638824701309204, -3.846590995788574, -4.087742805480957, -4.124028205871582, -4.192062854766846];[];262.3563058376312
1050;[3.498385190963745, 2.6786606311798096, 2.68243670463562, 2.577239751815796, 2.6514930725097656, 2.749955177307129];[0.316914439201355, 0.1967516839504242, 0.20744182169437408, 0.18579910695552826, 0.2126529961824417, 0.26448139548301697];[-2.322052240371704, -1.9772990942001343, -2.040553331375122, -2.005488395690918, -2.1266777515411377, -2.3144519329071045];[];283.7245121002197
1050;[3.7667996883392334, 2.9137463569641113, 2.942962408065796, 2.8345673084259033, 2.9056429862976074, 2.9017651081085205];[0.2739606201648712, 0.1314641535282135, 0.13999050855636597, 0.131061851978302, 0.1582375317811966, 0.2007644921541214];[-2.3533079624176025, -1.977946400642395, -2.078732490539551, -2.05458664894104, -2.168769121170044, -2.224593162536621];[];284.00026178359985
1100;[3.633084297180176, 3.1395931243896484, 3.2655029296875, 3.2441539764404297, 3.3080787658691406, 3.410754680633545];[0.3227347433567047, 0.5063446760177612, 0.5584137439727783, 0.6418260335922241, 0.6543572545051575, 0.6261316537857056];[-2.406907081604004, -3.362410545349121, -3.7934460639953613, -4.35437536239624, -4.585434436798096, -4.391117572784424];[];283.76958680152893
1100;[3.953230857849121, 3.2885842323303223, 3.476273536682129, 3.3828024864196777, 3.5174689292907715, 3.6938109397888184];[0.27360281348228455, 0.4103304445743561, 0.47408509254455566, 0.5689191818237305, 0.5907080769538879, 0.5520309805870056];[-2.441704750061035, -2.9833481311798096, -3.4453773498535156, -3.969292640686035, -4.215508460998535, -4.15886926651001];[];263.8849756717682
1150;[3.549370527267456, 3.155998468399048, 2.8417370319366455, 2.733569383621216, 2.5792274475097656, 2.503235340118408];[0.32456448674201965, 0.27572134137153625, 0.26889777183532715, 0.2795484662055969, 0.28285086154937744, 0.2698531448841095];[-2.3321547508239746, -2.2693140506744385, -2.2884762287139893, -2.435560464859009, -2.5353891849517822, -2.5046093463897705];[];323.83288311958313
1150;[3.819810152053833, 3.475393295288086, 3.1688992977142334, 3.044447183609009, 2.896247625350952, 2.8253061771392822];[0.2810384929180145, 0.23017656803131104, 0.2093854397535324, 0.20583564043045044, 0.22063592076301575, 0.20989474654197693];[-2.362546920776367, -2.3154983520507812, -2.2648534774780273, -2.512209415435791, -2.6249454021453857, -2.6385059356689453];[];282.0481262207031
1200;[3.5017285346984863, 3.2113938331604004, 3.7144227027893066, 3.8710153102874756, 4.411212921142578, 4.758277416229248];[0.3102601170539856, 0.2985483705997467, 0.5266562700271606, 0.6815251708030701, 0.779288113117218, 0.8934749364852905];[-2.3085689544677734, -2.3407864570617676, -3.3306827545166016, -4.546049118041992, -5.391080379486084, -6.918965816497803];[];255.06116127967834
1200;[3.7827274799346924, 3.5229485034942627, 4.039240837097168, 4.191265106201172, 4.762500286102295, 5.048377990722656];[0.268138587474823, 0.2588297724723816, 0.4963241517543793, 0.6887969374656677, 0.7634881734848022, 0.8859848976135254];[-2.3427767753601074, -2.3723156452178955, -3.405972480773926, -4.869183540344238, -5.978803634643555, -7.536629676818848];[];264.09344577789307
1250;[3.4876513481140137, 3.711305856704712, 3.7729403972625732, 3.714911937713623, 3.8015053272247314, 3.7668802738189697];[0.3158087134361267, 0.37544262409210205, 0.44005534052848816, 0.4559996426105499, 0.46246832609176636, 0.4470076858997345];[-2.328146457672119, -2.512240409851074, -2.7171785831451416, -2.744410753250122, -2.775790214538574, -2.7360126972198486];[];256.12483739852905
1250;[3.762364149093628, 4.063473224639893, 4.112889766693115, 4.003598690032959, 4.12662935256958, 4.105073928833008];[0.2784407436847687, 0.3395068943500519, 0.40321075916290283, 0.4217589497566223, 0.42460131645202637, 0.4191003441810608];[-2.34122371673584, -2.5902397632598877, -2.817004442214966, -2.8397607803344727, -2.891977548599243, -2.83434796333313];[];276.7497823238373
1300;[3.5354790687561035, 2.742750883102417, 2.553151845932007, 2.5756239891052246, 2.587820529937744, 2.5707340240478516];[0.3090335726737976, 0.2504650950431824, 0.25479599833488464, 0.267256498336792, 0.28153735399246216, 0.2843671441078186];[-2.30558705329895, -2.307325839996338, -2.329763174057007, -2.441310167312622, -2.512155532836914, -2.536874294281006];[];275.5829303264618
1300;[3.824474573135376, 3.02790904045105, 2.8084278106689453, 2.8787131309509277, 2.8802742958068848, 2.861997365951538];[0.26382386684417725, 0.16094978153705597, 0.16102208197116852, 0.17173105478286743, 0.1779283583164215, 0.17426036298274994];[-2.3408279418945312, -2.2364511489868164, -2.2556586265563965, -2.3970398902893066, -2.4560258388519287, -2.4427294731140137];[];257.9923186302185
1350;[3.5258939266204834, 3.5306849479675293, 3.49238920211792, 3.7313692569732666, 3.539496421813965, 3.447316884994507];[0.32419249415397644, 0.3549356162548065, 0.3686772286891937, 0.40507182478904724, 0.38180938363075256, 0.39419782161712646];[-2.359018087387085, -2.457717180252075, -2.4956743717193604, -2.642864227294922, -2.5245444774627686, -2.583843231201172];[];283.6750144958496
1350;[3.8054158687591553, 3.7974812984466553, 3.741778612136841, 3.9841952323913574, 3.746527671813965, 3.6414690017700195];[0.2841842770576477, 0.28366416692733765, 0.30073094367980957, 0.31785568594932556, 0.3081997036933899, 0.3271072506904602];[-2.378052234649658, -2.4551331996917725, -2.4471323490142822, -2.586893320083618, -2.4978861808776855, -2.5466854572296143];[];288.8351185321808
1400;[3.573118209838867, 2.6303040981292725, 2.5069165229797363, 2.7414982318878174, 2.6274445056915283, 2.6513912677764893];[0.3319355547428131, 0.19139334559440613, 0.20609205961227417, 0.25762253999710083, 0.27742260694503784, 0.314175546169281];[-2.357722520828247, -1.9773184061050415, -2.0244014263153076, -2.217402458190918, -2.261773109436035, -2.4073476791381836];[];272.02457571029663
1400;[3.8535892963409424, 2.887830972671509, 2.7505414485931396, 2.9841978549957275, 2.8046393394470215, 2.766700029373169];[0.28976142406463623, 0.12083469331264496, 0.12660394608974457, 0.15121667087078094, 0.1499265730381012, 0.15814246237277985];[-2.3891215324401855, -2.0049073696136475, -2.0476632118225098, -2.276094913482666, -2.249903678894043, -2.3525474071502686];[];257.5026824474335
1450;[3.462273120880127, 3.225919723510742, 2.937695026397705, 2.865216016769409, 2.9528300762176514, 2.9188454151153564];[0.31377702951431274, 0.33426785469055176, 0.2896558940410614, 0.3333647549152374, 0.3978753089904785, 0.42420729994773865];[-2.2975685596466064, -2.5077080726623535, -2.3664350509643555, -2.628424644470215, -2.8753745555877686, -3.0637142658233643];[];286.28744983673096
1450;[3.726362466812134, 3.5686254501342773, 3.2793753147125244, 3.227670669555664, 3.3465287685394287, 3.3255488872528076];[0.27243274450302124, 0.30122482776641846, 0.255638986825943, 0.3298411965370178, 0.40842142701148987, 0.45390281081199646];[-2.3279733657836914, -2.631290912628174, -2.5032289028167725, -2.833153486251831, -3.132047176361084, -3.361471176147461];[];283.9063289165497
1500;[3.464956283569336, 3.089413642883301, 2.8161563873291016, 2.6965749263763428, 2.493795871734619, 2.568268060684204];[0.3134991228580475, 0.25557929277420044, 0.24615342915058136, 0.23015420138835907, 0.23015975952148438, 0.2645150125026703];[-2.3150103092193604, -2.1940078735351562, -2.147822380065918, -2.1617753505706787, -2.2061805725097656, -2.364070415496826];[];264.53599762916565
1500;[3.732696533203125, 3.3715293407440186, 3.0639824867248535, 2.967197895050049, 2.762918710708618, 2.8447651863098145];[0.2757726013660431, 0.18877488374710083, 0.16043716669082642, 0.1591729372739792, 0.17323745787143707, 0.19834695756435394];[-2.3366849422454834, -2.248152256011963, -2.228381872177124, -2.268251895904541, -2.2527644634246826, -2.3764350414276123];[];335.9410767555237
1550;[3.500197410583496, 3.2459094524383545, 3.1662073135375977, 3.1005194187164307, 3.068309783935547, 3.0611889362335205];[0.312002569437027, 0.3089289367198944, 0.37671634554862976, 0.3718257248401642, 0.3875323235988617, 0.4008849859237671];[-2.3159425258636475, -2.360585927963257, -2.531614065170288, -2.5364534854888916, -2.616318702697754, -2.649304151535034];[];257.83617639541626
1550;[3.785066604614258, 3.603577136993408, 3.4945998191833496, 3.434720039367676, 3.4142837524414062, 3.377732276916504];[0.2721848785877228, 0.276818186044693, 0.3661176860332489, 0.35064470767974854, 0.3699422776699066, 0.3829111158847809];[-2.34751296043396, -2.4545528888702393, -2.6425211429595947, -2.6663496494293213, -2.759986400604248, -2.763253927230835];[];262.45787739753723
1600;[3.597944498062134, 3.6971664428710938, 3.699280023574829, 3.664675712585449, 3.8306221961975098, 3.7401039600372314];[0.32531020045280457, 0.38575026392936707, 0.39700567722320557, 0.39610034227371216, 0.4246866703033447, 0.38891762495040894];[-2.366403818130493, -2.5024123191833496, -2.4967143535614014, -2.5099143981933594, -2.6012632846832275, -2.5099141597747803];[];279.36866998672485
1600;[3.8936989307403564, 3.9829113483428955, 3.9739952087402344, 3.937018394470215, 4.094716548919678, 4.038433074951172];[0.28058260679244995, 0.3628009259700775, 0.3717018961906433, 0.3736487030982971, 0.3970833122730255, 0.3663904070854187];[-2.3895761966705322, -2.5726373195648193, -2.596745252609253, -2.607262134552002, -2.7099733352661133, -2.615856409072876];[];344.1364197731018
1650;[3.436478853225708, 3.206562042236328, 3.1998462677001953, 3.545121908187866, 3.8430306911468506, 3.9919192790985107];[0.31080397963523865, 0.39381036162376404, 0.491691917181015, 0.6422210931777954, 0.7055180072784424, 0.7810905575752258];[-2.295853853225708, -2.6869750022888184, -3.270524740219116, -4.215195178985596, -4.877308368682861, -5.562156677246094];[];265.2060935497284
1650;[3.6971449851989746, 3.583540439605713, 3.5614686012268066, 3.9056432247161865, 4.242763996124268, 4.3786420822143555];[0.27425670623779297, 0.4049200415611267, 0.5235439538955688, 0.6587164998054504, 0.7002577185630798, 0.7698730230331421];[-2.3213651180267334, -2.898754358291626, -3.4830546379089355, -4.52543306350708, -5.2562360763549805, -6.010562419891357];[];258.8030264377594
1700;[3.4560554027557373, 2.951888084411621, 2.7162842750549316, 2.526252031326294, 2.425499439239502, 2.42167329788208];[0.30309203267097473, 0.22876955568790436, 0.2510077953338623, 0.24817465245723724, 0.28786131739616394, 0.29485636949539185];[-2.2906713485717773, -2.0777909755706787, -2.23549222946167, -2.360382318496704, -2.6273229122161865, -2.7202212810516357];[];264.45046758651733
1700;[3.737506151199341, 3.1564769744873047, 2.9824376106262207, 2.801018714904785, 2.693228244781494, 2.716012716293335];[0.26869598031044006, 0.16420882940292358, 0.1636553406715393, 0.17421133816242218, 0.19389259815216064, 0.19934464991092682];[-2.304698944091797, -2.0874247550964355, -2.37170147895813, -2.5421271324157715, -2.889906167984009, -3.0480711460113525];[];285.81968569755554
1750;[3.5498480796813965, 3.834522247314453, 3.9027860164642334, 3.5023767948150635, 3.0088179111480713, 2.7242681980133057];[0.3212936520576477, 0.2876458764076233, 0.44030871987342834, 0.36721187829971313, 0.3281647861003876, 0.28300222754478455];[-2.345487117767334, -2.2354087829589844, -2.7998545169830322, -2.564131259918213, -2.495598554611206, -2.3932995796203613];[];286.49562644958496
1750;[3.8430700302124023, 3.6838173866271973, 3.384471893310547, 3.027031421661377, 2.846526622772217, 2.740144968032837];[0.2804086208343506, 0.1830190271139145, 0.2789713144302368, 0.2189456671476364, 0.23614108562469482, 0.2125338613986969];[-2.376481771469116, -2.1739234924316406, -2.4655849933624268, -2.339421272277832, -2.5440497398376465, -2.6708836555480957];[];274.39671301841736
1800;[3.605226755142212, 3.9471075534820557, 3.9649229049682617, 4.093544960021973, 4.0224385261535645, 3.981158971786499];[0.3255167305469513, 0.5450106263160706, 0.5830882787704468, 0.5997553467750549, 0.5896391272544861, 0.6210290789604187];[-2.3653697967529297, -3.3580188751220703, -3.5099430084228516, -3.69840931892395, -3.5585529804229736, -3.786222457885742];[];276.89408683776855
1800;[3.910835027694702, 4.437681674957275, 4.621426582336426, 4.9265642166137695, 4.9132795333862305, 4.874101638793945];[0.2755705714225769, 0.5283465385437012, 0.624985933303833, 0.6642220616340637, 0.6752173900604248, 0.729640543460846];[-2.414064884185791, -3.5212032794952393, -4.015434741973877, -4.5845842361450195, -4.575755596160889, -4.928079605102539];[];283.715469121933
1850;[3.585946559906006, 3.026949644088745, 3.1997952461242676, 3.336164951324463, 3.419590473175049, 3.4110422134399414];[0.3234803378582001, 0.2916005253791809, 0.4322703778743744, 0.5050724744796753, 0.565967857837677, 0.5615593791007996];[-2.3658080101013184, -2.2744507789611816, -2.871101140975952, -3.2801523208618164, -3.644646406173706, -3.674644947052002];[];366.6997435092926
1850;[3.8915464878082275, 3.303555488586426, 3.5023915767669678, 3.671224594116211, 3.744145393371582, 3.7661406993865967];[0.2754146158695221, 0.26227807998657227, 0.4168345630168915, 0.48198750615119934, 0.5535422563552856, 0.5459889769554138];[-2.412106990814209, -2.3049957752227783, -2.8862905502319336, -3.337252616882324, -3.707463026046753, -3.7959420680999756];[];254.9765284061432
1900;[3.5799410343170166, 3.5148799419403076, 3.6408345699310303, 3.655283212661743, 4.01062536239624, 4.014429092407227];[0.33053767681121826, 0.31236743927001953, 0.35353100299835205, 0.39686211943626404, 0.4498412013053894, 0.4509791135787964];[-2.3639814853668213, -2.3252511024475098, -2.4297471046447754, -2.517686128616333, -2.7164363861083984, -2.690469741821289];[];260.4624388217926
1900;[3.870701313018799, 3.868553400039673, 3.9813685417175293, 3.957227945327759, 4.338728427886963, 4.359821319580078];[0.28553450107574463, 0.2728966474533081, 0.3214513063430786, 0.3710043430328369, 0.4138234257698059, 0.4120313823223114];[-2.4045965671539307, -2.4049124717712402, -2.5205326080322266, -2.6000962257385254, -2.839296817779541, -2.838047742843628];[];281.5244836807251
1950;[3.514319896697998, 2.6600112915039062, 2.5591249465942383, 2.595320701599121, 2.7108798027038574, 2.3831355571746826];[0.3258659839630127, 0.27510935068130493, 0.26066893339157104, 0.2769402861595154, 0.2946885824203491, 0.2651318907737732];[-2.3650434017181396, -2.3755486011505127, -2.3799521923065186, -2.460771322250366, -2.543229579925537, -2.470947265625];[];270.8932602405548
1950;[3.7896182537078857, 2.895155906677246, 2.8840017318725586, 2.9903810024261475, 3.129868745803833, 2.627650737762451];[0.29000577330589294, 0.16768664121627808, 0.16809436678886414, 0.18733914196491241, 0.18360939621925354, 0.1465184986591339];[-2.3684115409851074, -2.1426000595092773, -2.4106247425079346, -2.5638339519500732, -2.548856496810913, -2.2236216068267822];[];273.99495673179626
2000;[3.5761539936065674, 3.4793338775634766, 3.445513963699341, 3.404585838317871, 3.373276710510254, 3.27769136428833];[0.32006293535232544, 0.4126862585544586, 0.39314475655555725, 0.41604018211364746, 0.4034630358219147, 0.3773370385169983];[-2.343735933303833, -2.640179395675659, -2.6400556564331055, -2.6763315200805664, -2.624229669570923, -2.568096399307251];[];262.83459210395813
2000;[3.8713388442993164, 3.8114469051361084, 3.851205587387085, 3.780344247817993, 3.7803471088409424, 3.697305917739868];[0.2777880132198334, 0.39858248829841614, 0.3742144703865051, 0.4126325249671936, 0.3965367376804352, 0.37073561549186707];[-2.3715295791625977, -2.7329273223876953, -2.815420389175415, -2.858206033706665, -2.822441339492798, -2.7931225299835205];[];439.21149015426636
2050;[3.535275459289551, 3.53139591217041, 3.341989278793335, 3.3554928302764893, 3.515320301055908, 3.455402135848999];[0.3221924304962158, 0.4663025438785553, 0.46419820189476013, 0.4976247549057007, 0.5246403813362122, 0.5781499743461609];[-2.326617956161499, -2.984611749649048, -2.977619171142578, -3.1623589992523193, -3.3647501468658447, -3.7254557609558105];[];269.5221426486969
2050;[3.812070369720459, 3.984229803085327, 3.799781322479248, 3.770857095718384, 3.966249465942383, 3.8479902744293213];[0.27784520387649536, 0.4898645579814911, 0.5059918165206909, 0.501488447189331, 0.49224090576171875, 0.5682454705238342];[-2.370086669921875, -3.2898964881896973, -3.3265888690948486, -3.33747935295105, -3.543208360671997, -3.7617852687835693];[];258.52179074287415
2100;[3.5217692852020264, 3.0343220233917236, 3.1690309047698975, 3.0205914974212646, 3.114576816558838, 3.1714553833007812];[0.31753093004226685, 0.36754247546195984, 0.3996345102787018, 0.4298151135444641, 0.4476097524166107, 0.4521986246109009];[-2.337181806564331, -2.596111297607422, -2.767177104949951, -2.9312188625335693, -3.040865898132324, -3.0380165576934814];[];305.9747459888458
2100;[3.794963836669922, 3.3977105617523193, 3.588507652282715, 3.4323060512542725, 3.551525831222534, 3.637209177017212];[0.27691808342933655, 0.397301584482193, 0.4283159375190735, 0.4815003573894501, 0.4910212457180023, 0.487202912569046];[-2.3659555912017822, -2.8018999099731445, -3.069723129272461, -3.2851152420043945, -3.4194984436035156, -3.4953770637512207];[];258.50536274909973
2150;[3.587566375732422, 3.4389796257019043, 3.540924310684204, 3.473060131072998, 3.5594871044158936, 3.7014479637145996];[0.31922027468681335, 0.36251527070999146, 0.40006715059280396, 0.4319739043712616, 0.4584747850894928, 0.5288447141647339];[-2.356583595275879, -2.4861531257629395, -2.6486127376556396, -2.7477431297302246, -2.911236524581909, -3.255490779876709];[];309.02937412261963
2150;[3.895796537399292, 3.734257459640503, 3.877711296081543, 3.8087716102600098, 3.978681802749634, 4.139036655426025];[0.27154645323753357, 0.3131605088710785, 0.3527338206768036, 0.4037565588951111, 0.43693211674690247, 0.5193390846252441];[-2.4018948078155518, -2.470085859298706, -2.687617301940918, -2.7813913822174072, -3.0604193210601807, -3.4417426586151123];[];288.3106551170349
2200;[3.5403051376342773, 3.5836453437805176, 4.0867109298706055, 4.745190143585205, 5.219270706176758, 5.948084831237793];[0.3197009563446045, 0.331767201423645, 0.5013922452926636, 0.7120910286903381, 0.8209632635116577, 0.9403095841407776];[-2.3274073600769043, -2.3622617721557617, -3.074215888977051, -4.388527870178223, -5.668531894683838, -7.455732822418213];[];272.88672375679016
2200;[3.8225955963134766, 3.9383559226989746, 4.608319282531738, 5.307161808013916, 5.808225154876709, 6.552412986755371];[0.27916425466537476, 0.2843477427959442, 0.49211907386779785, 0.7005203366279602, 0.7928270101547241, 0.9047418236732483];[-2.3531246185302734, -2.3815932273864746, -3.2268900871276855, -4.776748180389404, -6.188159465789795, -8.091378211975098];[];293.5119650363922
2250;[3.51129150390625, 3.648242712020874, 3.5558719635009766, 3.551719903945923, 3.4756548404693604, 3.5277469158172607];[0.3149825930595398, 0.44564276933670044, 0.4570193886756897, 0.444540411233902, 0.48519274592399597, 0.49841049313545227];[-2.3221781253814697, -2.786525011062622, -2.8673086166381836, -2.8657100200653076, -3.0423245429992676, -3.021472692489624];[];268.06724286079407
2250;[3.7853307723999023, 4.0089545249938965, 3.9310595989227295, 3.991849184036255, 3.8862223625183105, 3.9158096313476562];[0.2728997468948364, 0.4447542726993561, 0.4578566551208496, 0.4363684058189392, 0.4921261668205261, 0.5006957650184631];[-2.361947536468506, -2.935093402862549, -3.0601649284362793, -3.093555450439453, -3.2598302364349365, -3.2102699279785156];[];282.0943670272827
2300;[3.490316867828369, 3.8248164653778076, 3.9896395206451416, 4.041810989379883, 4.041932582855225, 4.1616010665893555];[0.3220456540584564, 0.4770102798938751, 0.5691945552825928, 0.6025041341781616, 0.6310595273971558, 0.645517110824585];[-2.325357675552368, -2.9562952518463135, -3.311544895172119, -3.610095500946045, -3.7582945823669434, -3.897350788116455];[];256.8616704940796
2300;[3.7545666694641113, 4.330160140991211, 4.574896812438965, 4.674267292022705, 4.684011936187744, 4.857245445251465];[0.2885453701019287, 0.47128230333328247, 0.5956230759620667, 0.642241358757019, 0.6659760475158691, 0.6730058789253235];[-2.3434231281280518, -3.182551383972168, -3.7871956825256348, -4.178565979003906, -4.342471122741699, -4.555581092834473];[];280.494580745697
2350;[3.5439748764038086, 2.9248125553131104, 2.7300994396209717, 2.620565891265869, 2.656015634536743, 2.7009458541870117];[0.3181142508983612, 0.23870250582695007, 0.3015589714050293, 0.337911456823349, 0.35089346766471863, 0.3798544704914093];[-2.343852996826172, -2.1530113220214844, -2.4904637336730957, -2.6619200706481934, -2.825247287750244, -3.033142566680908];[];266.7580313682556
2350;[3.8467142581939697, 3.200500965118408, 3.0402445793151855, 2.902428150177002, 2.9675638675689697, 3.0193660259246826];[0.2723405361175537, 0.18360868096351624, 0.2594553232192993, 0.3022550046443939, 0.3163294792175293, 0.3436298966407776];[-2.377462148666382, -2.207737922668457, -2.5748631954193115, -2.7482428550720215, -2.9262378215789795, -3.1793434619903564];[];288.96789932250977
2400;[3.519235134124756, 3.5311498641967773, 3.595813035964966, 4.020654201507568, 4.447127342224121, 4.959640979766846];[0.31322935223579407, 0.31899407505989075, 0.31758424639701843, 0.45043060183525085, 0.6027633547782898, 0.6626913547515869];[-2.3275327682495117, -2.3222477436065674, -2.3500165939331055, -2.7902228832244873, -3.636796712875366, -4.128049850463867];[];275.25722002983093
2400;[3.810366630554199, 3.860783100128174, 3.9529998302459717, 4.482703685760498, 4.968039035797119, 5.59117317199707];[0.26939359307289124, 0.2672453820705414, 0.26314878463745117, 0.41458526253700256, 0.5946987867355347, 0.6366454362869263];[-2.3531546592712402, -2.321352481842041, -2.328542709350586, -2.8335459232330322, -3.7602624893188477, -4.40750789642334];[];291.4999575614929
2450;[3.5078670978546143, 3.2021803855895996, 2.9705328941345215, 2.911795139312744, 2.5779621601104736, 2.5591306686401367];[0.3122927248477936, 0.2610436677932739, 0.2615903913974762, 0.25481322407722473, 0.22619159519672394, 0.2502380311489105];[-2.328794002532959, -2.1991543769836426, -2.2096145153045654, -2.223292827606201, -2.1624186038970947, -2.2848198413848877];[];311.8868930339813
2450;[3.795339822769165, 3.5075631141662598, 3.237257957458496, 3.195925712585449, 2.8420164585113525, 2.8253233432769775];[0.27345189452171326, 0.19965030252933502, 0.1765163391828537, 0.17718255519866943, 0.16521835327148438, 0.20531374216079712];[-2.3540546894073486, -2.2425854206085205, -2.24847149848938, -2.3222029209136963, -2.239497661590576, -2.3651950359344482];[];341.66710090637207
2500;[3.563859224319458, 3.072406053543091, 2.9618442058563232, 3.3409340381622314, 3.21285343170166, 3.492281198501587];[0.31150174140930176, 0.24846325814723969, 0.34959256649017334, 0.601643443107605, 0.6889249086380005, 0.7959921956062317];[-2.3091704845428467, -2.1725826263427734, -2.4078867435455322, -3.5725955963134766, -4.359809398651123, -5.765836715698242];[];269.05581545829773
2500;[3.86392879486084, 3.311403751373291, 3.1348702907562256, 3.4078805446624756, 3.2507097721099854, 3.5291478633880615];[0.26729366183280945, 0.17033599317073822, 0.21864941716194153, 0.40394002199172974, 0.48576030135154724, 0.5919159650802612];[-2.3386967182159424, -2.216346025466919, -2.5006039142608643, -3.6526131629943848, -4.4901580810546875, -5.980396747589111];[];285.7148835659027
2550;[3.486790657043457, 3.361900568008423, 3.4571480751037598, 3.3093454837799072, 3.3443422317504883, 3.2631192207336426];[0.3226550221443176, 0.33677834272384644, 0.3610161244869232, 0.33393803238868713, 0.35693177580833435, 0.36022868752479553];[-2.324676275253296, -2.4756205081939697, -2.8471968173980713, -2.7266347408294678, -3.0418615341186523, -3.555980682373047];[];292.41210436820984
2550;[3.7523293495178223, 3.5816521644592285, 3.6267170906066895, 3.4635276794433594, 3.467866897583008, 3.3476083278656006];[0.2859756052494049, 0.2970620393753052, 0.2901650369167328, 0.2590380609035492, 0.2738621234893799, 0.2708199620246887];[-2.3386783599853516, -2.538285732269287, -2.8491594791412354, -2.6209535598754883, -2.783017873764038, -2.98213267326355];[];264.3805778026581
2600;[3.4589321613311768, 3.5641117095947266, 3.6995911598205566, 3.795586585998535, 3.737232208251953, 3.7806832790374756];[0.3229735791683197, 0.4225335717201233, 0.5187692642211914, 0.5858751535415649, 0.57588130235672, 0.5803931355476379];[-2.3390071392059326, -2.7000362873077393, -3.1027350425720215, -3.4549689292907715, -3.3903403282165527, -3.463643789291382];[];264.3114411830902
2600;[3.7190558910369873, 3.858314037322998, 3.953956127166748, 4.0746917724609375, 4.022354602813721, 4.109686851501465];[0.28916415572166443, 0.3843984305858612, 0.4800487160682678, 0.5451679825782776, 0.5384438037872314, 0.5357644557952881];[-2.348148822784424, -2.738358497619629, -3.077833652496338, -3.476548671722412, -3.4387176036834717, -3.570756196975708];[];264.17099356651306
2650;[3.5072474479675293, 2.895291566848755, 3.1625900268554688, 3.1155219078063965, 3.3202505111694336, 3.575605630874634];[0.31620314717292786, 0.23503674566745758, 0.3022608757019043, 0.4193524420261383, 0.5623306035995483, 0.643824577331543];[-2.3184397220611572, -2.139158248901367, -2.3664848804473877, -2.8589460849761963, -3.7668466567993164, -4.347282409667969];[];278.0881061553955
2650;[3.786104917526245, 3.146193265914917, 3.4762706756591797, 3.3492400646209717, 3.5258991718292236, 3.701063871383667];[0.2754952311515808, 0.17722949385643005, 0.24547907710075378, 0.40526166558265686, 0.539501965045929, 0.5934487581253052];[-2.3470582962036133, -2.1734044551849365, -2.442182779312134, -2.9313223361968994, -3.8033342361450195, -4.273290634155273];[];265.5672266483307
2700;[3.6231837272644043, 3.022493362426758, 2.9983561038970947, 2.974320888519287, 2.9939563274383545, 2.8011958599090576];[0.32361942529678345, 0.2550738453865051, 0.2718275785446167, 0.2358136773109436, 0.3769877254962921, 0.43868595361709595];[-2.3512766361236572, -2.1557626724243164, -2.1848533153533936, -2.1506569385528564, -2.7022037506103516, -3.2112061977386475];[];264.0927240848541
2700;[3.923402786254883, 3.2049243450164795, 3.194885015487671, 3.239901542663574, 2.9166080951690674, 2.7902891635894775];[0.2704773545265198, 0.16708026826381683, 0.23038868606090546, 0.24296358227729797, 0.1917373239994049, 0.16668397188186646];[-2.410552501678467, -2.2181382179260254, -2.4747796058654785, -2.6227939128875732, -2.3855884075164795, -2.2611496448516846];[];266.42024993896484
2750;[3.571190118789673, 3.1997623443603516, 3.0391931533813477, 3.2528443336486816, 3.1469502449035645, 3.1969165802001953];[0.3236669898033142, 0.4848792254924774, 0.484806627035141, 0.5442869067192078, 0.5977464914321899, 0.6444125175476074];[-2.34444260597229, -3.308251142501831, -3.3674063682556152, -3.6812734603881836, -4.082027435302734, -4.490932464599609];[];266.80400919914246
2750;[3.868344783782959, 3.4498960971832275, 3.2460851669311523, 3.513312339782715, 3.338623285293579, 3.3967671394348145];[0.27734726667404175, 0.4142707288265228, 0.41188687086105347, 0.4662511348724365, 0.5413561463356018, 0.5912770628929138];[-2.3869354724884033, -3.1872830390930176, -3.2408435344696045, -3.648200750350952, -3.950739860534668, -4.408209800720215];[];262.90963220596313
2800;[3.611739158630371, 3.190589666366577, 3.306166887283325, 3.7439444065093994, 4.205125331878662, 4.659441947937012];[0.3195345997810364, 0.2913547456264496, 0.427245557308197, 0.6397284269332886, 0.7420111298561096, 0.87457674741745];[-2.3621902465820312, -2.3073573112487793, -2.8358685970306396, -4.225764751434326, -5.085654258728027, -6.5488691329956055];[];264.0242154598236
2800;[3.924675226211548, 3.513986587524414, 3.594716787338257, 4.02076530456543, 4.520646095275879, 4.936549663543701];[0.26730877161026, 0.24069900810718536, 0.3955460488796234, 0.6142323613166809, 0.6969175338745117, 0.8230137228965759];[-2.4125170707702637, -2.3889403343200684, -2.873218297958374, -4.178526401519775, -5.134636878967285, -6.582551956176758];[];261.40603733062744
2850;[3.4735677242279053, 3.663620710372925, 3.7166521549224854, 3.543724775314331, 3.450005531311035, 3.5587377548217773];[0.3097701370716095, 0.4344273507595062, 0.47032639384269714, 0.4267018437385559, 0.4597955644130707, 0.507693886756897];[-2.3278419971466064, -2.728705644607544, -2.877340078353882, -2.749274253845215, -2.8576736450195312, -3.0635783672332764];[];262.8936460018158
2850;[3.758435010910034, 4.009786605834961, 4.087034225463867, 3.94933819770813, 3.8207857608795166, 3.9391415119171143];[0.2740178108215332, 0.4185865521430969, 0.46581265330314636, 0.42200127243995667, 0.47413432598114014, 0.518657386302948];[-2.342743396759033, -2.8656229972839355, -3.0466370582580566, -2.9967241287231445, -3.1110222339630127, -3.3317737579345703];[];290.48730874061584
2900;[3.541501760482788, 2.7835514545440674, 2.746598958969116, 2.675180673599243, 2.8191845417022705, 3.0146119594573975];[0.31103283166885376, 0.2734660506248474, 0.3545844852924347, 0.40163087844848633, 0.4643324911594391, 0.5473726987838745];[-2.3209357261657715, -2.385042428970337, -2.7762484550476074, -3.0593903064727783, -3.411886692047119, -3.9140634536743164];[];267.4921760559082
2900;[3.832170248031616, 3.124178647994995, 3.0195586681365967, 2.8730549812316895, 3.024930000305176, 3.217144250869751];[0.2625453770160675, 0.1783948540687561, 0.25188684463500977, 0.30318471789360046, 0.3592154383659363, 0.4423064887523651];[-2.371534824371338, -2.328479528427124, -2.61297607421875, -2.642266035079956, -3.0183217525482178, -3.4401068687438965];[];265.4654746055603
2950;[3.5207509994506836, 3.2521698474884033, 3.4860293865203857, 3.743734121322632, 3.775543451309204, 3.9966280460357666];[0.3101528286933899, 0.2938646972179413, 0.4676987826824188, 0.5364492535591125, 0.5562980771064758, 0.6519762277603149];[-2.319474935531616, -2.291425943374634, -2.9319019317626953, -3.3432908058166504, -3.5223309993743896, -4.060591220855713];[];265.6455762386322
2950;[3.8104233741760254, 3.571104049682617, 3.8346166610717773, 4.148613452911377, 4.23335599899292, 4.459599494934082];[0.2640385627746582, 0.2398456633090973, 0.45912909507751465, 0.5263798236846924, 0.5418585538864136, 0.6383739709854126];[-2.3652687072753906, -2.307602643966675, -2.943864345550537, -3.4363906383514404, -3.6672616004943848, -4.243646621704102];[];267.8247218132019
3000;[3.4902098178863525, 2.9446218013763428, 2.832991600036621, 2.7517337799072266, 2.6532983779907227, 2.8611114025115967];[0.31457775831222534, 0.23772892355918884, 0.3522164821624756, 0.3528478741645813, 0.38899508118629456, 0.5126144886016846];[-2.321333885192871, -2.1209099292755127, -2.516963481903076, -2.587292432785034, -2.8033201694488525, -3.55539608001709];[];275.6794590950012
3000;[3.768012285232544, 3.195065498352051, 2.988793134689331, 2.8712546825408936, 2.7288808822631836, 2.895404577255249];[0.27914318442344666, 0.15550090372562408, 0.2073260247707367, 0.19296929240226746, 0.20942001044750214, 0.28881964087486267];[-2.3425517082214355, -2.163165807723999, -2.5753116607666016, -2.6033170223236084, -2.752255916595459, -3.4737589359283447];[];267.7011260986328
3050;[3.5866310596466064, 3.0301990509033203, 3.4170944690704346, 4.439548492431641, 4.842057228088379, 5.296195983886719];[0.32238492369651794, 0.24287159740924835, 0.43640777468681335, 0.7288577556610107, 0.8958019018173218, 0.9932501912117004];[-2.3519766330718994, -2.142460346221924, -2.8174962997436523, -4.641780853271484, -6.97017240524292, -8.384991645812988];[];266.56354808807373
3050;[3.8877460956573486, 3.2764477729797363, 3.639752149581909, 4.541481971740723, 4.79994535446167, 5.058263778686523];[0.27615460753440857, 0.1961389183998108, 0.45836010575294495, 0.7215490937232971, 0.8642658591270447, 0.9312071800231934];[-2.389655113220215, -2.177513837814331, -3.026888847351074, -5.124185562133789, -7.086378574371338, -8.241644859313965];[];263.6119587421417
3100;[3.5897865295410156, 3.2731142044067383, 3.4731452465057373, 3.2556166648864746, 3.184687614440918, 3.305460214614868];[0.31677454710006714, 0.3137761652469635, 0.3473486304283142, 0.30790942907333374, 0.3250523805618286, 0.3569044768810272];[-2.3326869010925293, -2.2849528789520264, -2.454287528991699, -2.3475537300109863, -2.4105498790740967, -2.542728900909424];[];265.5103621482849
3100;[3.888061761856079, 3.5572803020477295, 3.8651623725891113, 3.6543710231781006, 3.5364749431610107, 3.6663432121276855];[0.2715906798839569, 0.2555484473705292, 0.2698153257369995, 0.23449113965034485, 0.2545818090438843, 0.27557915449142456];[-2.373875379562378, -2.233816146850586, -2.425671339035034, -2.342031717300415, -2.3647923469543457, -2.4989964962005615];[];264.728476524353
3150;[3.5451841354370117, 3.5085949897766113, 3.6083784103393555, 3.5934548377990723, 3.5358028411865234, 3.518526792526245];[0.32537251710891724, 0.3034248352050781, 0.34431201219558716, 0.3745075464248657, 0.39294230937957764, 0.3829594552516937];[-2.348437547683716, -2.328523874282837, -2.416311025619507, -2.5191752910614014, -2.5113365650177, -2.529733180999756];[];261.7749752998352
3150;[3.8300940990448, 3.861288547515869, 3.935680866241455, 3.905327558517456, 3.8074145317077637, 3.812162160873413];[0.2891120910644531, 0.2620936632156372, 0.31024685502052307, 0.3438105881214142, 0.3699289858341217, 0.35752880573272705];[-2.363281488418579, -2.4322726726531982, -2.5167298316955566, -2.626082181930542, -2.6038625240325928, -2.6308324337005615];[];266.0900192260742
3200;[3.619185447692871, 3.366569757461548, 3.4034461975097656, 3.2547051906585693, 3.010796070098877, 2.9743292331695557];[0.31871497631073, 0.32714545726776123, 0.3423130512237549, 0.3242093622684479, 0.27785855531692505, 0.28397753834724426];[-2.358081817626953, -2.350360870361328, -2.3997035026550293, -2.331463575363159, -2.1966652870178223, -2.2325215339660645];[];271.5896706581116
3200;[3.9237558841705322, 3.6655895709991455, 3.7205727100372314, 3.570248603820801, 3.3173398971557617, 3.2852025032043457];[0.2690429985523224, 0.2980092167854309, 0.3096168339252472, 0.2991255223751068, 0.25674229860305786, 0.2675107419490814];[-2.39274001121521, -2.4128355979919434, -2.4817917346954346, -2.41131854057312, -2.2872514724731445, -2.307689905166626];[];266.37376856803894
3250;[3.6097118854522705, 3.0914523601531982, 3.2311675548553467, 4.02056360244751, 5.430628776550293, 6.342576503753662];[0.3336974084377289, 0.2379722148180008, 0.24733760952949524, 0.3768882155418396, 0.6828886866569519, 0.832473635673523];[-2.394815444946289, -2.119699239730835, -2.1129448413848877, -2.4978842735290527, -4.090838432312012, -6.05988073348999];[];264.4678544998169
3250;[3.899637222290039, 3.22719669342041, 3.0525951385498047, 3.2152457237243652, 3.5275793075561523, 3.423083543777466];[0.29263100028038025, 0.16196368634700775, 0.18042218685150146, 0.2829394042491913, 0.42154809832572937, 0.40085694193840027];[-2.41207218170166, -2.1693835258483887, -2.218626022338867, -2.6853041648864746, -3.641357421875, -3.8271567821502686];[];264.74318647384644
3300;[3.6254475116729736, 2.9837803840637207, 3.087897300720215, 3.0829079151153564, 3.1802279949188232, 3.2113988399505615];[0.32091644406318665, 0.2715485095977783, 0.3579295575618744, 0.46687349677085876, 0.5021854043006897, 0.5745272040367126];[-2.354283094406128, -2.2478272914886475, -2.58821177482605, -3.0859203338623047, -3.3727455139160156, -3.82012939453125];[];284.01102232933044
3300;[3.935913562774658, 3.290501117706299, 3.4191219806671143, 3.3787338733673096, 3.5462446212768555, 3.521634578704834];[0.2698577046394348, 0.2363770604133606, 0.34081265330314636, 0.47215643525123596, 0.4941898286342621, 0.5808991193771362];[-2.4024569988250732, -2.3446850776672363, -2.7427144050598145, -3.205263137817383, -3.6235623359680176, -4.0098676681518555];[];264.99775862693787
3350;[3.528019905090332, 2.839681625366211, 2.6497745513916016, 2.5946884155273438, 2.7045247554779053, 2.6703147888183594];[0.3140691816806793, 0.3154384195804596, 0.285995751619339, 0.3284783661365509, 0.34806114435195923, 0.3663038909435272];[-2.3261067867279053, -2.4840378761291504, -2.4849660396575928, -2.7589924335479736, -2.8842427730560303, -3.012406349182129];[];263.4944589138031
3350;[3.8149735927581787, 3.098707914352417, 2.937527894973755, 2.853210926055908, 3.0157785415649414, 2.9663007259368896];[0.2749740481376648, 0.24997271597385406, 0.22137388586997986, 0.2644985318183899, 0.27893713116645813, 0.30278849601745605];[-2.346740484237671, -2.4579310417175293, -2.49013090133667, -2.8445894718170166, -3.0878920555114746, -3.231673240661621];[];265.7853193283081
3400;[3.495460271835327, 2.707630157470703, 2.829829216003418, 3.0097382068634033, 3.0709779262542725, 2.8975002765655518];[0.31010493636131287, 0.22551193833351135, 0.24402271211147308, 0.29148393869400024, 0.327582448720932, 0.3160410523414612];[-2.323742389678955, -2.075849771499634, -2.1420764923095703, -2.294966220855713, -2.4111928939819336, -2.3451485633850098];[];265.69126439094543
3400;[3.7828571796417236, 2.8603012561798096, 3.029740333557129, 3.2760255336761475, 3.4155712127685547, 3.254995584487915];[0.2718748152256012, 0.15355819463729858, 0.1661832630634308, 0.22211085259914398, 0.2836480736732483, 0.3028320074081421];[-2.343196153640747, -2.096508026123047, -2.3002448081970215, -2.6183385848999023, -2.9688403606414795, -3.0298447608947754];[];285.4007432460785
3450;[3.497270107269287, 3.578493118286133, 3.6235482692718506, 3.740330457687378, 3.882516622543335, 3.9503445625305176];[0.314408540725708, 0.3983001112937927, 0.41953882575035095, 0.4152770936489105, 0.47250258922576904, 0.4983759820461273];[-2.3305346965789795, -2.5626072883605957, -2.630460023880005, -2.640489339828491, -2.8209493160247803, -2.9587411880493164];[];263.57165718078613
3450;[3.787503480911255, 3.8403689861297607, 3.8949899673461914, 4.068193435668945, 4.162742614746094, 4.260855674743652];[0.27857813239097595, 0.3695133328437805, 0.3827066421508789, 0.37296539545059204, 0.4212542772293091, 0.449003666639328];[-2.3614490032196045, -2.5750248432159424, -2.6484789848327637, -2.675670862197876, -2.8455893993377686, -2.9788999557495117];[];264.91181325912476
3500;[3.503983974456787, 3.531460762023926, 3.4004831314086914, 3.350745677947998, 3.480945587158203, 3.648519515991211];[0.306027352809906, 0.37252098321914673, 0.431985080242157, 0.4185579717159271, 0.48135337233543396, 0.5463625192642212];[-2.291069507598877, -2.5707333087921143, -2.7659754753112793, -2.7262377738952637, -3.0018362998962402, -3.364752769470215];[];280.5889506340027
3500;[3.787602424621582, 3.9515857696533203, 3.812094211578369, 3.789205312728882, 3.9666495323181152, 4.162868499755859];[0.2611050605773926, 0.3597140908241272, 0.4471554458141327, 0.4357031583786011, 0.5083103775978088, 0.5707137584686279];[-2.3336069583892822, -2.7580018043518066, -2.988027572631836, -2.9884865283966064, -3.329280376434326, -3.7379367351531982];[];264.0588538646698
3550;[3.594465970993042, 2.896664619445801, 2.653319835662842, 2.6352083683013916, 2.650341749191284, 2.78092098236084];[0.3225913345813751, 0.2407984435558319, 0.22315430641174316, 0.2492779940366745, 0.24216686189174652, 0.3015224039554596];[-2.366464853286743, -2.1719751358032227, -2.1200191974639893, -2.242902994155884, -2.2260091304779053, -2.5079901218414307];[];287.3686056137085
3550;[3.901951789855957, 3.2026491165161133, 2.9172699451446533, 2.9071054458618164, 2.9555888175964355, 3.1625819206237793];[0.2707289457321167, 0.19835786521434784, 0.16670335829257965, 0.20173496007919312, 0.20067165791988373, 0.2853878140449524];[-2.4094419479370117, -2.201888084411621, -2.1795201301574707, -2.311624050140381, -2.3093252182006836, -2.686370372772217];[];268.4373183250427
3600;[3.5123584270477295, 3.1361355781555176, 2.9351966381073, 3.0181362628936768, 3.0905649662017822, 3.038137435913086];[0.31869789958000183, 0.3294258415699005, 0.33266597986221313, 0.3366624116897583, 0.34813323616981506, 0.3279992341995239];[-2.348020076751709, -2.4208877086639404, -2.4690587520599365, -2.498671770095825, -2.5396194458007812, -2.4915475845336914];[];262.88201332092285
3600;[3.8026232719421387, 3.4328768253326416, 3.2126293182373047, 3.3230862617492676, 3.4231815338134766, 3.3591346740722656];[0.2806147038936615, 0.30598852038383484, 0.31911686062812805, 0.31334081292152405, 0.3171585202217102, 0.29782387614250183];[-2.371760606765747, -2.4891738891601562, -2.56323504447937, -2.618401288986206, -2.666161298751831, -2.6076154708862305];[];266.75297570228577
3650;[3.6040537357330322, 3.2723727226257324, 3.4409613609313965, 3.2658355236053467, 3.251373052597046, 3.3184945583343506];[0.32905858755111694, 0.335397332906723, 0.399611234664917, 0.4342758357524872, 0.450595885515213, 0.4798840284347534];[-2.367253303527832, -2.413632869720459, -2.6725993156433105, -2.8158206939697266, -2.8969509601593018, -3.0074942111968994];[];265.4463629722595
3650;[3.9039385318756104, 3.5454225540161133, 3.8045997619628906, 3.5652966499328613, 3.5538368225097656, 3.652435779571533];[0.2819233536720276, 0.280905157327652, 0.342886358499527, 0.40945085883140564, 0.43230140209198, 0.44383952021598816];[-2.3984806537628174, -2.3740956783294678, -2.716261625289917, -2.831148862838745, -2.951723098754883, -3.0941162109375];[];262.0061082839966
3700;[3.4668192863464355, 3.2551698684692383, 3.0090415477752686, 2.9710397720336914, 2.941999912261963, 3.0693721771240234];[0.3151703178882599, 0.3161681592464447, 0.3383151590824127, 0.4078626036643982, 0.4011460840702057, 0.43989264965057373];[-2.3159618377685547, -2.393444299697876, -2.4571611881256104, -2.8026392459869385, -2.774078845977783, -2.9542348384857178];[];264.26696729660034
3700;[3.7315499782562256, 3.5852737426757812, 3.3101766109466553, 3.266054391860962, 3.269533634185791, 3.4303691387176514];[0.27935782074928284, 0.2698521614074707, 0.3232416808605194, 0.4129294157028198, 0.4092918336391449, 0.4342687726020813];[-2.3402392864227295, -2.454016923904419, -2.546617269515991, -2.940823793411255, -2.955101251602173, -3.193103551864624];[];261.3559989929199
3750;[3.482247829437256, 3.338024139404297, 3.7785484790802, 4.40566873550415, 4.5894975662231445, 4.76304292678833];[0.3065694570541382, 0.2768038213253021, 0.4674234688282013, 0.6373283267021179, 0.7353050708770752, 0.8155396580696106];[-2.284390687942505, -2.2421131134033203, -2.911220073699951, -4.028064250946045, -4.830372333526611, -5.4516215324401855];[];262.3950865268707
3750;[3.748415470123291, 3.691704273223877, 4.221368312835693, 5.004652500152588, 5.244982719421387, 5.4265456199646];[0.26876410841941833, 0.2195463329553604, 0.4557630717754364, 0.626697301864624, 0.7324714064598083, 0.8044984936714172];[-2.310167074203491, -2.246614456176758, -2.9516680240631104, -4.2487592697143555, -5.194066047668457, -6.006586074829102];[];263.5565893650055
3800;[3.600064516067505, 3.346402883529663, 3.6526880264282227, 3.7082786560058594, 3.8287713527679443, 3.825981855392456];[0.33150729537010193, 0.31040558218955994, 0.45805665850639343, 0.4961940348148346, 0.565739095211029, 0.5967172980308533];[-2.3568997383117676, -2.345425844192505, -2.9044229984283447, -3.072967290878296, -3.38327693939209, -3.6952199935913086];[];284.25312399864197
3800;[3.8907296657562256, 3.6945621967315674, 4.085631370544434, 4.197863578796387, 4.335410118103027, 4.377015113830566];[0.2869584560394287, 0.24737364053726196, 0.44159799814224243, 0.4949936866760254, 0.5915231108665466, 0.6277415156364441];[-2.3923285007476807, -2.3411147594451904, -2.9856653213500977, -3.3143973350524902, -3.7441959381103516, -4.172385215759277];[];264.53944396972656
3850;[3.443544387817383, 2.7912402153015137, 2.670633316040039, 2.9883627891540527, 2.9003918170928955, 3.2845160961151123];[0.31437307596206665, 0.3103580176830292, 0.35099631547927856, 0.4625478684902191, 0.5050809979438782, 0.6237111687660217];[-2.3014731407165527, -2.4764320850372314, -2.6710286140441895, -3.2686266899108887, -3.6177964210510254, -4.3750457763671875];[];262.7567641735077
3850;[3.708805799484253, 3.068290948867798, 2.939049243927002, 3.3077468872070312, 3.2347991466522217, 3.6900854110717773];[0.28504887223243713, 0.2529048025608063, 0.3042783737182617, 0.41601577401161194, 0.49002015590667725, 0.6003905534744263];[-2.312957525253296, -2.417813539505005, -2.5912106037139893, -3.188586473464966, -3.5501670837402344, -4.425404071807861];[];263.8854982852936
3900;[3.4644718170166016, 3.087162494659424, 2.8895578384399414, 3.04091215133667, 2.9758403301239014, 2.9190170764923096];[0.3123462498188019, 0.28280797600746155, 0.2822292447090149, 0.32144367694854736, 0.32978492975234985, 0.324280321598053];[-2.3018577098846436, -2.312742233276367, -2.3478713035583496, -2.4396934509277344, -2.488701581954956, -2.45794677734375];[];265.4405837059021
3900;[3.733315944671631, 3.407672643661499, 3.18514347076416, 3.3510637283325195, 3.2495288848876953, 3.1702661514282227];[0.27100592851638794, 0.23496811091899872, 0.24776005744934082, 0.294673353433609, 0.3087098300457001, 0.30491191148757935];[-2.343334913253784, -2.40402889251709, -2.4470736980438232, -2.5100913047790527, -2.5386593341827393, -2.508585214614868];[];262.39960408210754
3950;[3.58546781539917, 3.446408987045288, 3.598304510116577, 3.701127052307129, 3.860464096069336, 3.7375521659851074];[0.32619619369506836, 0.3375725746154785, 0.38213083148002625, 0.43387627601623535, 0.48377588391304016, 0.4374961256980896];[-2.352548599243164, -2.398650884628296, -2.5369505882263184, -2.7174935340881348, -2.9049391746520996, -2.7328176498413086];[];259.80025124549866
3950;[3.8799641132354736, 3.6925482749938965, 3.8141961097717285, 3.8868319988250732, 3.9863734245300293, 3.8845481872558594];[0.2811836898326874, 0.28489062190055847, 0.31172361969947815, 0.36857113242149353, 0.41391870379447937, 0.36663633584976196];[-2.3879809379577637, -2.430762529373169, -2.5539848804473877, -2.650940418243408, -2.8065972328186035, -2.659996271133423];[];278.6596474647522
4000;[3.5525617599487305, 2.7123749256134033, 2.7869954109191895, 2.7487127780914307, 2.616683006286621, 2.72091007232666];[0.3097233474254608, 0.1989053189754486, 0.24150744080543518, 0.25143539905548096, 0.23667646944522858, 0.2798057794570923];[-2.3277790546417236, -2.015449285507202, -2.1523280143737793, -2.1968863010406494, -2.1196069717407227, -2.265383243560791];[];267.8079369068146
4000;[3.855945110321045, 2.9925131797790527, 3.0697391033172607, 3.0049636363983154, 2.8677115440368652, 2.963625431060791];[0.2650327682495117, 0.1294088512659073, 0.14794746041297913, 0.1541423499584198, 0.14248418807983398, 0.16837826371192932];[-2.363219976425171, -2.0439538955688477, -2.224026679992676, -2.2497200965881348, -2.1664822101593018, -2.334962844848633];[];267.5172379016876
4050;[3.6324286460876465, 3.241152763366699, 3.3931405544281006, 3.3516204357147217, 3.2581839561462402, 3.4508159160614014];[0.32001346349716187, 0.3630557954311371, 0.4276909828186035, 0.48296862840652466, 0.5319308638572693, 0.5365477800369263];[-2.3622324466705322, -2.5601158142089844, -2.8316471576690674, -3.044623374938965, -3.3926174640655518, -3.4366068840026855];[];265.028516292572
4050;[3.9497878551483154, 3.7047219276428223, 3.9114179611206055, 3.857339382171631, 3.767493486404419, 4.027418613433838];[0.26898321509361267, 0.3868883550167084, 0.45606768131256104, 0.528204083442688, 0.5990015268325806, 0.5724243521690369];[-2.407095432281494, -2.832916259765625, -3.2370381355285645, -3.510070562362671, -3.915907144546509, -4.086781024932861];[];261.354651927948
4100;[3.5195577144622803, 2.8419220447540283, 2.64911150932312, 2.880110502243042, 2.896028995513916, 3.0132055282592773];[0.32403647899627686, 0.27958977222442627, 0.29350653290748596, 0.36612170934677124, 0.4454829692840576, 0.5070141553878784];[-2.3528828620910645, -2.367779016494751, -2.4639718532562256, -2.8248965740203857, -3.2367217540740967, -3.6670830249786377];[];265.2044701576233
4100;[3.7937381267547607, 3.1599843502044678, 2.923290967941284, 3.2284812927246094, 3.2321689128875732, 3.375899076461792];[0.2773680090904236, 0.20544381439685822, 0.22665540874004364, 0.2985853850841522, 0.3934210538864136, 0.4690348505973816];[-2.3915657997131348, -2.3015296459198, -2.3106188774108887, -2.6822261810302734, -3.1122684478759766, -3.571722984313965];[];265.51692175865173
4150;[3.4983232021331787, 2.9233434200286865, 2.9845855236053467, 3.194044828414917, 3.028092861175537, 3.1848936080932617];[0.31140559911727905, 0.25279921293258667, 0.33337095379829407, 0.4014672338962555, 0.34531620144844055, 0.35622772574424744];[-2.2967817783355713, -2.114018201828003, -2.2725272178649902, -2.497534990310669, -2.3151652812957764, -2.4073374271392822];[];261.7089412212372
4150;[3.774582624435425, 3.104923725128174, 3.160144090652466, 3.4127964973449707, 3.304288625717163, 3.6152901649475098];[0.2728494703769684, 0.15855631232261658, 0.24204862117767334, 0.3294430673122406, 0.3107105493545532, 0.3598908483982086];[-2.322913408279419, -2.140468120574951, -2.3964922428131104, -2.8290159702301025, -2.687999963760376, -3.100975513458252];[];263.7530655860901
4200;[3.615165948867798, 2.732139825820923, 2.6603217124938965, 3.0776865482330322, 2.8774607181549072, 2.9024558067321777];[0.325962096452713, 0.21401159465312958, 0.3357902467250824, 0.4756486415863037, 0.42164841294288635, 0.4720364809036255];[-2.3615612983703613, -2.0331687927246094, -2.412153959274292, -3.090416669845581, -2.967099189758301, -3.308340311050415];[];264.3482801914215
4200;[3.92155122756958, 2.981182098388672, 2.788347005844116, 3.171039342880249, 2.946676254272461, 2.953047037124634];[0.2764778435230255, 0.13840223848819733, 0.19902728497982025, 0.2729756534099579, 0.22271046042442322, 0.26102977991104126];[-2.4054925441741943, -2.0527238845825195, -2.417116403579712, -3.095714807510376, -2.921985626220703, -3.2771193981170654];[];267.74221897125244
4250;[3.504371166229248, 2.73034405708313, 2.694709300994873, 2.5914738178253174, 2.4932568073272705, 2.5179591178894043];[0.3298569917678833, 0.213074192404747, 0.19790373742580414, 0.22211380302906036, 0.25674065947532654, 0.2555145025253296];[-2.330456495285034, -2.0498104095458984, -2.0181031227111816, -2.1908252239227295, -2.359438180923462, -2.389758586883545];[];266.06810212135315
4250;[3.752617597579956, 2.946425676345825, 2.9244072437286377, 2.812959909439087, 2.652810573577881, 2.761892557144165];[0.29473990201950073, 0.14409610629081726, 0.13212981820106506, 0.1485130786895752, 0.1588405966758728, 0.16019099950790405];[-2.33502197265625, -2.0988659858703613, -2.058394193649292, -2.287825107574463, -2.311556816101074, -2.466602087020874];[];271.5039441585541
4300;[3.504781484603882, 3.6915228366851807, 3.6597020626068115, 3.6694724559783936, 3.896592617034912, 3.9540722370147705];[0.32207801938056946, 0.39465832710266113, 0.44554823637008667, 0.4641198217868805, 0.5311923027038574, 0.5546889901161194];[-2.332275867462158, -2.5905487537384033, -2.7383198738098145, -2.8537707328796387, -3.117424249649048, -3.2377278804779053];[];294.3661091327667
4300;[3.7865755558013916, 4.065305233001709, 4.022502422332764, 4.053435802459717, 4.277320384979248, 4.340182304382324];[0.2860933542251587, 0.356609046459198, 0.4136326313018799, 0.4445759952068329, 0.4957089126110077, 0.5236732959747314];[-2.351731061935425, -2.661656379699707, -2.824629306793213, -2.9310667514801025, -3.21572208404541, -3.3228344917297363];[];264.623596906662
4350;[3.569746494293213, 3.2000787258148193, 3.0564372539520264, 3.0788962841033936, 3.235945701599121, 3.2250993251800537];[0.31925487518310547, 0.32957541942596436, 0.35385051369667053, 0.3809569776058197, 0.41170305013656616, 0.44489648938179016];[-2.3597261905670166, -2.4447996616363525, -2.5330605506896973, -2.654831886291504, -2.7179505825042725, -2.9329121112823486];[];267.12369418144226
4350;[3.8680508136749268, 3.540644645690918, 3.364655017852783, 3.42795467376709, 3.614560842514038, 3.613386392593384];[0.2734609544277191, 0.31188786029815674, 0.35072797536849976, 0.3948364853858948, 0.4119483530521393, 0.44918638467788696];[-2.4004716873168945, -2.563007116317749, -2.6645758152008057, -2.8124279975891113, -2.945309638977051, -3.162714958190918];[];273.1042757034302
4400;[3.4525392055511475, 3.5249452590942383, 3.561652660369873, 3.534423351287842, 3.542984962463379, 3.4690871238708496];[0.3177182376384735, 0.40578752756118774, 0.4313148558139801, 0.47078871726989746, 0.46583399176597595, 0.48115256428718567];[-2.304236650466919, -2.5976672172546387, -2.760524034500122, -2.8635244369506836, -2.8793222904205322, -2.9073402881622314];[];290.7453532218933
4400;[3.7080302238464355, 3.845492362976074, 3.945424795150757, 3.9062881469726562, 3.9545741081237793, 3.819509744644165];[0.2818466126918793, 0.38399481773376465, 0.41067156195640564, 0.470477819442749, 0.44134461879730225, 0.45750898122787476];[-2.3251590728759766, -2.6575424671173096, -2.84477162361145, -2.9901342391967773, -3.0491063594818115, -3.017904281616211];[];281.27117919921875
4450;[3.5284180641174316, 3.313910484313965, 3.4047069549560547, 3.580733060836792, 3.793137311935425, 3.994342565536499];[0.31731343269348145, 0.32251083850860596, 0.42198267579078674, 0.48452621698379517, 0.522523045539856, 0.5857159495353699];[-2.3430726528167725, -2.3584139347076416, -2.7471752166748047, -3.0492565631866455, -3.209949493408203, -3.5647120475769043];[];265.01467871665955
4450;[3.813420295715332, 3.6087708473205566, 3.7561869621276855, 3.97430682182312, 4.231512069702148, 4.450544834136963];[0.2757923901081085, 0.2642742991447449, 0.38414251804351807, 0.45126399397850037, 0.4853106141090393, 0.5575262308120728];[-2.373852014541626, -2.327681064605713, -2.742302894592285, -3.1080703735351562, -3.2941083908081055, -3.6685688495635986];[];275.65090775489807
4500;[3.500138282775879, 3.449031114578247, 3.3741261959075928, 3.2624545097351074, 3.38840651512146, 3.4390883445739746];[0.31618010997772217, 0.3747295141220093, 0.3374690115451813, 0.35712575912475586, 0.38559627532958984, 0.4201143682003021];[-2.331855058670044, -2.4568111896514893, -2.4232234954833984, -2.4662575721740723, -2.5144035816192627, -2.681975841522217];[];261.9572253227234
4500;[3.786454200744629, 3.6969754695892334, 3.6970765590667725, 3.5469274520874023, 3.6494698524475098, 3.713743209838867];[0.28175580501556396, 0.35458794236183167, 0.3067586421966553, 0.3436812162399292, 0.3605448305606842, 0.3945596516132355];[-2.3436150550842285, -2.491330623626709, -2.5251739025115967, -2.5158605575561523, -2.5780880451202393, -2.7332117557525635];[];264.7131607532501
4550;[3.5541250705718994, 3.1987926959991455, 2.780568838119507, 2.619229793548584, 2.550342082977295, 2.7065908908843994];[0.3079734742641449, 0.2562844157218933, 0.2875271439552307, 0.27188026905059814, 0.3042939007282257, 0.3641728162765503];[-2.3404881954193115, -2.1629128456115723, -2.201155662536621, -2.240938186645508, -2.446054458618164, -2.764394760131836];[];289.9654757976532
4550;[3.8684611320495605, 3.4077022075653076, 3.0093958377838135, 2.906205892562866, 2.819246768951416, 2.985323429107666];[0.2613717317581177, 0.18287141621112823, 0.181292325258255, 0.18102051317691803, 0.1969004124403, 0.23153705894947052];[-2.381274461746216, -2.238420248031616, -2.317366361618042, -2.4879279136657715, -2.7012486457824707, -3.089272975921631];[];290.73446440696716
4600;[3.388485908508301, 3.6385676860809326, 3.484687089920044, 3.3540561199188232, 3.380385398864746, 3.556168556213379];[0.31729334592819214, 0.3993177115917206, 0.39644497632980347, 0.37411367893218994, 0.3931281864643097, 0.4404454827308655];[-2.312394618988037, -2.6078431606292725, -2.5912623405456543, -2.503230571746826, -2.5775163173675537, -2.735145330429077];[];294.0431113243103
4600;[3.6317100524902344, 3.9440526962280273, 3.7639529705047607, 3.6445631980895996, 3.6697325706481934, 3.8527441024780273];[0.28495585918426514, 0.3551645576953888, 0.3652733862400055, 0.33843016624450684, 0.355403870344162, 0.40672001242637634];[-2.3233842849731445, -2.693154811859131, -2.635906219482422, -2.5707709789276123, -2.651409149169922, -2.816007137298584];[];264.3195753097534
4650;[3.4914193153381348, 3.5380682945251465, 3.7077677249908447, 3.738792896270752, 3.6613097190856934, 3.748563766479492];[0.3150293827056885, 0.3489021062850952, 0.403969407081604, 0.4477284848690033, 0.4543176591396332, 0.46661677956581116];[-2.3236377239227295, -2.400700569152832, -2.6246442794799805, -2.7694878578186035, -2.7740375995635986, -2.851958990097046];[];267.36315155029297
4650;[3.7661333084106445, 3.8431951999664307, 4.075525760650635, 4.09385347366333, 4.002874374389648, 4.139159202575684];[0.276370644569397, 0.30791279673576355, 0.3614555895328522, 0.41121551394462585, 0.40939006209373474, 0.41663190722465515];[-2.3409042358398438, -2.4280879497528076, -2.6802773475646973, -2.7820801734924316, -2.811444044113159, -2.896883249282837];[];260.8041877746582
4700;[3.5076494216918945, 2.974891185760498, 2.868042469024658, 3.2998440265655518, 3.9317290782928467, 4.729671955108643];[0.32202816009521484, 0.22105053067207336, 0.217863529920578, 0.36992353200912476, 0.5905954837799072, 0.8006442785263062];[-2.3289403915405273, -2.0849926471710205, -2.068970203399658, -2.63985013961792, -3.862154245376587, -5.676333427429199];[];261.34358954429626
4700;[3.7828967571258545, 3.2225382328033447, 3.035146713256836, 3.3088316917419434, 3.6249499320983887, 4.194816589355469];[0.28003156185150146, 0.14659707248210907, 0.15985563397407532, 0.24870724976062775, 0.3979063630104065, 0.6002897024154663];[-2.364377737045288, -2.1266157627105713, -2.090489149093628, -2.441060781478882, -3.036264657974243, -4.218718528747559];[];262.260618686676
4750;[3.493110179901123, 2.939542055130005, 3.074333429336548, 3.3577420711517334, 3.3857061862945557, 3.476194143295288];[0.32312458753585815, 0.22491556406021118, 0.3305188715457916, 0.4061184227466583, 0.44467124342918396, 0.4646086096763611];[-2.340907335281372, -2.0906574726104736, -2.4145336151123047, -2.7250821590423584, -2.9133262634277344, -3.044548988342285];[];265.85285568237305
4750;[3.760512113571167, 3.200134754180908, 3.319410562515259, 3.6326262950897217, 3.666574001312256, 3.7546377182006836];[0.28784966468811035, 0.1796475350856781, 0.31290316581726074, 0.3806686997413635, 0.4286331832408905, 0.44258174300193787];[-2.343585968017578, -2.1043620109558105, -2.430513858795166, -2.758471965789795, -2.920820713043213, -3.068455219268799];[];282.28108167648315
4800;[3.675821542739868, 2.8963100910186768, 3.1514828205108643, 3.1463217735290527, 3.234337568283081, 3.5579261779785156];[0.32509845495224, 0.2551928758621216, 0.3677641749382019, 0.40041375160217285, 0.46982696652412415, 0.6099898815155029];[-2.386042594909668, -2.200709581375122, -2.6365487575531006, -2.8340375423431396, -3.2197647094726562, -4.0379486083984375];[];260.37923765182495
4800;[4.009711742401123, 3.1861555576324463, 3.4832212924957275, 3.4867005348205566, 3.5434529781341553, 3.765763759613037];[0.2729131281375885, 0.21326500177383423, 0.33165010809898376, 0.37052014470100403, 0.44963160157203674, 0.545211911201477];[-2.436307191848755, -2.244762420654297, -2.701312780380249, -2.874394416809082, -3.1955883502960205, -3.810455560684204];[];263.41736578941345
4850;[3.557636260986328, 3.39042329788208, 3.484560251235962, 3.620227813720703, 3.648411750793457, 3.544752359390259];[0.3118250072002411, 0.3557177484035492, 0.40641704201698303, 0.4606776237487793, 0.5045167803764343, 0.4779095947742462];[-2.3486292362213135, -2.413437843322754, -2.605687141418457, -2.818814277648926, -3.032799243927002, -2.9763622283935547];[];263.01237058639526
4850;[3.865370988845825, 3.6445348262786865, 3.744868278503418, 3.9099254608154297, 3.932716131210327, 3.852426767349243];[0.2654394209384918, 0.3260391354560852, 0.3654555082321167, 0.4198191165924072, 0.46654269099235535, 0.43789875507354736];[-2.384904623031616, -2.4396517276763916, -2.654144048690796, -2.876215934753418, -3.084484100341797, -3.043895959854126];[];268.38102102279663
4900;[3.564361333847046, 2.727442741394043, 2.671248435974121, 2.801901340484619, 2.949993371963501, 3.021221876144409];[0.3264492452144623, 0.22928519546985626, 0.32952576875686646, 0.4334884285926819, 0.5167330503463745, 0.5971167087554932];[-2.3481202125549316, -2.132298231124878, -2.6014223098754883, -3.1400678157806396, -3.7312514781951904, -4.191218376159668];[];264.2334668636322
4900;[3.849071979522705, 2.997938394546509, 2.981344223022461, 3.1274726390838623, 3.316406011581421, 3.3594858646392822];[0.2822108268737793, 0.17487135529518127, 0.314704030752182, 0.43568792939186096, 0.5202337503433228, 0.6082388162612915];[-2.3816041946411133, -2.1581223011016846, -2.653324842453003, -3.2253177165985107, -3.920675277709961, -4.395345687866211];[];262.51669931411743
4950;[3.669503927230835, 3.651043653488159, 3.8511781692504883, 3.865042209625244, 3.7035562992095947, 3.8607900142669678];[0.33433979749679565, 0.3915540277957916, 0.4557378888130188, 0.49452269077301025, 0.4793148636817932, 0.4925059974193573];[-2.3873438835144043, -2.563830852508545, -2.7676854133605957, -2.9451963901519775, -2.821643352508545, -2.9325525760650635];[];265.0225079059601
4950;[3.986457586288452, 3.994960069656372, 4.217817783355713, 4.222271919250488, 4.052571773529053, 4.248979091644287];[0.28340497612953186, 0.3566475212574005, 0.42736896872520447, 0.4712983965873718, 0.4703921973705292, 0.4680706262588501];[-2.4314661026000977, -2.664065361022949, -2.9130983352661133, -3.0844571590423584, -2.963141441345215, -3.091614246368408];[];263.9211187362671
5000;[3.515542984008789, 2.8855531215667725, 2.6964359283447266, 2.463096857070923, 2.5672757625579834, 2.437065362930298];[0.31484517455101013, 0.2318911999464035, 0.20676377415657043, 0.17932893335819244, 0.20444323122501373, 0.2366466522216797];[-2.318916082382202, -2.0885164737701416, -2.0513787269592285, -2.0002317428588867, -2.1372275352478027, -2.284193754196167];[];267.3584899902344
5000;[3.8120102882385254, 3.137845277786255, 2.9292588233947754, 2.682465076446533, 2.7791123390197754, 2.5574288368225098];[0.276386022567749, 0.13840314745903015, 0.13703389465808868, 0.1250542402267456, 0.14286495745182037, 0.16385912895202637];[-2.3439841270446777, -2.1333863735198975, -2.106314182281494, -2.0567052364349365, -2.1392083168029785, -2.1510260105133057];[];265.5636956691742
